2.374039742091349145e-02 6.364387925714254379e-03
4.736832031633308321e-02 6.097257602959871292e-03
6.846805405866014660e-02 5.844330415129661560e-03
9.451222445055411370e-02 5.650469567626714706e-03
1.136286860934795223e-01 5.498358979821205139e-03
1.366117280424966329e-01 5.364804528653621674e-03
1.642434219771199688e-01 5.240479484200477600e-03
1.885766797500710024e-01 5.124173127114772797e-03
2.067702176470289366e-01 5.015955772250890732e-03
2.374039742091349214e-01 4.914725665003061295e-03
2.603082813980555077e-01 4.818766843527555466e-03
2.725762327459708700e-01 4.726895131170749664e-03
2.988738959928071148e-01 4.638636019080877304e-03
3.277087103524789491e-01 4.553575534373521805e-03
3.431531460550240054e-01 4.471371881663799286e-03
3.762599425872716896e-01 4.391691181808710098e-03
3.939925273711246678e-01 4.314390011131763458e-03
4.125608231290300298e-01 4.239333327859640121e-03
4.320042157057852328e-01 4.166317638009786606e-03
4.736832031633308460e-01 4.095125012099742889e-03
4.960072047645178728e-01 4.025826230645179749e-03
5.193833041478548296e-01 3.957984969019889832e-03
5.438610851542219349e-01 3.891667118296027184e-03
5.694924684389270908e-01 3.795288503170013428e-03
5.963318216023762997e-01 3.702022135257720947e-03
6.244360745110443256e-01 3.641750197857618332e-03
6.538648400533531024e-01 3.582773031666874886e-03
6.846805405866013272e-01 3.496984019875526428e-03
7.169485403431529180e-01 3.413695376366376877e-03
7.507372840767374544e-01 3.333187429234385490e-03
7.861184422429497998e-01 3.254789160564541817e-03
8.231670630218950180e-01 3.179196501150727272e-03
8.619617315054403095e-01 3.081812988966703415e-03
9.025847363867310902e-01 3.011300228536128998e-03
9.451222445055416088e-01 2.943119965493679047e-03
9.896644836196951678e-01 2.855248749256134033e-03
1.036305933790234501e+00 2.770925872027873993e-03
1.085145527786299802e+00 2.689696149900555611e-03
1.136286860934794696e+00 2.592530334368348122e-03
1.189838410859966222e+00 2.499729394912719727e-03
1.245913767578986198e+00 2.428501378744840622e-03
1.304631874441609662e+00 2.343317493796348572e-03
1.366117280424966163e+00 2.246238524094223976e-03
1.430500404318638674e+00 2.154703484848141670e-03
1.497917811360400808e+00 2.068069064989686012e-03
1.568512502909397810e+00 1.986145041882991791e-03
1.642434219771200077e+00 1.908554229885339737e-03
1.719839759818128755e+00 1.834662514738738537e-03
1.800893310578565165e+00 1.753342105075716972e-03
1.885766797500710190e+00 1.666146214120090008e-03
1.974640248629512929e+00 1.585097867064177990e-03
2.067702176470289199e+00 1.509104622527956963e-03
2.165149977849019081e+00 1.437737373635172844e-03
2.267190352617480364e+00 1.370701356790959835e-03
2.374039742091349048e+00 1.300376490689814091e-03
2.485924788151246734e+00 1.227680011652410030e-03
2.603082813980555077e+00 1.160382991656661034e-03
2.725762327459708700e+00 1.092065940611064434e-03
2.854223548284725354e+00 1.029253005981445312e-03
2.988738959928070926e+00 9.716748609207570553e-04
3.129593887612636571e+00 9.098548325709998608e-04
3.277087103524790379e+00 8.536775130778551102e-04
3.431531460550241608e+00 8.026147843338549137e-04
3.593254555876957745e+00 7.519645732827484608e-04
3.762599425872718673e+00 7.058490300551056862e-04
3.939925273711248010e+00 6.607947871088981628e-04
4.125608231290302186e+00 6.175057496875524521e-04
4.320042157057854659e+00 5.762626533396542072e-04
4.523639471438666959e+00 5.368532729335129261e-04
4.736832031633308127e+00 5.020054522901773453e-04
4.960072047645175175e+00 4.686856118496507406e-04
5.193833041478544743e+00 4.359771555755287409e-04
5.438610851542216906e+00 4.064142121933400631e-04
5.694924684389268243e+00 3.784268628805875778e-04
5.963318216023761664e+00 3.508909139782190323e-04
6.244360745110442146e+00 3.261858364567160606e-04
6.538648400533531024e+00 3.029768704436719418e-04
6.846805405866013494e+00 2.808481222018599510e-04
7.169485403431528958e+00 2.590860822238028049e-04
7.507372840767374989e+00 2.385201369179412723e-04
7.861184422429498220e+00 2.212615509051829576e-04
8.231670630218948403e+00 2.047632588073611259e-04
8.619617315054401985e+00 1.885350502561777830e-04
9.025847363867310236e+00 1.741180312819778919e-04
9.451222445055416088e+00 1.615787914488464594e-04
9.896644836196950124e+00 1.507925771875306964e-04
1.036305933790234590e+01 1.410945260431617498e-04
1.085145527786299979e+01 1.323999167652800679e-04
1.136286860934795584e+01 1.232952054124325514e-04
1.189838410859966977e+01 1.152526383521035314e-04
1.245913767578986686e+01 1.076845146599225700e-04
1.304631874441610329e+01 1.003577781375497580e-04
1.366117280424967007e+01 9.350362233817577362e-05
1.430500404318639163e+01 8.776003960520029068e-05
1.497917811360400897e+01 8.243804040830582380e-05
1.568512502909397099e+01 7.660790288355201483e-05
1.642434219771199366e+01 7.134207407943904400e-05
1.719839759818128044e+01 6.602096982533112168e-05
1.800893310578564055e+01 6.114738789619877934e-05
1.885766797500709657e+01 5.727825191570445895e-05
1.974640248629512840e+01 5.344762394088320434e-05
2.067702176470289288e+01 5.021463584853336215e-05
2.165149977849018725e+01 4.767286736750975251e-05
2.267190352617480542e+01 4.427052772371098399e-05
2.374039742091349581e+01 3.972830381826497614e-05
2.485924788151246645e+01 3.594836744014173746e-05
2.603082813980554988e+01 3.298998854006640613e-05
2.725762327459708345e+01 3.152841236442327499e-05
2.854223548284724998e+01 3.086332799284718931e-05
2.988738959928070926e+01 2.928406865976285189e-05
3.129593887612636749e+01 2.543119808251503855e-05
3.277087103524790734e+01 2.265344119223300368e-05
3.431531460550241519e+01 2.055287768598645926e-05
3.593254555876957568e+01 1.942192466231063008e-05
3.762599425872718228e+01 1.782404615369159728e-05
3.939925273711248366e+01 1.702928602753672749e-05
4.125608231290302541e+01 1.516636802989523858e-05
4.320042157057854126e+01 1.327163408859632909e-05
4.523639471438667670e+01 1.222737046191468835e-05
4.736832031633310436e+01 1.138035531766945496e-05
4.960072047645179083e+01 8.964459993876516819e-06
5.193833041478545454e+01 8.645157322462182492e-06
5.438610851542216551e+01 8.227710168284829706e-06
5.694924684389268066e+01 7.675165761611424387e-06
5.963318216023762375e+01 6.785552614019252360e-06
6.244360745110442679e+01 6.666454737569438294e-06
6.538648400533530491e+01 5.371272436605067924e-06
6.846805405866012961e+01 4.257882665115175769e-06
7.169485403431528425e+01 3.930296770704444498e-06
7.507372840767374100e+01 2.112706397383590229e-06
7.861184422429498397e+01 2.250333182018948719e-06
8.231670630218950180e+01 2.717695224419003353e-06
8.619617315054402695e+01 2.125129867636132985e-06
9.025847363867310946e+01 2.011287733694189228e-06
9.451222445055417154e+01 1.457037001273420174e-06
9.896644836196954031e+01 2.490669146482105134e-07
1.036305933790234661e+02 1.114980932470643893e-06
1.085145527786299908e+02 1.169316192317637615e-06
1.136286860934795442e+02 1.098205075322766788e-06
1.189838410859966729e+02 3.699662158851424465e-07
1.245913767578986722e+02 3.961958157105982536e-07
1.304631874441610364e+02 -3.475059351387699280e-09
1.366117280424967078e+02 5.185584655009733979e-07
1.430500404318639198e+02 4.317140280818421161e-07
1.497917811360401572e+02 1.478905176099942764e-07
1.568512502909396744e+02 1.293546006309043150e-06
1.642434219771199082e+02 -2.452457437129851314e-08
1.719839759818127902e+02 -1.357574888061208185e-07
1.800893310578564126e+02 -1.531362386231194250e-06
1.885766797500709799e+02 -9.409839663021557499e-07
1.974640248629512769e+02 -7.043192340461246204e-07
2.067702176470289146e+02 -7.428392336805700324e-07
2.165149977849018796e+02 -1.317369310527283233e-06
2.267190352617481608e+02 2.522662725823465735e-06
