2.374039742091349145e-02 6.362393032759428024e-03
4.736832031633308321e-02 6.094750016927719116e-03
6.846805405866014660e-02 5.841512233018875122e-03
9.451222445055411370e-02 5.647297948598861694e-03
1.136286860934795223e-01 5.494954064488410950e-03
1.366117280424966329e-01 5.361377727240324020e-03
1.642434219771199688e-01 5.237057339400053024e-03
1.885766797500710024e-01 5.120838992297649384e-03
2.067702176470289366e-01 5.012835375964641571e-03
2.374039742091349214e-01 4.911821335554122925e-03
2.603082813980555077e-01 4.816018510609865189e-03
2.725762327459708700e-01 4.724336788058280945e-03
2.988738959928071148e-01 4.636310040950775146e-03
3.277087103524789491e-01 4.551507998257875443e-03
3.431531460550240054e-01 4.469678271561861038e-03
3.762599425872716896e-01 4.390283487737178802e-03
3.939925273711246678e-01 4.313237033784389496e-03
4.125608231290300298e-01 4.238367546349763870e-03
4.320042157057852328e-01 4.165491554886102676e-03
4.736832031633308460e-01 4.094481933861970901e-03
4.960072047645178728e-01 4.025336820632219315e-03
5.193833041478548296e-01 3.957833629101514816e-03
5.438610851542219349e-01 3.891784697771072388e-03
5.694924684389270908e-01 3.795676399022340775e-03
5.963318216023762997e-01 3.702528076246380806e-03
6.244360745110443256e-01 3.642219584435224533e-03
6.538648400533531024e-01 3.583300160244107246e-03
6.846805405866013272e-01 3.497434780001640320e-03
7.169485403431529180e-01 3.414188046008348465e-03
7.507372840767374544e-01 3.333921544253826141e-03
7.861184422429497998e-01 3.255782183259725571e-03
8.231670630218950180e-01 3.180418629199266434e-03
8.619617315054403095e-01 3.083302173763513565e-03
9.025847363867310902e-01 3.012987319380044937e-03
9.451222445055416088e-01 2.945158630609512329e-03
9.896644836196951678e-01 2.857908839359879494e-03
1.036305933790234501e+00 2.773852553218603134e-03
1.085145527786299802e+00 2.693001413717865944e-03
1.136286860934794696e+00 2.596537116914987564e-03
1.189838410859966222e+00 2.504241187125444412e-03
1.245913767578986198e+00 2.433524001389741898e-03
1.304631874441609662e+00 2.348905196413397789e-03
1.366117280424966163e+00 2.251732395961880684e-03
1.430500404318638674e+00 2.160094678401947021e-03
1.497917811360400808e+00 2.073643496260046959e-03
1.568512502909397810e+00 1.991708064451813698e-03
1.642434219771200077e+00 1.913638319820165634e-03
1.719839759818128755e+00 1.839419477619230747e-03
1.800893310578565165e+00 1.757449237629771233e-03
1.885766797500710190e+00 1.669661724008619785e-03
1.974640248629512929e+00 1.588244806043803692e-03
2.067702176470289199e+00 1.512308139353990555e-03
2.165149977849019081e+00 1.441226340830326080e-03
2.267190352617480364e+00 1.374954241327941418e-03
2.374039742091349048e+00 1.305485260672867298e-03
2.485924788151246734e+00 1.233808579854667187e-03
2.603082813980555077e+00 1.167632639408111572e-03
2.725762327459708700e+00 1.100679277442395687e-03
2.854223548284725354e+00 1.039185328409075737e-03
2.988738959928070926e+00 9.822185384109616280e-04
3.129593887612636571e+00 9.198794141411781311e-04
3.277087103524790379e+00 8.628878276795148849e-04
3.431531460550241608e+00 8.105012821033596992e-04
3.593254555876957745e+00 7.597837247885763645e-04
3.762599425872718673e+00 7.133734179660677910e-04
3.939925273711248010e+00 6.680620717816054821e-04
4.125608231290302186e+00 6.246798438951373100e-04
4.320042157057854659e+00 5.823366809636354446e-04
4.523639471438666959e+00 5.425084964372217655e-04
4.736832031633308127e+00 5.071794148534536362e-04
4.960072047645175175e+00 4.740298318210989237e-04
5.193833041478544743e+00 4.410170658957213163e-04
5.438610851542216906e+00 4.112864262424409389e-04
5.694924684389268243e+00 3.829670313280075788e-04
5.963318216023761664e+00 3.555225848685950041e-04
6.244360745110442146e+00 3.304157580714672804e-04
6.538648400533531024e+00 3.069601370953023434e-04
6.846805405866013494e+00 2.852595061995089054e-04
7.169485403431528958e+00 2.645939239300787449e-04
7.507372840767374989e+00 2.446082653477787971e-04
7.861184422429498220e+00 2.272499987157061696e-04
8.231670630218948403e+00 2.107060281559824944e-04
8.619617315054401985e+00 1.960044610314071178e-04
9.025847363867310236e+00 1.823383645387366414e-04
9.451222445055416088e+00 1.695759856374934316e-04
9.896644836196950124e+00 1.579775562277063727e-04
1.036305933790234590e+01 1.465478417230769992e-04
1.085145527786299979e+01 1.370021927868947387e-04
1.136286860934795584e+01 1.286029873881489038e-04
1.189838410859966977e+01 1.192645504488609731e-04
1.245913767578986686e+01 1.093521932489238679e-04
1.304631874441610329e+01 1.007782557280734181e-04
1.366117280424967007e+01 9.421938739251345396e-05
1.430500404318639163e+01 8.909566531656309962e-05
1.497917811360400897e+01 8.270575199276208878e-05
1.568512502909397099e+01 7.585123239550739527e-05
1.642434219771199366e+01 7.088795246090739965e-05
1.719839759818128044e+01 6.653716991422697902e-05
1.800893310578564055e+01 6.270938320085406303e-05
1.885766797500709657e+01 5.754136873292736709e-05
1.974640248629512840e+01 5.344309829524718225e-05
2.067702176470289288e+01 5.030479587730951607e-05
2.165149977849018725e+01 4.744646867038682103e-05
2.267190352617480542e+01 4.416501178639009595e-05
2.374039742091349581e+01 4.093985262443311512e-05
2.485924788151246645e+01 3.779108737944625318e-05
2.603082813980554988e+01 3.488234506221488118e-05
2.725762327459708345e+01 3.295981150586158037e-05
2.854223548284724998e+01 3.062234827666543424e-05
2.988738959928070926e+01 2.854231024684850127e-05
3.129593887612636749e+01 2.567536648712120950e-05
3.277087103524790734e+01 2.387491804256569594e-05
3.431531460550241519e+01 2.189322003687266260e-05
3.593254555876957568e+01 2.003473673539701849e-05
3.762599425872718228e+01 1.742073618515860289e-05
3.939925273711248366e+01 1.554953269078396261e-05
4.125608231290302541e+01 1.467233141738688573e-05
4.320042157057854126e+01 1.453334789403015748e-05
4.523639471438667670e+01 1.334805801889160648e-05
4.736832031633310436e+01 1.185427481686929241e-05
4.960072047645179083e+01 1.177030753751751035e-05
5.193833041478545454e+01 1.018326838675420731e-05
5.438610851542216551e+01 9.733541446621529758e-06
5.694924684389268066e+01 8.871366844687145203e-06
5.963318216023762375e+01 7.846399057598318905e-06
6.244360745110442679e+01 7.754129910608753562e-06
6.538648400533530491e+01 5.821802460559410974e-06
6.846805405866012961e+01 4.958186764270067215e-06
7.169485403431528425e+01 3.311069349365425296e-06
7.507372840767374100e+01 3.398924945940962061e-06
7.861184422429498397e+01 3.910937721229856834e-06
8.231670630218950180e+01 3.297991042927606031e-06
8.619617315054402695e+01 1.975766963369096629e-06
9.025847363867310946e+01 1.268050482394755818e-06
9.451222445055417154e+01 1.004996533993107732e-06
9.896644836196954031e+01 2.179511056965566240e-06
1.036305933790234661e+02 2.139849584636976942e-06
1.085145527786299908e+02 1.714706627353734802e-06
1.136286860934795442e+02 5.874587714060908183e-07
1.189838410859966729e+02 1.330900772700260859e-06
1.245913767578986722e+02 1.115938630391610786e-06
1.304631874441610364e+02 4.999828888685442507e-07
1.366117280424967078e+02 1.674409759289119393e-06
1.430500404318639198e+02 1.543760618005762808e-06
1.497917811360401572e+02 5.929483108957356308e-07
1.568512502909396744e+02 6.107155741119640879e-07
1.642434219771199082e+02 -1.464587597865829594e-07
1.719839759818127902e+02 6.296760375334997661e-07
1.800893310578564126e+02 8.290092523566272575e-07
1.885766797500709799e+02 -6.957404252716514748e-07
1.974640248629512769e+02 -1.099501787393819541e-06
2.067702176470289146e+02 -1.802529709493683185e-06
2.165149977849018796e+02 3.512106445668905508e-07
2.267190352617481608e+02 1.042840722220716998e-06
