4.373462052840339311e+04 5.732479101648406232e-03
8.663872712536182371e+04 2.965112841231504811e-03
1.297612777633432561e+05 1.844091286891413146e-03
1.716321977237225219e+05 1.093341511407598622e-03
2.133352955044680566e+05 1.173910879287311379e-03
2.570584081843183085e+05 8.290088819951705853e-04
3.002659346223525354e+05 6.865279984912981423e-04
3.400051255699007888e+05 6.253515116365536636e-04
3.850036653648362262e+05 5.715810645703904179e-04
4.359576112151437555e+05 5.177881650263169763e-04
4.785516459628613084e+05 4.171866562826795680e-04
5.092353154750026879e+05 3.420341402455442481e-04
5.589887460015383549e+05 3.710031547088100110e-04
5.948298638579142280e+05 3.202012771211165199e-04
6.529460734121515416e+05 3.292958546669424807e-04
6.948115265870502917e+05 2.909401121885089739e-04
7.393612997095065657e+05 2.921888164124947121e-04
7.867675054173744284e+05 2.612936000800901719e-04
8.115985541599235730e+05 2.112351075299359301e-04
8.636364523104346590e+05 1.887687827271494452e-04
8.908935501131545752e+05 1.791336754560176909e-04
9.480156674285588088e+05 1.963501071870532349e-04
9.779358447166774422e+05 1.742477801395111926e-04
1.040638920793219935e+06 1.794493808216198263e-04
1.073482366395237856e+06 1.779517691975007288e-04
1.107362378953822656e+06 1.827934243658322386e-04
1.178363997175473720e+06 1.791089255196278763e-04
1.215554162820161553e+06 1.662980479110251356e-04
1.253918081586970249e+06 1.723618991091227916e-04
1.293492798118421575e+06 1.580653372123531593e-04
1.334316526217329316e+06 1.522490381110616414e-04
1.376428685746484902e+06 1.346834134483011465e-04
1.419869940692930249e+06 1.355813633508569317e-04
1.464682238433575025e+06 1.314083791956585829e-04
1.510908850240065483e+06 1.384838223767127438e-04
1.558594413062029285e+06 1.325507248013853290e-04
1.607784972629023949e+06 1.310091066911665272e-04
1.658528027912823018e+06 1.256555177671361476e-04
1.710872576992975082e+06 1.181892327970089949e-04
1.764869164369910955e+06 1.216680327496755585e-04
1.820569929771302268e+06 1.091307635471981587e-04
1.878028658498780802e+06 1.094695573040058460e-04
1.937300833363641519e+06 1.070189807431639516e-04
1.998443688261691248e+06 1.108411433978771278e-04
2.061516263438955182e+06 1.098039503643162069e-04
2.126579462501626462e+06 1.056872498592692673e-04
2.193696111225280445e+06 1.121999511431883947e-04
2.262931018220172729e+06 1.090142052932638577e-04
2.334351037511188537e+06 1.080993403846430617e-04
2.408025133092843927e+06 1.080242094577418897e-04
2.484024445521734189e+06 1.063880663981493199e-04
2.562422360610658303e+06 1.008822275305053289e-04
2.643294580290812068e+06 9.748425030011443324e-05
2.726719195710458793e+06 9.495939392840917626e-05
2.812776762640621979e+06 9.621489739963107060e-05
2.901550379260679241e+06 9.107175893659366032e-05
2.993125766398919281e+06 9.322459982979758092e-05
3.087591350305570289e+06 9.386184468388315653e-05
3.185038348038198892e+06 9.198975382570890246e-05
3.285560855541952420e+06 8.926920940089256955e-05
3.389255938509691972e+06 9.038028786359961447e-05
3.496223726109744050e+06 9.096760417752610892e-05
3.606567507671786007e+06 8.702401189141021872e-05
3.720393832424212713e+06 8.493156102545622516e-05
3.837812612379289698e+06 8.599737529350946850e-05
3.958937228465472348e+06 8.729228016390356854e-05
4.083884640009329189e+06 8.615882154919729443e-05
4.212775497672830708e+06 8.645948632854620738e-05
4.345734259955013171e+06 8.588262909404235066e-05
4.482889313370523974e+06 8.538299383102904551e-05
4.624373096421157010e+06 8.519181948919123256e-05
4.770322227479962632e+06 8.422573534653183581e-05
4.920877636711540632e+06 8.378343180748417220e-05
5.076184702155845240e+06 8.273149186838744170e-05
5.236393390106864274e+06 8.200069679397568249e-05
5.401658399921843782e+06 8.168096262755843899e-05
5.572139313400736079e+06 8.194918845412547134e-05
5.748000748880239204e+06 8.166661941077924653e-05
5.929412520191183314e+06 8.124875089745629375e-05
6.116549800632687286e+06 8.109842271829428948e-05
6.309593292121538892e+06 8.083247083619924029e-05
6.508729399680043571e+06 8.036599342814880551e-05
6.714150411430878565e+06 7.994674553372902739e-05
6.926054684272711165e+06 8.055554511590033934e-05
7.144646835415896028e+06 8.018072056697245805e-05
7.370137939963234589e+06 7.966964086078373748e-05
7.602745734726508148e+06 7.987950939823561431e-05
7.842694828475685790e+06 7.988264163001812426e-05
8.090216918823729269e+06 8.004453549769407431e-05
8.345551015956458636e+06 7.984275209242968805e-05
8.608943673423567787e+06 7.983547033957330238e-05
8.880649226213570684e+06 7.953808753026231793e-05
9.160930036342617124e+06 7.959882757548916818e-05
9.450056746194263920e+06 7.948290924258837487e-05
9.748308539854869246e+06 7.936076720004965016e-05
1.005597341269699484e+07 7.933364415921748364e-05
1.037334844947103225e+07 7.928611266308155446e-05
1.070074011117370427e+07 7.928496069502407022e-05
1.103846453097032011e+07 7.944060261645354871e-05
1.138684781945657544e+07 7.975468964291940015e-05
1.174622637955474481e+07 8.017420168772787449e-05
1.211694723134819791e+07 8.041415773691090090e-05
1.249936834716804884e+07 8.079161423621396764e-05
1.289385899725528806e+07 8.119908145944177813e-05
1.330080010633242689e+07 8.156951090427125924e-05
1.372058462142884918e+07 8.201104354072512759e-05
1.415361789131489024e+07 8.240961807292785670e-05
1.460031805791140534e+07 8.285747406022138590e-05
1.506111646005233191e+07 8.334900347569766655e-05
1.553645804999048449e+07 8.380428900569471414e-05
1.602680182304862514e+07 8.430226423055667186e-05
1.653262126083053835e+07 8.480376584295325746e-05
1.705440478842045739e+07 8.530947648842673750e-05
1.759265624601184949e+07 8.585499525341659460e-05
1.814789537542135641e+07 8.641172500726815233e-05
1.872065832195754722e+07 8.699592637544983681e-05
1.931149815212889016e+07 8.757859934367587913e-05
1.992098538769130781e+07 8.818784916609765550e-05
2.054970855655041710e+07 8.881812499229747979e-05
2.119827476105092838e+07 8.948935305443222999e-05
