4.373462052840339311e+04 7.216727775677468475e-03
8.663872712536182371e+04 5.784722788111981880e-03
1.297612777633432561e+05 4.904504579029032689e-03
1.716321977237225219e+05 4.280390255069953243e-03
2.133352955044680566e+05 3.873704108057102712e-03
2.570584081843183085e+05 3.800998843544328015e-03
3.002659346223525354e+05 3.711194781791497550e-03
3.400051255699007888e+05 3.496221007164897025e-03
3.850036653648362262e+05 3.329038181555412940e-03
4.359576112151437555e+05 3.283651145291135304e-03
4.785516459628613084e+05 3.365343875981191904e-03
5.092353154750026879e+05 3.308650633702189467e-03
5.589887460015383549e+05 3.256635899468450588e-03
5.948298638579142280e+05 3.200091433134908108e-03
6.529460734121515416e+05 3.177167820341153786e-03
6.948115265870502917e+05 3.199252858595258344e-03
7.393612997095065657e+05 3.154683909905452773e-03
7.867675054173744284e+05 3.072788814503867472e-03
8.115985541599235730e+05 3.059882132696879840e-03
8.636364523104346590e+05 3.074509912367566489e-03
8.908935501131545752e+05 3.047676595116740640e-03
9.480156674285588088e+05 3.072267490214461091e-03
9.779358447166774422e+05 3.054546313525848510e-03
1.040638920793219935e+06 3.032140567045133947e-03
1.073482366395237856e+06 3.012673587103675572e-03
1.107362378953822656e+06 3.027420932296274753e-03
1.178363997175473720e+06 3.015213511047450980e-03
1.215554162820161553e+06 3.011476429037092221e-03
1.253918081586970249e+06 3.014177998151826646e-03
1.293492798118421575e+06 3.006394775429612354e-03
1.334316526217329316e+06 3.006754083096474517e-03
1.376428685746484902e+06 3.001970981332397360e-03
1.419869940692930249e+06 3.005133012857765743e-03
1.464682238433575025e+06 3.003245695930670603e-03
1.510908850240065483e+06 2.994793887370502533e-03
1.558594413062029285e+06 2.990656181009182860e-03
1.607784972629023949e+06 3.010984634129795518e-03
1.658528027912823018e+06 2.986473749354818120e-03
1.710872576992975082e+06 2.995194248579794404e-03
1.764869164369910955e+06 2.993610798684010702e-03
1.820569929771302268e+06 2.994717814703401135e-03
1.878028658498780802e+06 2.988321103498239005e-03
1.937300833363641519e+06 2.984278613496499193e-03
1.998443688261691248e+06 2.973761427530976012e-03
2.061516263438955182e+06 2.980443230397783472e-03
2.126579462501626462e+06 2.981642871146319637e-03
2.193696111225280445e+06 2.978887414875560496e-03
2.262931018220172729e+06 2.975018881449441061e-03
2.334351037511188537e+06 2.974490021544212368e-03
2.408025133092843927e+06 2.968235120955664812e-03
2.484024445521734189e+06 2.969297873368705563e-03
2.562422360610658303e+06 2.970429218216963721e-03
2.643294580290812068e+06 2.967919273036291345e-03
2.726719195710458793e+06 2.963608004570529239e-03
2.812776762640621979e+06 2.970565199212971304e-03
2.901550379260679241e+06 2.966659863718023281e-03
2.993125766398919281e+06 2.962444579991580645e-03
3.087591350305570289e+06 2.964483752613885238e-03
3.185038348038198892e+06 2.961420483747669290e-03
3.285560855541952420e+06 2.964731751859537266e-03
3.389255938509691972e+06 2.967422594999258572e-03
3.496223726109744050e+06 2.960006443070760471e-03
3.606567507671786007e+06 2.960479724236770183e-03
3.720393832424212713e+06 2.960056009469416542e-03
3.837812612379289698e+06 2.958399838790674950e-03
3.958937228465472348e+06 2.958107004710882476e-03
4.083884640009329189e+06 2.958288258797735302e-03
4.212775497672830708e+06 2.956143390966634119e-03
4.345734259955013171e+06 2.954449060221438130e-03
4.482889313370523974e+06 2.957913193379600042e-03
4.624373096421157010e+06 2.954625616650736770e-03
4.770322227479962632e+06 2.955357962562436044e-03
4.920877636711540632e+06 2.953878804719484684e-03
5.076184702155845240e+06 2.954311013642296757e-03
5.236393390106864274e+06 2.953963560994983962e-03
5.401658399921843782e+06 2.951026467631729169e-03
5.572139313400736079e+06 2.951638948782906759e-03
5.748000748880239204e+06 2.950405869865337007e-03
5.929412520191183314e+06 2.951050416601936309e-03
6.116549800632687286e+06 2.950382734848750084e-03
6.309593292121538892e+06 2.949746233959787793e-03
6.508729399680043571e+06 2.949852989497602114e-03
6.714150411430878565e+06 2.950368851620548474e-03
6.926054684272711165e+06 2.949518350686634177e-03
7.144646835415896028e+06 2.949011255567729386e-03
7.370137939963234589e+06 2.949261405972371936e-03
7.602745734726508148e+06 2.948950269133764849e-03
7.842694828475685790e+06 2.948161880325943576e-03
8.090216918823729269e+06 2.947686180877162349e-03
8.345551015956458636e+06 2.947377939540214015e-03
8.608943673423567787e+06 2.947681602353679261e-03
8.880649226213570684e+06 2.947343708027130253e-03
9.160930036342617124e+06 2.947104517611518187e-03
9.450056746194263920e+06 2.946960640430287132e-03
9.748308539854869246e+06 2.946690420738790669e-03
1.005597341269699484e+07 2.946529774289007725e-03
1.037334844947103225e+07 2.946457729474528942e-03
1.070074011117370427e+07 2.946265367142216797e-03
1.103846453097032011e+07 2.946219092972623445e-03
1.138684781945657544e+07 2.946031790212045101e-03
1.174622637955474481e+07 2.946037818499995953e-03
1.211694723134819791e+07 2.945934877860665116e-03
1.249936834716804884e+07 2.945901331680504144e-03
1.289385899725528806e+07 2.945927203519069747e-03
1.330080010633242689e+07 2.945878440634538704e-03
1.372058462142884918e+07 2.945848258516334684e-03
1.415361789131489024e+07 2.945869860311346299e-03
1.460031805791140534e+07 2.945890219643038186e-03
1.506111646005233191e+07 2.945888585830061350e-03
1.553645804999048449e+07 2.945921910586027370e-03
1.602680182304862514e+07 2.945965198290450074e-03
1.653262126083053835e+07 2.946020288901159221e-03
1.705440478842045739e+07 2.946052916247299605e-03
1.759265624601184949e+07 2.946118736046945356e-03
1.814789537542135641e+07 2.946161826160971324e-03
1.872065832195754722e+07 2.946216284805527885e-03
1.931149815212889016e+07 2.946286071617003344e-03
1.992098538769130781e+07 2.946342972956288685e-03
2.054970855655041710e+07 2.946408818837535290e-03
2.119827476105092838e+07 2.946486428501701900e-03
