2.360412929539002988e-02 6.653883028775453568e-03
4.709642966074466253e-02 6.395746953785419464e-03
6.886332444834721012e-02 6.148309912532567978e-03
9.396973127166638462e-02 5.955072119832038879e-03
1.156080257851628129e-01 5.799620412290096283e-03
1.374003961552622832e-01 5.663226824253797531e-03
1.633006768812579612e-01 5.540411453694105148e-03
1.874942635541085867e-01 5.430960096418857574e-03
2.079639151403883390e-01 5.333198234438896179e-03
2.306683371570858732e-01 5.245230160653591156e-03
2.558515102530959928e-01 5.162509158253669739e-03
2.741498325103897682e-01 5.080623086541891098e-03
3.040800898289297560e-01 5.000944249331951141e-03
3.258276865900837094e-01 4.925942979753017426e-03
3.491306563621831560e-01 4.853140097111463547e-03
3.741002383423559507e-01 4.777976777404546738e-03
4.008556274778242168e-01 4.700094461441040039e-03
4.149425627530028415e-01 4.620674531906843185e-03
4.446189665546095293e-01 4.538811743259429932e-03
4.602438403860692473e-01 4.455503541976213455e-03
4.931601600903686711e-01 4.374710842967033386e-03
5.104908766358763339e-01 4.300829023122787476e-03
5.284306321108985793e-01 4.235050175338983536e-03
5.662236237857393162e-01 4.174057394266128540e-03
5.861219487505998638e-01 4.114610143005847931e-03
6.067195439680151958e-01 4.056541249155998230e-03
6.280409833097547745e-01 4.002360627055168152e-03
6.501117042266849610e-01 3.952129278331995010e-03
6.729580380968114284e-01 3.901846008375287056e-03
6.966072416398138012e-01 3.848511492833495140e-03
7.210875294355582055e-01 3.792001167312264442e-03
7.464281075853788083e-01 3.733248217031359673e-03
7.726592085562913326e-01 3.674526233226060867e-03
7.998121272497064060e-01 3.588058985769748688e-03
8.279192583376761005e-01 3.503948450088500977e-03
8.570141349112174733e-01 3.449777606874704361e-03
8.871314684868208955e-01 3.397090127691626549e-03
9.183071904188758738e-01 3.326552221551537514e-03
9.505784947674160712e-01 3.267782507464289665e-03
9.839838826723322773e-01 3.220317419618368149e-03
1.018563208286991317e+00 3.170357085764408112e-03
1.054357726326059952e+00 3.115041181445121765e-03
1.091410141284264501e+00 3.058815142139792442e-03
1.129764658384802001e+00 2.998230513185262680e-03
1.169467036318192710e+00 2.922995714470744133e-03
1.210564641834484867e+00 2.855799626559019089e-03
1.253106506253952368e+00 2.807129872962832451e-03
1.297143383963699215e+00 2.758716233074665070e-03
1.342727812969959578e+00 2.691868226975202560e-03
1.389914177578340571e+00 2.617908641695976257e-03
1.438758773276781477e+00 2.551481826230883598e-03
1.489319873898642399e+00 2.497036475688219070e-03
1.541657801146048001e+00 2.448158571496605873e-03
1.595834996556433127e+00 2.389666624367237091e-03
1.651916095998149370e+00 2.313432982191443443e-03
1.709968006784007288e+00 2.245421987026929855e-03
1.770059987494756015e+00 2.162893069908022881e-03
1.832263730607734065e+00 2.072560600936412811e-03
1.896653448029267608e+00 1.985428621992468834e-03
1.963305959632864139e+00 1.893720938824117184e-03
2.032300784908831481e+00 1.815256313420832157e-03
2.103720237834658668e+00 1.727112219668924809e-03
2.177649525079353054e+00 1.635324792005121708e-03
2.254176847658885485e+00 1.557171344757080078e-03
2.333393506164031184e+00 1.462295884266495705e-03
2.415394009686146148e+00 1.390998251736164093e-03
2.500276188570826452e+00 1.325562363490462303e-03
2.588141311133976163e+00 1.255906186997890472e-03
2.679094204479540942e+00 1.192640978842973709e-03
2.773243379563025801e+00 1.127877505496144295e-03
2.870701160650017680e+00 1.055467757396399975e-03
2.971583819324165709e+00 9.805911686271429062e-04
3.076011713204495734e+00 9.340269025415182114e-04
3.184109429537542724e+00 8.840906666591763496e-04
3.296005933835622681e+00 8.162622107192873955e-04
3.411834723738579545e+00 7.484600064344704151e-04
3.531733988282573122e+00 6.907213246449828148e-04
3.655846772765904085e+00 5.872610490769147873e-04
3.784321149408583551e+00 4.865420050919055939e-04
3.917310394009265284e+00 4.494944296311587095e-04
4.054973168810266593e+00 4.046223766636103392e-04
4.197473711788864748e+00 3.471545933280140162e-04
4.344982032600711364e+00 3.014211833942681551e-04
4.497674115409119544e+00 2.702746714930981398e-04
4.655732128842197781e+00 2.527674660086631775e-04
4.819344643328345335e+00 2.303645014762878418e-04
4.988706856069391904e+00 2.386580890743061900e-04
5.164020823919769576e+00 2.275792357977479696e-04
5.345495704449561458e+00 1.905173121485859156e-04
5.533348005479043152e+00 1.765102933859452605e-04
5.727801843382400726e+00 1.996276550926268101e-04
5.929089210468799997e+00 2.086616150336340070e-04
6.137450251759792863e+00 1.776981080183759332e-04
6.353133551493313824e+00 1.416970044374465942e-04
6.576396429696025336e+00 1.514263276476413012e-04
6.807505249177847162e+00 1.541107485536485910e-04
7.046735733314960726e+00 1.876402966445311904e-04
7.294373295000402102e+00 2.080259437207132578e-04
7.550713377154662176e+00 1.925460965139791369e-04
7.816061805202581425e+00 1.621994742890819907e-04
8.090735151937062497e+00 8.491723565384745598e-05
8.375061115204861295e+00 2.184531695093028247e-05
8.669378908865084554e+00 -9.592577043804340065e-06
8.974039667486806593e+00 -2.202238192694494501e-06
9.289406865268668767e+00 2.469569699314888567e-05
9.615856749680185445e+00 5.181252345209941268e-05
9.953778790342136418e+00 8.087458263617008924e-05
1.030357614368165642e+01 1.405299990437924862e-04
1.066566613391623086e+01 1.600554533069953322e-04
1.104048075094054937e+01 1.494091702625155449e-04
1.142846716571018639e+01 8.662209438625723124e-05
1.183008826373698064e+01 7.959151844261214137e-05
1.224582319733257840e+01 2.088516157527919859e-05
1.267616795725901646e+01 2.729052903305273503e-05
1.312163596446836777e+01 7.795849523972719908e-05
1.358275868263738495e+01 1.067181001417338848e-04
1.406008625222793462e+01 1.812175178201869130e-04
1.455418814682967721e+01 1.982781686820089817e-04
1.506565385256809364e+01 2.098761906381696463e-04
1.559509357138834318e+01 1.976583589566871524e-04
1.614313894905404112e+01 2.203916519647464156e-04
1.671044382872949896e+01 2.705525839701294899e-04
1.729768503104452293e+01 3.883059835061430931e-04
1.790556316157228522e+01 4.999039229005575180e-04
1.853480344668377100e+01 5.843658582307398319e-04
1.918615659877600166e+01 4.849846882279962301e-04
1.986039971190619013e+01 4.269446944817900658e-04
2.055833718890039208e+01 6.196942413225769997e-04
2.128080170104287916e+01 8.076460799202322960e-04
2.202865518149098634e+01 8.045436115935444832e-04
2.280278985360074273e+01 7.780402665957808495e-04
