4.373462052840339311e+04 6.223059658884593989e-03
8.663872712536182371e+04 3.492342027163144406e-03
1.297612777633432561e+05 2.022491529015881841e-03
1.716321977237225219e+05 1.771718197371685436e-03
2.133352955044680566e+05 8.588523096868741361e-04
2.570584081843183085e+05 7.511226116104182445e-04
3.002659346223525354e+05 5.629166815842265607e-04
3.400051255699007888e+05 4.946752364905801329e-04
3.850036653648362262e+05 4.014474313366636865e-04
4.359576112151437555e+05 3.236981140399824031e-04
4.785516459628613084e+05 2.660188423949091724e-04
5.092353154750026879e+05 2.631239001045622633e-04
5.589887460015383549e+05 2.093818585504140779e-04
5.948298638579142280e+05 2.063585120483548807e-04
6.529460734121515416e+05 1.940476048701571699e-04
6.948115265870502917e+05 2.031815308409436356e-04
7.393612997095065657e+05 1.673853822819603300e-04
7.867675054173744284e+05 1.674775717286517763e-04
8.115985541599235730e+05 1.633156466210799269e-04
8.636364523104346590e+05 1.467483409232911017e-04
8.908935501131545752e+05 1.596264972624222172e-04
9.480156674285588088e+05 1.590167196872071241e-04
9.779358447166774422e+05 1.575481617409533704e-04
1.040638920793219935e+06 1.821793086887531124e-04
1.073482366395237856e+06 1.481158285678331737e-04
1.107362378953822656e+06 1.560867388831325444e-04
1.178363997175473720e+06 1.573279039852039330e-04
1.215554162820161553e+06 1.551148145600848079e-04
1.253918081586970249e+06 1.275791602545430132e-04
1.293492798118421575e+06 1.383577620170099612e-04
1.334316526217329316e+06 1.368871196053547874e-04
1.376428685746484902e+06 1.417570270330152085e-04
1.419869940692930249e+06 1.320713505502237668e-04
1.464682238433575025e+06 1.240313676607742810e-04
1.510908850240065483e+06 1.123478120759469474e-04
1.558594413062029285e+06 1.110203162603269861e-04
1.607784972629023949e+06 1.044700412811803996e-04
1.658528027912823018e+06 1.086180425611110170e-04
1.710872576992975082e+06 1.031580409669151128e-04
1.764869164369910955e+06 1.240892056512790437e-04
1.820569929771302268e+06 1.183422133546939377e-04
1.878028658498780802e+06 1.109365919939920046e-04
1.937300833363641519e+06 1.098293555694497466e-04
1.998443688261691248e+06 1.203739654727326936e-04
2.061516263438955182e+06 1.167425994582076430e-04
2.126579462501626462e+06 1.109764377231354235e-04
2.193696111225280445e+06 1.075714958721790291e-04
2.262931018220172729e+06 1.149078551592940071e-04
2.334351037511188537e+06 1.083224725545945327e-04
2.408025133092843927e+06 1.083849664799255207e-04
2.484024445521734189e+06 1.016868504440731843e-04
2.562422360610658303e+06 1.013900819862710470e-04
2.643294580290812068e+06 9.531414624358061605e-05
2.726719195710458793e+06 9.391922429635195181e-05
2.812776762640621979e+06 9.338114520965139741e-05
2.901550379260679241e+06 9.192980717041795470e-05
2.993125766398919281e+06 9.029448755655276122e-05
3.087591350305570289e+06 9.384926782583886073e-05
3.185038348038198892e+06 9.372248664172021541e-05
3.285560855541952420e+06 9.322786858288669310e-05
3.389255938509691972e+06 9.430192587741876437e-05
3.496223726109744050e+06 9.647296190522611930e-05
3.606567507671786007e+06 9.522272587273951014e-05
3.720393832424212713e+06 9.439451273033903933e-05
3.837812612379289698e+06 9.241898777361993262e-05
3.958937228465472348e+06 9.207580630153416792e-05
4.083884640009329189e+06 9.070852023343560771e-05
4.212775497672830708e+06 9.011448065624531282e-05
4.345734259955013171e+06 8.925948921245596636e-05
4.482889313370523974e+06 9.139468965702914321e-05
4.624373096421157010e+06 9.007776549995813865e-05
4.770322227479962632e+06 8.806401610227358333e-05
4.920877636711540632e+06 8.862025924139720415e-05
5.076184702155845240e+06 8.807624927621563772e-05
5.236393390106864274e+06 8.738516096600444595e-05
5.401658399921843782e+06 8.668522998363294174e-05
5.572139313400736079e+06 8.598697576972525998e-05
5.748000748880239204e+06 8.641408332069722793e-05
5.929412520191183314e+06 8.617127267667038578e-05
6.116549800632687286e+06 8.699467742371690820e-05
6.309593292121538892e+06 8.691848461142103030e-05
6.508729399680043571e+06 8.733066938101554765e-05
6.714150411430878565e+06 8.684246732598062683e-05
6.926054684272711165e+06 8.703924848109464583e-05
7.144646835415896028e+06 8.639353306030969019e-05
7.370137939963234589e+06 8.666220650135965007e-05
7.602745734726508148e+06 8.620120693282877933e-05
7.842694828475685790e+06 8.568007937958159535e-05
8.090216918823729269e+06 8.548707936121913771e-05
8.345551015956458636e+06 8.531316137706259316e-05
8.608943673423567787e+06 8.533988299179126082e-05
8.880649226213570684e+06 8.525184915235475564e-05
9.160930036342617124e+06 8.537679499188303761e-05
9.450056746194263920e+06 8.516130647160062692e-05
9.748308539854869246e+06 8.524563579124521426e-05
1.005597341269699484e+07 8.522649314882774999e-05
1.037334844947103225e+07 8.527232584735218565e-05
1.070074011117370427e+07 8.526382358158173034e-05
1.103846453097032011e+07 8.557948119359182378e-05
1.138684781945657544e+07 8.600602589601927283e-05
1.174622637955474481e+07 8.643783066144922428e-05
1.211694723134819791e+07 8.691657656187837884e-05
1.249936834716804884e+07 8.734676080587259334e-05
1.289385899725528806e+07 8.787921598350776123e-05
1.330080010633242689e+07 8.840722932797163373e-05
1.372058462142884918e+07 8.887284023107243456e-05
1.415361789131489024e+07 8.942946538290231357e-05
1.460031805791140534e+07 9.000485859307832211e-05
1.506111646005233191e+07 9.062305521756980440e-05
1.553645804999048449e+07 9.124657345771909579e-05
1.602680182304862514e+07 9.187985256647292415e-05
1.653262126083053835e+07 9.252267183959485448e-05
1.705440478842045739e+07 9.318315902370710409e-05
1.759265624601184949e+07 9.388724842109285066e-05
1.814789537542135641e+07 9.463033588589802746e-05
1.872065832195754722e+07 9.539626336867371831e-05
1.931149815212889016e+07 9.616055713886076319e-05
1.992098538769130781e+07 9.695647438741435869e-05
2.054970855655041710e+07 9.777869533277075669e-05
2.119827476105092838e+07 9.865990742051689239e-05
