4.373462052840339311e+04 9.996551620635984667e-03
8.663872712536182371e+04 7.704154048248854948e-03
1.297612777633432561e+05 5.958051471115504046e-03
1.716321977237225219e+05 5.428964148030340255e-03
2.133352955044680566e+05 5.066900573716674044e-03
2.570584081843183085e+05 4.858233130124822371e-03
3.002659346223525354e+05 4.853272732363365753e-03
3.400051255699007888e+05 4.910845357078727318e-03
3.850036653648362262e+05 5.033259250086216489e-03
4.359576112151437555e+05 4.686207123359637135e-03
4.785516459628613084e+05 4.627901140626462101e-03
5.092353154750026879e+05 4.627307729846162447e-03
5.589887460015383549e+05 4.453410558062488242e-03
5.948298638579142280e+05 4.487129795288442163e-03
6.529460734121515416e+05 4.558011183447791513e-03
6.948115265870502917e+05 4.546721894543669269e-03
7.393612997095065657e+05 4.567136195253499419e-03
7.867675054173744284e+05 4.487392997388707852e-03
8.115985541599235730e+05 4.457835262347682043e-03
8.636364523104346590e+05 4.443589997990243790e-03
8.908935501131545752e+05 4.428344319815619157e-03
9.480156674285588088e+05 4.407209191937148940e-03
9.779358447166774422e+05 4.402081489489615036e-03
1.040638920793219935e+06 4.396287611472248294e-03
1.073482366395237856e+06 4.353677892743048998e-03
1.107362378953822656e+06 4.370204624093726280e-03
1.178363997175473720e+06 4.361026298607875024e-03
1.215554162820161553e+06 4.357962910322614979e-03
1.253918081586970249e+06 4.357450332610364289e-03
1.293492798118421575e+06 4.360928416529588625e-03
1.334316526217329316e+06 4.354407327009459684e-03
1.376428685746484902e+06 4.356089363636647324e-03
1.419869940692930249e+06 4.359596085084319235e-03
1.464682238433575025e+06 4.349625801890726756e-03
1.510908850240065483e+06 4.322364832170018205e-03
1.558594413062029285e+06 4.314699909670263560e-03
1.607784972629023949e+06 4.320434497904649535e-03
1.658528027912823018e+06 4.328558537439043501e-03
1.710872576992975082e+06 4.332327612588040590e-03
1.764869164369910955e+06 4.336829848843120304e-03
1.820569929771302268e+06 4.326302570649349574e-03
1.878028658498780802e+06 4.310087430689141241e-03
1.937300833363641519e+06 4.307181383997533627e-03
1.998443688261691248e+06 4.317413031736485815e-03
2.061516263438955182e+06 4.314774964489654328e-03
2.126579462501626462e+06 4.303256773501603141e-03
2.193696111225280445e+06 4.298461260094135414e-03
2.262931018220172729e+06 4.318354469647425059e-03
2.334351037511188537e+06 4.317231305908796057e-03
2.408025133092843927e+06 4.306435428690656708e-03
2.484024445521734189e+06 4.303976583231781602e-03
2.562422360610658303e+06 4.306282578578245895e-03
2.643294580290812068e+06 4.311624517802471052e-03
2.726719195710458793e+06 4.308928489844723875e-03
2.812776762640621979e+06 4.313165108343923991e-03
2.901550379260679241e+06 4.298436426426298015e-03
2.993125766398919281e+06 4.304995892555421762e-03
3.087591350305570289e+06 4.308055884940740349e-03
3.185038348038198892e+06 4.306256177861000727e-03
3.285560855541952420e+06 4.306227440960333497e-03
3.389255938509691972e+06 4.305105256527245669e-03
3.496223726109744050e+06 4.296254480416618164e-03
3.606567507671786007e+06 4.291810652338422932e-03
3.720393832424212713e+06 4.291821504087205488e-03
3.837812612379289698e+06 4.296055332223209892e-03
3.958937228465472348e+06 4.297302614040956342e-03
4.083884640009329189e+06 4.301309072923496790e-03
4.212775497672830708e+06 4.290093893209557564e-03
4.345734259955013171e+06 4.291500113958881570e-03
4.482889313370523974e+06 4.296563699927812528e-03
4.624373096421157010e+06 4.297107932550684774e-03
4.770322227479962632e+06 4.294244174228086831e-03
4.920877636711540632e+06 4.290835554261138510e-03
5.076184702155845240e+06 4.290656296257093841e-03
5.236393390106864274e+06 4.292366120069320522e-03
5.401658399921843782e+06 4.293214075096590462e-03
5.572139313400736079e+06 4.290601532820472429e-03
5.748000748880239204e+06 4.287732623423318873e-03
5.929412520191183314e+06 4.288850746134964878e-03
6.116549800632687286e+06 4.287283941303233516e-03
6.309593292121538892e+06 4.288001844159632439e-03
6.508729399680043571e+06 4.288038269309926882e-03
6.714150411430878565e+06 4.287228975670063537e-03
6.926054684272711165e+06 4.286139815425572125e-03
7.144646835415896028e+06 4.286563630051183280e-03
7.370137939963234589e+06 4.287037053483314618e-03
7.602745734726508148e+06 4.286363542188785687e-03
7.842694828475685790e+06 4.286070225884859759e-03
8.090216918823729269e+06 4.285012174334356348e-03
8.345551015956458636e+06 4.284355294454621384e-03
8.608943673423567787e+06 4.285476399689869612e-03
8.880649226213570684e+06 4.285865011895636199e-03
9.160930036342617124e+06 4.285054327493877449e-03
9.450056746194263920e+06 4.284700055447889129e-03
9.748308539854869246e+06 4.284675346427104826e-03
1.005597341269699484e+07 4.284517901231757464e-03
1.037334844947103225e+07 4.284617587134107071e-03
1.070074011117370427e+07 4.284421111588060903e-03
1.103846453097032011e+07 4.284118359475042569e-03
1.138684781945657544e+07 4.284158813968368118e-03
1.174622637955474481e+07 4.283894694083825033e-03
1.211694723134819791e+07 4.283738158739512462e-03
1.249936834716804884e+07 4.283569524751674497e-03
1.289385899725528806e+07 4.283634925519239946e-03
1.330080010633242689e+07 4.283649348074427404e-03
1.372058462142884918e+07 4.283595411474501458e-03
1.415361789131489024e+07 4.283521317142533792e-03
1.460031805791140534e+07 4.283568093049681426e-03
1.506111646005233191e+07 4.283467784852217075e-03
1.553645804999048449e+07 4.283415034954216223e-03
1.602680182304862514e+07 4.283433057190924424e-03
1.653262126083053835e+07 4.283362646344806429e-03
1.705440478842045739e+07 4.283351155345917899e-03
1.759265624601184949e+07 4.283360374147593928e-03
1.814789537542135641e+07 4.283325689190087097e-03
1.872065832195754722e+07 4.283305851298119943e-03
1.931149815212889016e+07 4.283246600568522099e-03
1.992098538769130781e+07 4.283227555557322930e-03
2.054970855655041710e+07 4.283210628289448214e-03
2.119827476105092838e+07 4.283181566975912888e-03
