2.360412929539002988e-02 6.440160796046257019e-03
4.709642966074466253e-02 6.163736805319786072e-03
6.886332444834721012e-02 5.907723214477300644e-03
9.396973127166638462e-02 5.715394858270883560e-03
1.156080257851628129e-01 5.563850514590740204e-03
1.374003961552622832e-01 5.430881865322589874e-03
1.633006768812579612e-01 5.311204120516777039e-03
1.874942635541085867e-01 5.206286441534757614e-03
2.079639151403883390e-01 5.116248037666082382e-03
2.306683371570858732e-01 5.036885384470224380e-03
2.558515102530959928e-01 4.961175844073295593e-03
2.741498325103897682e-01 4.883791320025920868e-03
3.040800898289297560e-01 4.803451709449291229e-03
3.258276865900837094e-01 4.722321871668100357e-03
3.491306563621831560e-01 4.645893350243568420e-03
3.741002383423559507e-01 4.578301683068275452e-03
4.008556274778242168e-01 4.516400396823883057e-03
4.149425627530028415e-01 4.455870483070611954e-03
4.446189665546095293e-01 4.396986681967973709e-03
4.602438403860692473e-01 4.341898020356893539e-03
4.931601600903686711e-01 4.290412645787000656e-03
5.104908766358763339e-01 4.240999929606914520e-03
5.284306321108985793e-01 4.192907363176345825e-03
5.662236237857393162e-01 4.145221319049596786e-03
5.861219487505998638e-01 4.095777869224548340e-03
6.067195439680151958e-01 4.043214488774538040e-03
6.280409833097547745e-01 3.988989163190126419e-03
6.501117042266849610e-01 3.933606669306755066e-03
6.729580380968114284e-01 3.876378061249852180e-03
6.966072416398138012e-01 3.819530364125967026e-03
7.210875294355582055e-01 3.767566056922078133e-03
7.464281075853788083e-01 3.721634158864617348e-03
7.726592085562913326e-01 3.677523694932460785e-03
7.998121272497064060e-01 3.607734572142362595e-03
8.279192583376761005e-01 3.540532896295189857e-03
8.570141349112174733e-01 3.502467181533575058e-03
8.871314684868208955e-01 3.470243886113166809e-03
9.183071904188758738e-01 3.428688040003180504e-03
9.505784947674160712e-01 3.389703342691063881e-03
9.839838826723322773e-01 3.347437363117933273e-03
1.018563208286991317e+00 3.300930373370647430e-03
1.054357726326059952e+00 3.248165827244520187e-03
1.091410141284264501e+00 3.192487638443708420e-03
1.129764658384802001e+00 3.138502128422260284e-03
1.169467036318192710e+00 3.063374198973178864e-03
1.210564641834484867e+00 3.002373734489083290e-03
1.253106506253952368e+00 2.959582488983869553e-03
1.297143383963699215e+00 2.912834286689758301e-03
1.342727812969959578e+00 2.859389875084161758e-03
1.389914177578340571e+00 2.804279793053865433e-03
1.438758773276781477e+00 2.728274092078208923e-03
1.489319873898642399e+00 2.661767648532986641e-03
1.541657801146048001e+00 2.602010499686002731e-03
1.595834996556433127e+00 2.549055265262722969e-03
1.651916095998149370e+00 2.502781106159090996e-03
1.709968006784007288e+00 2.442424185574054718e-03
1.770059987494756015e+00 2.385167637839913368e-03
1.832263730607734065e+00 2.318429993465542793e-03
1.896653448029267608e+00 2.275967271998524666e-03
1.963305959632864139e+00 2.251144265756011009e-03
2.032300784908831481e+00 2.215605229139328003e-03
2.103720237834658668e+00 2.159758238121867180e-03
2.177649525079353054e+00 2.095360308885574341e-03
2.254176847658885485e+00 2.027768641710281372e-03
2.333393506164031184e+00 1.957233762368559837e-03
2.415394009686146148e+00 1.893922686576843262e-03
2.500276188570826452e+00 1.819657511077821255e-03
2.588141311133976163e+00 1.745139248669147491e-03
2.679094204479540942e+00 1.696574501693248749e-03
2.773243379563025801e+00 1.632568426430225372e-03
2.870701160650017680e+00 1.576234819367527962e-03
2.971583819324165709e+00 1.503134844824671745e-03
3.076011713204495734e+00 1.426638453267514706e-03
3.184109429537542724e+00 1.348729478195309639e-03
3.296005933835622681e+00 1.291521009989082813e-03
3.411834723738579545e+00 1.239018165506422520e-03
3.531733988282573122e+00 1.206025248393416405e-03
3.655846772765904085e+00 1.165717374533414841e-03
3.784321149408583551e+00 1.139512518420815468e-03
3.917310394009265284e+00 1.077635679394006729e-03
4.054973168810266593e+00 1.032033120281994343e-03
4.197473711788864748e+00 9.749696473591029644e-04
4.344982032600711364e+00 9.176034945994615555e-04
4.497674115409119544e+00 8.733992581255733967e-04
4.655732128842197781e+00 8.542074938304722309e-04
4.819344643328345335e+00 7.916693575680255890e-04
4.988706856069391904e+00 6.987319211475551128e-04
5.164020823919769576e+00 6.049307994544506073e-04
5.345495704449561458e+00 5.461573018692433834e-04
5.533348005479043152e+00 4.986646817997097969e-04
5.727801843382400726e+00 5.020084208808839321e-04
5.929089210468799997e+00 4.990204470232129097e-04
6.137450251759792863e+00 4.597256483975797892e-04
6.353133551493313824e+00 4.210338229313492775e-04
6.576396429696025336e+00 3.620379429776221514e-04
6.807505249177847162e+00 3.363216528668999672e-04
7.046735733314960726e+00 3.192112490069121122e-04
7.294373295000402102e+00 2.809876459650695324e-04
7.550713377154662176e+00 2.142964076483622193e-04
7.816061805202581425e+00 1.698903361102566123e-04
8.090735151937062497e+00 2.098940749419853091e-04
8.375061115204861295e+00 2.416532079223543406e-04
8.669378908865084554e+00 2.365274267503991723e-04
8.974039667486806593e+00 1.538802462164312601e-04
9.289406865268668767e+00 1.187837988254614174e-04
9.615856749680185445e+00 8.687140507390722632e-05
9.953778790342136418e+00 8.966201130533590913e-05
1.030357614368165642e+01 1.252459624083712697e-04
1.066566613391623086e+01 1.766052155289798975e-04
1.104048075094054937e+01 2.187647623941302299e-04
1.142846716571018639e+01 2.018757659243419766e-04
1.183008826373698064e+01 1.914800377562642097e-04
1.224582319733257840e+01 1.429436670150607824e-04
1.267616795725901646e+01 1.423996291123330593e-04
1.312163596446836777e+01 1.014389781630598009e-04
1.358275868263738495e+01 -2.015338623095885850e-06
1.406008625222793462e+01 -1.121099194278940558e-05
1.455418814682967721e+01 2.154436333512421697e-05
1.506565385256809364e+01 4.707256721303565428e-06
1.559509357138834318e+01 2.132025110768154263e-05
1.614313894905404112e+01 -2.922824387496802956e-05
1.671044382872949896e+01 -5.213101030676625669e-05
1.729768503104452293e+01 -8.196060662157833576e-05
1.790556316157228522e+01 -6.402867438737303019e-05
1.853480344668377100e+01 -1.678239459579344839e-05
1.918615659877600166e+01 -3.346629455336369574e-05
1.986039971190619013e+01 -1.272871304536238313e-04
2.055833718890039208e+01 -1.882486976683139801e-04
2.128080170104287916e+01 -1.786878710845485330e-04
2.202865518149098634e+01 -2.671209222171455622e-04
2.280278985360074273e+01 -1.621139381313696504e-04
