4.373462052840339311e+04 8.209232060614296903e-03
8.663872712536182371e+04 6.024267207437605971e-03
1.297612777633432561e+05 4.840956169167418346e-03
1.716321977237225219e+05 4.770665337165637745e-03
2.133352955044680566e+05 3.840010928797480804e-03
2.570584081843183085e+05 3.603212991753169340e-03
3.002659346223525354e+05 3.536494706565121784e-03
3.400051255699007888e+05 3.285667789172637323e-03
3.850036653648362262e+05 3.294667881046738425e-03
4.359576112151437555e+05 3.280707045380447124e-03
4.785516459628613084e+05 3.217349641044937175e-03
5.092353154750026879e+05 3.011045973830450261e-03
5.589887460015383549e+05 3.035769370281631973e-03
5.948298638579142280e+05 3.058823986386701929e-03
6.529460734121515416e+05 3.041796256029723720e-03
6.948115265870502917e+05 3.004276376394947497e-03
7.393612997095065657e+05 2.981738601889364140e-03
7.867675054173744284e+05 2.996843239747985690e-03
8.115985541599235730e+05 2.943786726350904655e-03
8.636364523104346590e+05 2.940350507901261842e-03
8.908935501131545752e+05 2.944169073640511610e-03
9.480156674285588088e+05 2.934502088155765964e-03
9.779358447166774422e+05 2.940125586052487385e-03
1.040638920793219935e+06 2.932702996471848317e-03
1.073482366395237856e+06 2.902498931737431450e-03
1.107362378953822656e+06 2.882687514663092622e-03
1.178363997175473720e+06 2.895315364628424110e-03
1.215554162820161553e+06 2.916416537206994401e-03
1.253918081586970249e+06 2.906236156719494996e-03
1.293492798118421575e+06 2.909094036375912788e-03
1.334316526217329316e+06 2.882064634810150346e-03
1.376428685746484902e+06 2.894093568492898082e-03
1.419869940692930249e+06 2.882781151519203493e-03
1.464682238433575025e+06 2.894196913068895153e-03
1.510908850240065483e+06 2.889032371009512320e-03
1.558594413062029285e+06 2.889579389813186263e-03
1.607784972629023949e+06 2.894094608774427403e-03
1.658528027912823018e+06 2.875312319552274058e-03
1.710872576992975082e+06 2.879290855633719320e-03
1.764869164369910955e+06 2.882093013449123827e-03
1.820569929771302268e+06 2.882271447891173854e-03
1.878028658498780802e+06 2.878255267724745721e-03
1.937300833363641519e+06 2.879338653881002245e-03
1.998443688261691248e+06 2.872144287920914626e-03
2.061516263438955182e+06 2.869177123731242798e-03
2.126579462501626462e+06 2.873849844473206142e-03
2.193696111225280445e+06 2.866706781297564954e-03
2.262931018220172729e+06 2.867650621505992738e-03
2.334351037511188537e+06 2.866779266477174383e-03
2.408025133092843927e+06 2.876663120532284464e-03
2.484024445521734189e+06 2.867577519195640533e-03
2.562422360610658303e+06 2.872616978532972244e-03
2.643294580290812068e+06 2.867566637153781770e-03
2.726719195710458793e+06 2.867886487054075936e-03
2.812776762640621979e+06 2.863787033002932435e-03
2.901550379260679241e+06 2.862630768675878713e-03
2.993125766398919281e+06 2.856208865000365010e-03
3.087591350305570289e+06 2.859680929252848142e-03
3.185038348038198892e+06 2.855206834866829638e-03
3.285560855541952420e+06 2.858732422817034970e-03
3.389255938509691972e+06 2.853051945890831484e-03
3.496223726109744050e+06 2.852118296955744991e-03
3.606567507671786007e+06 2.852672252497333045e-03
3.720393832424212713e+06 2.852745177592072405e-03
3.837812612379289698e+06 2.854101801720356282e-03
3.958937228465472348e+06 2.853119818085921369e-03
4.083884640009329189e+06 2.850371905520336646e-03
4.212775497672830708e+06 2.852334156364908207e-03
4.345734259955013171e+06 2.850439514549794450e-03
4.482889313370523974e+06 2.850585412262355862e-03
4.624373096421157010e+06 2.850769441318441386e-03
4.770322227479962632e+06 2.849409075276223419e-03
4.920877636711540632e+06 2.847600688158734468e-03
5.076184702155845240e+06 2.846950542143037496e-03
5.236393390106864274e+06 2.846742133053543206e-03
5.401658399921843782e+06 2.846237931108778346e-03
5.572139313400736079e+06 2.846376075651592050e-03
5.748000748880239204e+06 2.845566123174485696e-03
5.929412520191183314e+06 2.846116101737126199e-03
6.116549800632687286e+06 2.845194512288255328e-03
6.309593292121538892e+06 2.845117972036138084e-03
6.508729399680043571e+06 2.844584176505423386e-03
6.714150411430878565e+06 2.845275884083725473e-03
6.926054684272711165e+06 2.844684467154856566e-03
7.144646835415896028e+06 2.844734362372196290e-03
7.370137939963234589e+06 2.843684525933700639e-03
7.602745734726508148e+06 2.843350769236697908e-03
7.842694828475685790e+06 2.843328013187300645e-03
8.090216918823729269e+06 2.842828543607929873e-03
8.345551015956458636e+06 2.842277443956034086e-03
8.608943673423567787e+06 2.841934428367083511e-03
8.880649226213570684e+06 2.841671119507083090e-03
9.160930036342617124e+06 2.841609488349868071e-03
9.450056746194263920e+06 2.841507447250900004e-03
9.748308539854869246e+06 2.841320676762178025e-03
1.005597341269699484e+07 2.841229570663090370e-03
1.037334844947103225e+07 2.840941424067538936e-03
1.070074011117370427e+07 2.841049051269041101e-03
1.103846453097032011e+07 2.840661168618079969e-03
1.138684781945657544e+07 2.840455178986819266e-03
1.174622637955474481e+07 2.840398884015507119e-03
1.211694723134819791e+07 2.840432709019177944e-03
1.249936834716804884e+07 2.840319211093361978e-03
1.289385899725528806e+07 2.840195647051857626e-03
1.330080010633242689e+07 2.840119008649772629e-03
1.372058462142884918e+07 2.840076887611316884e-03
1.415361789131489024e+07 2.839999401768750383e-03
1.460031805791140534e+07 2.839929197662250000e-03
1.506111646005233191e+07 2.839881939262489229e-03
1.553645804999048449e+07 2.839813504151049092e-03
1.602680182304862514e+07 2.839771001877002942e-03
1.653262126083053835e+07 2.839715686959997168e-03
1.705440478842045739e+07 2.839668088029556788e-03
1.759265624601184949e+07 2.839620505354207864e-03
1.814789537542135641e+07 2.839579618293812911e-03
1.872065832195754722e+07 2.839534378678935326e-03
1.931149815212889016e+07 2.839479764974339737e-03
1.992098538769130781e+07 2.839433119652530219e-03
2.054970855655041710e+07 2.839388332675440562e-03
2.119827476105092838e+07 2.839337811953966673e-03
