4.373462052840339311e+04 1.053567822487474874e-02
8.663872712536182371e+04 9.143451804869031155e-03
1.297612777633432561e+05 8.630513231805161251e-03
1.716321977237225219e+05 7.107930048364392503e-03
2.133352955044680566e+05 7.119741152025490030e-03
2.570584081843183085e+05 6.889630587906273897e-03
3.002659346223525354e+05 6.432018256197662327e-03
3.400051255699007888e+05 6.532046868975927359e-03
3.850036653648362262e+05 6.360047529623880092e-03
4.359576112151437555e+05 6.458995917509107246e-03
4.785516459628613084e+05 6.234057778440396658e-03
5.092353154750026879e+05 6.166311874855420587e-03
5.589887460015383549e+05 6.103478458567525820e-03
5.948298638579142280e+05 6.143273661105731233e-03
6.529460734121515416e+05 6.162927380077403913e-03
6.948115265870502917e+05 6.155799510967717783e-03
7.393612997095065657e+05 6.084583372733100640e-03
7.867675054173744284e+05 6.086063465720017301e-03
8.115985541599235730e+05 6.048789797953524165e-03
8.636364523104346590e+05 6.116468669628277212e-03
8.908935501131545752e+05 6.064668489400894431e-03
9.480156674285588088e+05 6.083383012882494917e-03
9.779358447166774422e+05 6.061141867824067740e-03
1.040638920793219935e+06 6.078651974367625666e-03
1.073482366395237856e+06 6.050821211191978466e-03
1.107362378953822656e+06 6.026551482814062818e-03
1.178363997175473720e+06 6.037995108309207083e-03
1.215554162820161553e+06 6.026849714827237255e-03
1.253918081586970249e+06 6.025793805354928354e-03
1.293492798118421575e+06 6.043658244327530793e-03
1.334316526217329316e+06 6.053887482584564307e-03
1.376428685746484902e+06 6.045272735206987276e-03
1.419869940692930249e+06 6.044010976390012078e-03
1.464682238433575025e+06 6.027964151345681885e-03
1.510908850240065483e+06 6.030593283815753776e-03
1.558594413062029285e+06 6.033208460091309643e-03
1.607784972629023949e+06 6.019630803699527709e-03
1.658528027912823018e+06 6.015325577759795053e-03
1.710872576992975082e+06 6.021752381948070401e-03
1.764869164369910955e+06 6.016543327606625920e-03
1.820569929771302268e+06 6.026716559137322050e-03
1.878028658498780802e+06 6.015077502604585305e-03
1.937300833363641519e+06 6.016058296799253052e-03
1.998443688261691248e+06 6.013838922326175153e-03
2.061516263438955182e+06 6.026587854032407210e-03
2.126579462501626462e+06 6.025059631458765629e-03
2.193696111225280445e+06 6.017130253643364866e-03
2.262931018220172729e+06 6.015274505240122450e-03
2.334351037511188537e+06 6.013327273112436915e-03
2.408025133092843927e+06 6.031423720767498803e-03
2.484024445521734189e+06 6.016430416240668363e-03
2.562422360610658303e+06 6.019780214628296655e-03
2.643294580290812068e+06 6.012895797719682717e-03
2.726719195710458793e+06 6.011052304947254316e-03
2.812776762640621979e+06 6.018367222607396219e-03
2.901550379260679241e+06 6.013287105135822763e-03
2.993125766398919281e+06 6.009225304367737594e-03
3.087591350305570289e+06 6.014588896456249043e-03
3.185038348038198892e+06 6.010882253772008993e-03
3.285560855541952420e+06 6.007707028688035605e-03
3.389255938509691972e+06 6.009079674342800853e-03
3.496223726109744050e+06 6.003200029450771018e-03
3.606567507671786007e+06 6.006687081347674394e-03
3.720393832424212713e+06 6.006525052904827626e-03
3.837812612379289698e+06 6.006249299960439263e-03
3.958937228465472348e+06 6.007315785622531490e-03
4.083884640009329189e+06 6.006378190509128155e-03
4.212775497672830708e+06 6.002957824789716297e-03
4.345734259955013171e+06 6.004001500030213545e-03
4.482889313370523974e+06 6.000517533394569315e-03
4.624373096421157010e+06 6.002417677266455934e-03
4.770322227479962632e+06 6.000383183409793188e-03
4.920877636711540632e+06 6.001615800049427824e-03
5.076184702155845240e+06 5.997786283888660586e-03
5.236393390106864274e+06 5.997376613658282618e-03
5.401658399921843782e+06 5.997277507256966976e-03
5.572139313400736079e+06 5.999081638104745984e-03
5.748000748880239204e+06 5.995255302699992357e-03
5.929412520191183314e+06 5.994248096770369259e-03
6.116549800632687286e+06 5.996154192350598190e-03
6.309593292121538892e+06 5.995579227239537963e-03
6.508729399680043571e+06 5.995848079611265299e-03
6.714150411430878565e+06 5.993768911203225733e-03
6.926054684272711165e+06 5.993755281515281488e-03
7.144646835415896028e+06 5.993231301269863129e-03
7.370137939963234589e+06 5.993467866661479279e-03
7.602745734726508148e+06 5.991360734088332050e-03
7.842694828475685790e+06 5.991716520552942127e-03
8.090216918823729269e+06 5.991847700125462611e-03
8.345551015956458636e+06 5.991815110199825989e-03
8.608943673423567787e+06 5.991622296092007950e-03
8.880649226213570684e+06 5.991577664042954839e-03
9.160930036342617124e+06 5.990766342124135245e-03
9.450056746194263920e+06 5.990017263658540571e-03
9.748308539854869246e+06 5.990306380535358362e-03
1.005597341269699484e+07 5.990633710806764559e-03
1.037334844947103225e+07 5.990375118267871231e-03
1.070074011117370427e+07 5.990410694799211920e-03
1.103846453097032011e+07 5.990357869312366856e-03
1.138684781945657544e+07 5.990097339831636572e-03
1.174622637955474481e+07 5.990013354728000207e-03
1.211694723134819791e+07 5.989962723160371580e-03
1.249936834716804884e+07 5.989902180315477900e-03
1.289385899725528806e+07 5.989854816048158052e-03
1.330080010633242689e+07 5.989905542375072167e-03
1.372058462142884918e+07 5.989995939315806255e-03
1.415361789131489024e+07 5.989947242745427732e-03
1.460031805791140534e+07 5.989939378127903669e-03
1.506111646005233191e+07 5.989864289481572519e-03
1.553645804999048449e+07 5.989962366418886269e-03
1.602680182304862514e+07 5.990001257885706719e-03
1.653262126083053835e+07 5.989965804378828175e-03
1.705440478842045739e+07 5.989966182731893199e-03
1.759265624601184949e+07 5.990014036226860156e-03
1.814789537542135641e+07 5.990015452692076976e-03
1.872065832195754722e+07 5.990013486644601981e-03
1.931149815212889016e+07 5.990039954984793455e-03
1.992098538769130781e+07 5.990072582872540095e-03
2.054970855655041710e+07 5.990092865381635955e-03
2.119827476105092838e+07 5.990126019296758766e-03
