4.373462052840339311e+04 8.916899553275868529e-03
8.663872712536182371e+04 6.758521596536228374e-03
1.297612777633432561e+05 5.737296848723496233e-03
1.716321977237225219e+05 5.680214105556074568e-03
2.133352955044680566e+05 5.496820048821548718e-03
2.570584081843183085e+05 5.031110467840904134e-03
3.002659346223525354e+05 5.070594583057250367e-03
3.400051255699007888e+05 4.779699797230982719e-03
3.850036653648362262e+05 4.659695135507005946e-03
4.359576112151437555e+05 4.582664953955369741e-03
4.785516459628613084e+05 4.769646730629923531e-03
5.092353154750026879e+05 4.535791688441376777e-03
5.589887460015383549e+05 4.449107614474611706e-03
5.948298638579142280e+05 4.418194696169827802e-03
6.529460734121515416e+05 4.552673834941546593e-03
6.948115265870502917e+05 4.457087706833899772e-03
7.393612997095065657e+05 4.397470092541234769e-03
7.867675054173744284e+05 4.405598586601224345e-03
8.115985541599235730e+05 4.384370444358535492e-03
8.636364523104346590e+05 4.394731696036004685e-03
8.908935501131545752e+05 4.379211300115854084e-03
9.480156674285588088e+05 4.347239966163591977e-03
9.779358447166774422e+05 4.355309180216828356e-03
1.040638920793219935e+06 4.380636832299781430e-03
1.073482366395237856e+06 4.316733263882659329e-03
1.107362378953822656e+06 4.325658445711593955e-03
1.178363997175473720e+06 4.332106948279605511e-03
1.215554162820161553e+06 4.339718637666257692e-03
1.253918081586970249e+06 4.331595518772767515e-03
1.293492798118421575e+06 4.342123088047817984e-03
1.334316526217329316e+06 4.357996926595322437e-03
1.376428685746484902e+06 4.338386713275712431e-03
1.419869940692930249e+06 4.323427608077658017e-03
1.464682238433575025e+06 4.313358570610862155e-03
1.510908850240065483e+06 4.323084661785543507e-03
1.558594413062029285e+06 4.320836909930931592e-03
1.607784972629023949e+06 4.312096492251592424e-03
1.658528027912823018e+06 4.298632594705062253e-03
1.710872576992975082e+06 4.305865799954917278e-03
1.764869164369910955e+06 4.297631173088650725e-03
1.820569929771302268e+06 4.289950700236080765e-03
1.878028658498780802e+06 4.301300311980678359e-03
1.937300833363641519e+06 4.304525867665274716e-03
1.998443688261691248e+06 4.290045845046665599e-03
2.061516263438955182e+06 4.293970292010195790e-03
2.126579462501626462e+06 4.287967230052173659e-03
2.193696111225280445e+06 4.279599792790261641e-03
2.262931018220172729e+06 4.285384346150558459e-03
2.334351037511188537e+06 4.283922166828086839e-03
2.408025133092843927e+06 4.289694788130916578e-03
2.484024445521734189e+06 4.282543611781488083e-03
2.562422360610658303e+06 4.283097484058586216e-03
2.643294580290812068e+06 4.280976554798542749e-03
2.726719195710458793e+06 4.279900336985820002e-03
2.812776762640621979e+06 4.280894811367056373e-03
2.901550379260679241e+06 4.275649585976364075e-03
2.993125766398919281e+06 4.276055272921018210e-03
3.087591350305570289e+06 4.276524718928248828e-03
3.185038348038198892e+06 4.274549806375622409e-03
3.285560855541952420e+06 4.268477135795918469e-03
3.389255938509691972e+06 4.272583253654410780e-03
3.496223726109744050e+06 4.271919519750974788e-03
3.606567507671786007e+06 4.271918311563546213e-03
3.720393832424212713e+06 4.270688192887390003e-03
3.837812612379289698e+06 4.271451142156642254e-03
3.958937228465472348e+06 4.267723404048277651e-03
4.083884640009329189e+06 4.264791326679351520e-03
4.212775497672830708e+06 4.263290559249688534e-03
4.345734259955013171e+06 4.263980193732935624e-03
4.482889313370523974e+06 4.264719130963343617e-03
4.624373096421157010e+06 4.262817501400008660e-03
4.770322227479962632e+06 4.262224374533528544e-03
4.920877636711540632e+06 4.261191954283868183e-03
5.076184702155845240e+06 4.260706033094088623e-03
5.236393390106864274e+06 4.259950788354963103e-03
5.401658399921843782e+06 4.258900198905216442e-03
5.572139313400736079e+06 4.259583399681122345e-03
5.748000748880239204e+06 4.259561186172947100e-03
5.929412520191183314e+06 4.259818211346297519e-03
6.116549800632687286e+06 4.259560117820197084e-03
6.309593292121538892e+06 4.259962395626194082e-03
6.508729399680043571e+06 4.259495476766089576e-03
6.714150411430878565e+06 4.259833224653161721e-03
6.926054684272711165e+06 4.259599094522460369e-03
7.144646835415896028e+06 4.259845710971998239e-03
7.370137939963234589e+06 4.259030340169929138e-03
7.602745734726508148e+06 4.258839075662729928e-03
7.842694828475685790e+06 4.258526624732157824e-03
8.090216918823729269e+06 4.257961353773899275e-03
8.345551015956458636e+06 4.257953235701755074e-03
8.608943673423567787e+06 4.257360285372100914e-03
8.880649226213570684e+06 4.257025533017215653e-03
9.160930036342617124e+06 4.256769784877036285e-03
9.450056746194263920e+06 4.256148512566182603e-03
9.748308539854869246e+06 4.255801876646790778e-03
1.005597341269699484e+07 4.255451376479068779e-03
1.037334844947103225e+07 4.255330584989233146e-03
1.070074011117370427e+07 4.255047367089612696e-03
1.103846453097032011e+07 4.255030110360061291e-03
1.138684781945657544e+07 4.255070954535429550e-03
1.174622637955474481e+07 4.255011647950430673e-03
1.211694723134819791e+07 4.254944483113537110e-03
1.249936834716804884e+07 4.254955373951530700e-03
1.289385899725528806e+07 4.254798517481665765e-03
1.330080010633242689e+07 4.254697908006908370e-03
1.372058462142884918e+07 4.254648587366444308e-03
1.415361789131489024e+07 4.254645130897816499e-03
1.460031805791140534e+07 4.254605822640850250e-03
1.506111646005233191e+07 4.254588389334621086e-03
1.553645804999048449e+07 4.254543818851753284e-03
1.602680182304862514e+07 4.254487050557174271e-03
1.653262126083053835e+07 4.254438707007345173e-03
1.705440478842045739e+07 4.254421049388451212e-03
1.759265624601184949e+07 4.254418229363700170e-03
1.814789537542135641e+07 4.254436355955135488e-03
1.872065832195754722e+07 4.254402873355368070e-03
1.931149815212889016e+07 4.254362846086220430e-03
1.992098538769130781e+07 4.254320234354244147e-03
2.054970855655041710e+07 4.254296524185790553e-03
2.119827476105092838e+07 4.254275265873758843e-03
