4.373462052840339311e+04 7.873551444121835996e-03
8.663872712536182371e+04 6.457224602629134218e-03
1.297612777633432561e+05 6.116763602444276644e-03
1.716321977237225219e+05 4.560111577721129988e-03
2.133352955044680566e+05 4.458830757821184709e-03
2.570584081843183085e+05 4.133747111639768726e-03
3.002659346223525354e+05 4.035802842885627406e-03
3.400051255699007888e+05 3.694161212420127554e-03
3.850036653648362262e+05 3.682571950117754806e-03
4.359576112151437555e+05 3.732020480745638566e-03
4.785516459628613084e+05 3.555339963547728827e-03
5.092353154750026879e+05 3.583079422115062387e-03
5.589887460015383549e+05 3.509804558203748030e-03
5.948298638579142280e+05 3.467098554453294530e-03
6.529460734121515416e+05 3.449402180897180765e-03
6.948115265870502917e+05 3.432018806379071810e-03
7.393612997095065657e+05 3.460968342088333819e-03
7.867675054173744284e+05 3.448935396914840600e-03
8.115985541599235730e+05 3.476344373844927806e-03
8.636364523104346590e+05 3.449157309644537879e-03
8.908935501131545752e+05 3.438809673425207228e-03
9.480156674285588088e+05 3.443309952778964098e-03
9.779358447166774422e+05 3.422194020823407599e-03
1.040638920793219935e+06 3.403606193175798700e-03
1.073482366395237856e+06 3.400933345956166139e-03
1.107362378953822656e+06 3.394005069404850642e-03
1.178363997175473720e+06 3.388141561170432501e-03
1.215554162820161553e+06 3.379100195171113111e-03
1.253918081586970249e+06 3.361358516972502188e-03
1.293492798118421575e+06 3.372414765333199387e-03
1.334316526217329316e+06 3.378395706903596172e-03
1.376428685746484902e+06 3.364906444918511728e-03
1.419869940692930249e+06 3.349497183296924838e-03
1.464682238433575025e+06 3.353833121116342724e-03
1.510908850240065483e+06 3.363414244426176248e-03
1.558594413062029285e+06 3.353896342774341770e-03
1.607784972629023949e+06 3.355488728552429543e-03
1.658528027912823018e+06 3.360087375601058385e-03
1.710872576992975082e+06 3.341708464103806259e-03
1.764869164369910955e+06 3.355988355784232657e-03
1.820569929771302268e+06 3.362776529697600932e-03
1.878028658498780802e+06 3.345052681785296456e-03
1.937300833363641519e+06 3.345138794180288044e-03
1.998443688261691248e+06 3.334999210155755161e-03
2.061516263438955182e+06 3.345136268838423167e-03
2.126579462501626462e+06 3.331639338509053642e-03
2.193696111225280445e+06 3.331313035673736777e-03
2.262931018220172729e+06 3.331107693496042528e-03
2.334351037511188537e+06 3.332078109202543745e-03
2.408025133092843927e+06 3.324671736127314016e-03
2.484024445521734189e+06 3.333785971198624694e-03
2.562422360610658303e+06 3.332917286639015819e-03
2.643294580290812068e+06 3.333743549008858463e-03
2.726719195710458793e+06 3.333117139414764479e-03
2.812776762640621979e+06 3.329425592867446548e-03
2.901550379260679241e+06 3.327010531167409139e-03
2.993125766398919281e+06 3.324081969332187865e-03
3.087591350305570289e+06 3.329520313749230465e-03
3.185038348038198892e+06 3.329000290865290982e-03
3.285560855541952420e+06 3.330269545215285530e-03
3.389255938509691972e+06 3.323156024947049921e-03
3.496223726109744050e+06 3.326508710522200259e-03
3.606567507671786007e+06 3.325745903700478776e-03
3.720393832424212713e+06 3.323674154609555613e-03
3.837812612379289698e+06 3.323264097234096461e-03
3.958937228465472348e+06 3.322432045386470353e-03
4.083884640009329189e+06 3.323713140237733159e-03
4.212775497672830708e+06 3.323315265241923774e-03
4.345734259955013171e+06 3.322531668421516149e-03
4.482889313370523974e+06 3.320363560990773153e-03
4.624373096421157010e+06 3.319839594098143287e-03
4.770322227479962632e+06 3.319333430337030166e-03
4.920877636711540632e+06 3.318977259587152853e-03
5.076184702155845240e+06 3.318609189070645133e-03
5.236393390106864274e+06 3.316752334775467832e-03
5.401658399921843782e+06 3.315948506467515915e-03
5.572139313400736079e+06 3.317373924892383797e-03
5.748000748880239204e+06 3.315741481255070171e-03
5.929412520191183314e+06 3.317264014787832740e-03
6.116549800632687286e+06 3.316568977113811077e-03
6.309593292121538892e+06 3.316351224215754404e-03
6.508729399680043571e+06 3.315333893353969962e-03
6.714150411430878565e+06 3.315226597176757807e-03
6.926054684272711165e+06 3.314767893314439495e-03
7.144646835415896028e+06 3.314750006285806065e-03
7.370137939963234589e+06 3.315656147904745034e-03
7.602745734726508148e+06 3.315115663029737873e-03
7.842694828475685790e+06 3.314939396027267223e-03
8.090216918823729269e+06 3.314222830543009281e-03
8.345551015956458636e+06 3.313759832099945693e-03
8.608943673423567787e+06 3.314047382713111289e-03
8.880649226213570684e+06 3.313984122718198738e-03
9.160930036342617124e+06 3.313211904346774483e-03
9.450056746194263920e+06 3.313020722754511909e-03
9.748308539854869246e+06 3.313132328089021979e-03
1.005597341269699484e+07 3.312747373594548961e-03
1.037334844947103225e+07 3.312826033977231670e-03
1.070074011117370427e+07 3.312577208733815965e-03
1.103846453097032011e+07 3.312541090795319190e-03
1.138684781945657544e+07 3.312354040571409072e-03
1.174622637955474481e+07 3.312189620405744678e-03
1.211694723134819791e+07 3.312052965021500869e-03
1.249936834716804884e+07 3.311959086235173252e-03
1.289385899725528806e+07 3.311881563132340698e-03
1.330080010633242689e+07 3.311812436039136571e-03
1.372058462142884918e+07 3.311821396728977743e-03
1.415361789131489024e+07 3.311769640839984374e-03
1.460031805791140534e+07 3.311685662072205629e-03
1.506111646005233191e+07 3.311562403440149009e-03
1.553645804999048449e+07 3.311446826541721358e-03
1.602680182304862514e+07 3.311289965697325737e-03
1.653262126083053835e+07 3.311208543652594243e-03
1.705440478842045739e+07 3.311135089796348949e-03
1.759265624601184949e+07 3.311063127886976556e-03
1.814789537542135641e+07 3.310992823822689335e-03
1.872065832195754722e+07 3.310910574988027485e-03
1.931149815212889016e+07 3.310807645473496513e-03
1.992098538769130781e+07 3.310694573058087405e-03
2.054970855655041710e+07 3.310591053993075950e-03
2.119827476105092838e+07 3.310494267467314553e-03
