2.374039742091349145e-02 6.337969750165939505e-03
4.736832031633308321e-02 6.075077131390571941e-03
6.846805405866014660e-02 5.825523706153035337e-03
9.451222445055411370e-02 5.634286161512136633e-03
1.136286860934795223e-01 5.484613683074712406e-03
1.366117280424966329e-01 5.353901255875826055e-03
1.642434219771199688e-01 5.232408549636602749e-03
1.885766797500710024e-01 5.119075672701001514e-03
2.067702176470289366e-01 5.013781460002064358e-03
2.374039742091349214e-01 4.915383132174611265e-03
2.603082813980555077e-01 4.822119511663914074e-03
2.725762327459708700e-01 4.732795944437384779e-03
2.988738959928071148e-01 4.646868258714675730e-03
3.277087103524789491e-01 4.564062179997563536e-03
3.431531460550240054e-01 4.483994562178850174e-03
3.762599425872716896e-01 4.406461538746952837e-03
3.939925273711246678e-01 4.331192979589104479e-03
4.125608231290300298e-01 4.258024087175726717e-03
4.320042157057852328e-01 4.186840075999498194e-03
4.736832031633308460e-01 4.117493983358144760e-03
4.960072047645178728e-01 4.049944831058383335e-03
5.193833041478548296e-01 3.984062932431697845e-03
5.438610851542219349e-01 3.919643396511673754e-03
5.694924684389270908e-01 3.825430385768413630e-03
5.963318216023762997e-01 3.734049107879400427e-03
6.244360745110443256e-01 3.674900834448635665e-03
6.538648400533531024e-01 3.617056738585233775e-03
6.846805405866013272e-01 3.532740194350480947e-03
7.169485403431529180e-01 3.450837871059775526e-03
7.507372840767374544e-01 3.371762856841087168e-03
7.861184422429497998e-01 3.294801642186939890e-03
8.231670630218950180e-01 3.220393555238842964e-03
8.619617315054403095e-01 3.124507260508835316e-03
9.025847363867310902e-01 3.054957347922027198e-03
9.451222445055416088e-01 2.987665613181888970e-03
9.896644836196951678e-01 2.900806115940213290e-03
1.036305933790234501e+00 2.817213535308837891e-03
1.085145527786299802e+00 2.736802538856864062e-03
1.136286860934794696e+00 2.640741993673145771e-03
1.189838410859966222e+00 2.548835496418177995e-03
1.245913767578986198e+00 2.478422783315181906e-03
1.304631874441609662e+00 2.394108031876385038e-03
1.366117280424966163e+00 2.297801338136196050e-03
1.430500404318638674e+00 2.206639922223985369e-03
1.497917811360400808e+00 2.120292163453996181e-03
1.568512502909397810e+00 2.038348326459527102e-03
1.642434219771200077e+00 1.960532274097204208e-03
1.719839759818128755e+00 1.886220392771065322e-03
1.800893310578565165e+00 1.804236345924436959e-03
1.885766797500710190e+00 1.716201403178274718e-03
1.974640248629512929e+00 1.633812545333057685e-03
2.067702176470289199e+00 1.556703448295593348e-03
2.165149977849019081e+00 1.484476344194263133e-03
2.267190352617480364e+00 1.416705222800373944e-03
2.374039742091349048e+00 1.345551700796931939e-03
2.485924788151246734e+00 1.272220432292670098e-03
2.603082813980555077e+00 1.204431336373090787e-03
2.725762327459708700e+00 1.135533431079238697e-03
2.854223548284725354e+00 1.071937358938157645e-03
2.988738959928070926e+00 1.013532327488064809e-03
3.129593887612636571e+00 9.500908083282411532e-04
3.277087103524790379e+00 8.916881808545440869e-04
3.431531460550241608e+00 8.385211345739662864e-04
3.593254555876957745e+00 7.862959231715649150e-04
3.762599425872718673e+00 7.387363351881503842e-04
3.939925273711248010e+00 6.925695866812020757e-04
4.125608231290302186e+00 6.478654919192195156e-04
4.320042157057854659e+00 6.050427502486855225e-04
4.523639471438666959e+00 5.641446099616586945e-04
4.736832031633308127e+00 5.272489972412586646e-04
4.960072047645175175e+00 4.923603381030261083e-04
5.193833041478544743e+00 4.575085418764502027e-04
5.438610851542216906e+00 4.262654052581638315e-04
5.694924684389268243e+00 3.972296719439327608e-04
5.963318216023761664e+00 3.689120319904759635e-04
6.244360745110442146e+00 3.435654041822999824e-04
6.538648400533531024e+00 3.200300823664292802e-04
6.846805405866013494e+00 2.982299716677516916e-04
7.169485403431528958e+00 2.773773041553795229e-04
7.507372840767374989e+00 2.574352052761242010e-04
7.861184422429498220e+00 2.396954063442535753e-04
8.231670630218948403e+00 2.229140300187282264e-04
8.619617315054401985e+00 2.069978727377019823e-04
9.025847363867310236e+00 1.925372431287541931e-04
9.451222445055416088e+00 1.793667019228451008e-04
9.896644836196950124e+00 1.669129269430413842e-04
1.036305933790234590e+01 1.550564731587655734e-04
1.085145527786299979e+01 1.443654444301501025e-04
1.136286860934795584e+01 1.343626528978347670e-04
1.189838410859966977e+01 1.252572837984189391e-04
1.245913767578986686e+01 1.166273010312579518e-04
1.304631874441610329e+01 1.083708659280091551e-04
1.366117280424967007e+01 1.008044651825912243e-04
1.430500404318639163e+01 9.365082951262593269e-05
1.497917811360400897e+01 8.665342393214814636e-05
1.568512502909397099e+01 8.037179723032749647e-05
1.642434219771199366e+01 7.474362282664515620e-05
1.719839759818128044e+01 6.953507618163712052e-05
1.800893310578564055e+01 6.478137875092216107e-05
1.885766797500709657e+01 6.045266090950463103e-05
1.974640248629512840e+01 5.630392479361034930e-05
2.067702176470289288e+01 5.241885446594096720e-05
2.165149977849018725e+01 4.863280555582605573e-05
2.267190352617480542e+01 4.517712732194922593e-05
2.374039742091349581e+01 4.197516427666414800e-05
2.485924788151246645e+01 3.903535071003716439e-05
2.603082813980554988e+01 3.636048495536670089e-05
2.725762327459708345e+01 3.346613375470042500e-05
2.854223548284724998e+01 3.093363357038469714e-05
2.988738959928070926e+01 2.893251876230351695e-05
3.129593887612636749e+01 2.694842169148614630e-05
3.277087103524790734e+01 2.502272582205478102e-05
3.431531460550241519e+01 2.322966156498296186e-05
3.593254555876957568e+01 2.165311270800884745e-05
3.762599425872718228e+01 1.996245537156937712e-05
3.939925273711248366e+01 1.865823505795560642e-05
4.125608231290302541e+01 1.731985994410933791e-05
4.320042157057854126e+01 1.559901165819610401e-05
4.523639471438667670e+01 1.386514613841427524e-05
4.736832031633310436e+01 1.290759291805443354e-05
4.960072047645179083e+01 1.187011430374695852e-05
5.193833041478545454e+01 1.064104417309863561e-05
5.438610851542216551e+01 9.693966148915933445e-06
5.694924684389268066e+01 8.755194858167670413e-06
5.963318216023762375e+01 7.770565571263431825e-06
6.244360745110442679e+01 6.913039806022425521e-06
6.538648400533530491e+01 6.274930501604103314e-06
6.846805405866012961e+01 5.762754381066770462e-06
7.169485403431528425e+01 4.912002486889832314e-06
7.507372840767374100e+01 4.289885691832751205e-06
7.861184422429498397e+01 3.824176906164211348e-06
8.231670630218950180e+01 3.251241651014424860e-06
8.619617315054402695e+01 2.831520509971596851e-06
9.025847363867310946e+01 2.500681534911563916e-06
9.451222445055417154e+01 1.947038526850519702e-06
9.896644836196954031e+01 1.765338993209297769e-06
1.036305933790234661e+02 1.504111207850655731e-06
1.085145527786299908e+02 1.105607782392326086e-06
1.136286860934795442e+02 9.561814209746443825e-07
1.189838410859966729e+02 9.393871739149517664e-07
1.245913767578986722e+02 8.157273867936964538e-07
1.304631874441610364e+02 6.032918349774262910e-07
1.366117280424967078e+02 3.788946749239130335e-07
1.430500404318639198e+02 6.201356895552123872e-07
1.497917811360401572e+02 3.923381016512905929e-07
1.568512502909396744e+02 2.314297091743355916e-08
1.642434219771199082e+02 1.444697517172244261e-07
1.719839759818127902e+02 -3.845398985902193222e-08
1.800893310578564126e+02 -1.179699179232329645e-07
1.885766797500709799e+02 5.329879073645571320e-08
1.974640248629512769e+02 2.267445275094814913e-07
2.067702176470289146e+02 2.811463577501172040e-07
2.165149977849018796e+02 -4.933720845201605566e-08
2.267190352617481608e+02 -5.462058830119076023e-07
