4.402668768255080977e+03 1.260046613251114382e-02
8.702291228692711229e+03 1.180910553899079847e-02
1.276695311178296106e+04 1.123413817660470423e-02
1.720090168377494410e+04 1.073666079802479585e-02
2.128263827136110558e+04 1.032973594002124275e-02
2.633296208052036673e+04 9.959732651294442643e-03
2.992156217165216367e+04 9.615366182283079446e-03
3.399920905420426425e+04 9.315362582425346441e-03
3.863254898524766031e+04 9.046184372960211842e-03
4.389731063208368141e+04 8.789206796156944987e-03
4.779996890100366727e+04 8.561328626432085018e-03
5.204959014657664375e+04 8.326199063567827491e-03
5.667702085826511029e+04 8.120490748311323670e-03
5.914279763961255958e+04 7.933866599203392989e-03
6.440084477124233672e+04 7.755038224642094545e-03
7.012635473421998904e+04 7.574931519275603445e-03
7.317725498701544711e+04 7.426827338619317043e-03
7.636088696938366047e+04 7.279651553548049242e-03
8.314969572923782107e+04 7.130379499460571049e-03
8.676718631008510420e+04 6.997040467920837871e-03
9.054205856247972406e+04 6.884328263374438900e-03
9.448115949541462760e+04 6.757909934142839782e-03
9.859163400220239419e+04 6.651778096038235208e-03
1.028809378201585205e+05 6.550817437443757878e-03
1.073568510541054857e+05 6.453134033326870904e-03
1.120274922882271785e+05 6.363387875129852128e-03
1.169013333118703304e+05 6.282485236628118988e-03
1.219872144860027474e+05 6.191169097001856907e-03
1.272943607782017789e+05 6.075331307519520919e-03
1.328323984952562314e+05 5.959322309467460742e-03
1.386113727437329653e+05 5.893921660710935498e-03
1.446417656501793244e+05 5.796520466219083623e-03
1.509345153740085370e+05 5.712588678145725553e-03
1.575010359475556761e+05 5.630544439590568287e-03
1.643532379792899883e+05 5.553020141002856618e-03
1.715035502577361767e+05 5.482991666664070729e-03
1.789649422952906461e+05 5.396421865603464110e-03
1.867509478528242907e+05 5.310609017136626309e-03
1.948756894877398154e+05 5.240992119733013307e-03
2.033539041700111702e+05 5.177795489456868058e-03
2.122009700126690441e+05 5.117862331150201810e-03
2.214329341652157309e+05 5.060301691674002483e-03
2.310665419205641083e+05 5.008013047702336400e-03
2.411192670882964449e+05 4.947286054184092501e-03
2.516093436893345497e+05 4.894334853670997791e-03
2.625557990295107011e+05 4.847235344680722417e-03
2.739784882120293914e+05 4.800268955180127597e-03
2.858981301514200168e+05 4.756266918243916980e-03
2.983363451543037081e+05 4.713280391513648138e-03
3.113156941351395799e+05 4.673304411541331048e-03
3.248597195380828343e+05 4.635300688716399199e-03
3.389929880391783081e+05 4.598242670924107718e-03
3.537411351063454640e+05 4.563998947798384581e-03
3.691309114979797741e+05 4.532049855134389314e-03
3.851902317845114740e+05 4.500472541131758479e-03
4.019482249809301575e+05 4.471915445653678808e-03
4.194352873821160174e+05 4.446287510880338190e-03
4.376831376968135592e+05 4.422968948544062084e-03
4.567248745802495396e+05 4.399487505863344805e-03
4.765950366697513382e+05 4.376973149560686033e-03
4.973296652322599548e+05 4.358457947889163471e-03
5.189663695373723749e+05 4.337687738552253001e-03
5.415443950744859176e+05 4.319111614699566032e-03
5.651046947377803735e+05 4.305980357739941020e-03
5.896900031081594061e+05 4.290791949836552689e-03
6.153449139668828575e+05 4.276186471039895853e-03
6.421159611814880045e+05 4.262187323923733936e-03
6.700517031107150251e+05 4.249828640537116169e-03
6.992028106815317878e+05 4.238850418784456502e-03
7.296221592980173882e+05 4.228053560619988646e-03
7.613649247488108231e+05 4.217280929678308629e-03
7.944886832870859653e+05 4.207500440683154333e-03
8.290535160645822762e+05 4.199077162690167606e-03
8.651221181091159815e+05 4.190573635247296994e-03
9.027599120432425989e+05 4.183073229575325590e-03
9.420351667503338540e+05 4.175995103375638832e-03
9.830191212033140473e+05 4.169785097081492656e-03
1.025786113680658164e+06 4.163338817647158248e-03
1.070413716604031390e+06 4.157532534406218304e-03
1.116982877242140938e+06 4.152338818477920197e-03
1.165578064536016202e+06 4.146989819888736994e-03
1.216287422312036389e+06 4.142287870712275423e-03
1.269202929160604253e+06 4.137903139795951792e-03
1.324420565270459978e+06 4.134138608166235129e-03
1.382040486521255691e+06 4.130246584510466681e-03
1.442167206150155980e+06 4.126466838702022404e-03
1.504909784321977990e+06 4.123110211764104659e-03
1.570382025946733309e+06 4.119916205609918357e-03
1.638702687103363918e+06 4.116896940129417121e-03
1.709995690444097621e+06 4.114008323654000029e-03
1.784390349970143754e+06 4.111358458972029506e-03
1.862021605586416787e+06 4.108753194136458356e-03
1.943030267860745313e+06 4.106367457049210634e-03
2.027563273431514623e+06 4.103947664460414792e-03
2.115773951527012512e+06 4.101778277661947622e-03
2.207822302079902031e+06 4.099767220480451425e-03
2.303875285941275768e+06 4.097746995771703142e-03
2.404107127720690332e+06 4.095847867721691925e-03
2.508699631801488344e+06 4.094078770550091742e-03
2.617842512104606722e+06 4.092467637735205596e-03
2.731733736199009698e+06 4.090912509088715128e-03
2.850579884382903110e+06 4.089480383354082357e-03
2.974596524387058336e+06 4.088102223997878114e-03
3.104008602379877120e+06 4.086822599714421723e-03
3.239050850983437151e+06 4.085577229207932107e-03
3.379968215040580370e+06 4.084447165290833702e-03
3.527016295905329287e+06 4.083338687610766661e-03
3.680461815062484704e+06 4.082323670940935303e-03
3.840583097917342093e+06 4.081311255515897296e-03
4.007670578633065801e+06 4.080298393685673035e-03
4.182027326931377407e+06 4.079438538881515267e-03
4.363969597812118940e+06 4.078544519093284769e-03
4.553827405188770033e+06 4.077760190981682444e-03
4.751945120480441488e+06 4.076998814980230951e-03
4.958682097246030346e+06 4.076309442384974321e-03
5.174413322993571870e+06 4.075651811637062694e-03
5.399530099347066134e+06 4.075002869743537919e-03
5.634440751804464497e+06 4.074432241864052451e-03
5.879571370374217629e+06 4.073882421115421204e-03
6.135366582433775999e+06 4.073370483918456290e-03
6.402290359211891890e+06 4.072888052954308676e-03
6.680826857357543893e+06 4.072435789564364528e-03
6.971481297121950425e+06 4.071989277331018210e-03
7.274780878746563569e+06 4.071574923354183591e-03
7.591275738719213754e+06 4.071166966443724722e-03
7.921539947632909752e+06 4.070800489281766431e-03
8.266172551457234658e+06 4.070454277025217261e-03
8.625798658111047000e+06 4.070134629082142706e-03
9.001070571307353675e+06 4.069853881331698606e-03
9.392668973726961762e+06 4.069591497439333655e-03
9.801304161666996777e+06 4.069365171828550655e-03
1.022771733340373263e+07 4.069173543675398685e-03
1.067268193360666372e+07 4.069009855087736896e-03
1.113700505624227971e+07 4.068870102784553910e-03
1.162152890851223655e+07 4.068745501900361897e-03
1.212713233848131076e+07 4.068634406216482986e-03
1.265473242916593328e+07 4.068538135533645954e-03
1.320528616197475046e+07 4.068461504507111214e-03
1.377979215251847915e+07 4.068391060041689697e-03
1.437929246193742193e+07 4.068329850204031178e-03
1.500487448703214899e+07 4.068280479213962422e-03
1.565767293262583762e+07 4.068231961881084609e-03
1.633887186973565444e+07 4.068190502959290709e-03
1.704970688328647614e+07 4.068151856062094361e-03
1.779146731326251104e+07 4.068109827478326619e-03
1.856549859336193278e+07 4.068074986859460986e-03
1.937320469139645249e+07 4.068035356650166225e-03
2.021605065586232394e+07 4.068000303945636456e-03
2.109556527330185100e+07 4.067967217198384736e-03
