2.374039742091349145e-02 6.381574014213232254e-03
4.736832031633308321e-02 6.131492936823223702e-03
6.846805405866014660e-02 5.891605206507178824e-03
9.451222445055411370e-02 5.706632628853771684e-03
1.136286860934795223e-01 5.561989411400470804e-03
1.366117280424966329e-01 5.435966067175708981e-03
1.642434219771199688e-01 5.318859925788573841e-03
1.885766797500710301e-01 5.210206184168347451e-03
2.067702176470289366e-01 5.110254991712110707e-03
2.374039742091349492e-01 5.016844097031764906e-03
2.603082813980555077e-01 4.927625260023794744e-03
2.725762327459708700e-01 4.841483724366463237e-03
2.988738959928071148e-01 4.758363831933907877e-03
3.277087103524790046e-01 4.677933711679773711e-03
3.431531460550240609e-01 4.599484702638400625e-03
3.762599425872716341e-01 4.522423435557685646e-03
3.939925273711246123e-01 4.446951458738280204e-03
4.125608231290300298e-01 4.373237098410870903e-03
4.320042157057852328e-01 4.300990010550893687e-03
4.736832031633308460e-01 4.230701653508834627e-03
4.960072047645178728e-01 4.163009301595276164e-03
5.193833041478548296e-01 4.098594444764682224e-03
5.438610851542220459e-01 4.037577585293343832e-03
5.694924684389270908e-01 3.949795354714028851e-03
5.963318216023762997e-01 3.862229620202273662e-03
6.244360745110443256e-01 3.802626259099079788e-03
6.538648400533532135e-01 3.743100790500750001e-03
6.846805405866014382e-01 3.657999818984956995e-03
7.169485403431529180e-01 3.577383779403145274e-03
7.507372840767374544e-01 3.503240468169961479e-03
7.861184422429497998e-01 3.433464515056518489e-03
8.231670630218950180e-01 3.363980215961864632e-03
8.619617315054403095e-01 3.269537413480102898e-03
9.025847363867310902e-01 3.199666821596228432e-03
9.451222445055416088e-01 3.133714100132143146e-03
9.896644836196950568e-01 3.050076810308742937e-03
1.036305933790234501e+00 2.968355521347825366e-03
1.085145527786299802e+00 2.890191195389381178e-03
1.136286860934794918e+00 2.797175079486578179e-03
1.189838410859966222e+00 2.705647931758059857e-03
1.245913767578986198e+00 2.633475565838214096e-03
1.304631874441609662e+00 2.545991245319245439e-03
1.366117280424966163e+00 2.447013228840063271e-03
1.430500404318638674e+00 2.352481939962731798e-03
1.497917811360400586e+00 2.253225453803953809e-03
1.568512502909397810e+00 2.161042143342992595e-03
1.642434219771200077e+00 2.082760524276180535e-03
1.719839759818128755e+00 2.009040367562899086e-03
1.800893310578565165e+00 1.921941747636902835e-03
1.885766797500710190e+00 1.831731748332841728e-03
1.974640248629512929e+00 1.747333877396703688e-03
2.067702176470289199e+00 1.665066693899273313e-03
2.165149977849019081e+00 1.585426713893400147e-03
2.267190352617480364e+00 1.516871719273514812e-03
2.374039742091349492e+00 1.443071946452675110e-03
2.485924788151246734e+00 1.362876999010234624e-03
2.603082813980555077e+00 1.295278023659844017e-03
2.725762327459708700e+00 1.218811814809214874e-03
2.854223548284725354e+00 1.145415182026126698e-03
2.988738959928070926e+00 1.075640154978090143e-03
3.129593887612636571e+00 9.957470913729521249e-04
3.277087103524790379e+00 9.187039870803046350e-04
3.431531460550242052e+00 8.510549577395275104e-04
3.593254555876957745e+00 7.857447560473267449e-04
3.762599425872718673e+00 7.341873805917723678e-04
3.939925273711248010e+00 6.914552714851276722e-04
4.125608231290302186e+00 6.410818068882360738e-04
4.320042157057854659e+00 5.951536620037815037e-04
4.523639471438666959e+00 5.539283745658671191e-04
4.736832031633308127e+00 5.103397815519933236e-04
4.960072047645176063e+00 4.760896897792512563e-04
5.193833041478546519e+00 4.465240044246702208e-04
5.438610851542217794e+00 4.146765088126946126e-04
5.694924684389268243e+00 3.808364551137507332e-04
5.963318216023761664e+00 3.581420772241171164e-04
6.244360745110442146e+00 3.316803340855860685e-04
6.538648400533531913e+00 3.123639032983497655e-04
6.846805405866014382e+00 2.833346769142795069e-04
7.169485403431528958e+00 2.477035966574560235e-04
7.507372840767374989e+00 2.354673289957023993e-04
7.861184422429498220e+00 2.186075311714501159e-04
8.231670630218950180e+00 1.995019104991068142e-04
8.619617315054403761e+00 1.960534825376675531e-04
9.025847363867310236e+00 1.854265813069914850e-04
9.451222445055416088e+00 1.727286282621690722e-04
9.896644836196951900e+00 1.695312953891216375e-04
1.036305933790234590e+01 1.529107943061742991e-04
1.085145527786299979e+01 1.338289004448039315e-04
1.136286860934795406e+01 1.326201577116478464e-04
1.189838410859966800e+01 1.213143649988239145e-04
1.245913767578986686e+01 8.888183548358989585e-05
1.304631874441610329e+01 5.723537515669336608e-05
1.366117280424967007e+01 3.706026553028826903e-05
1.430500404318639163e+01 2.701927033512934985e-05
1.497917811360400897e+01 2.045667704661832231e-05
1.568512502909397099e+01 1.741138844964949787e-05
1.642434219771199366e+01 1.843134267259527933e-05
1.719839759818128044e+01 4.491575329452601983e-05
1.800893310578564055e+01 6.717079268844616910e-05
1.885766797500709657e+01 6.201377862326215584e-05
1.974640248629512840e+01 7.395094840090789203e-05
2.067702176470289288e+01 6.576682053271603906e-05
2.165149977849018725e+01 5.068160633725331266e-05
2.267190352617480542e+01 2.664734857830255556e-05
2.374039742091349225e+01 2.322664650773703209e-05
2.485924788151246645e+01 2.205634897239125747e-05
2.603082813980555343e+01 3.719667516895540626e-05
2.725762327459708700e+01 3.546664677948941117e-05
2.854223548284725354e+01 3.272833042963000348e-05
2.988738959928070926e+01 2.075110498912821922e-05
3.129593887612637104e+01 1.489723837387703701e-05
3.277087103524790734e+01 9.356176151201232033e-06
3.431531460550241519e+01 4.112121791234302803e-06
3.593254555876957568e+01 8.293190407581112138e-06
3.762599425872718939e+01 1.540705975796711244e-05
3.939925273711248366e+01 7.943272227131445095e-06
4.125608231290302541e+01 3.466490916013380845e-06
4.320042157057854126e+01 1.003736080152939075e-05
4.523639471438667670e+01 8.851725830806559371e-06
4.736832031633310436e+01 -1.046608414403744026e-05
4.960072047645179083e+01 -8.779462761749432184e-06
5.193833041478545454e+01 -2.611219282151661699e-05
5.438610851542216551e+01 -2.512802535743958828e-05
5.694924684389268066e+01 -7.892461406275178351e-06
5.963318216023762375e+01 -6.563460061226874169e-07
6.244360745110443389e+01 1.339638408421284121e-05
6.538648400533531913e+01 2.980854227810630642e-05
6.846805405866012961e+01 9.784230096166668313e-06
7.169485403431529846e+01 -2.308339834358628524e-05
7.507372840767375521e+01 -2.213396293940362612e-05
7.861184422429498397e+01 -1.368191764885433087e-05
8.231670630218950180e+01 -1.104228707745301837e-05
8.619617315054402695e+01 -1.112005461536381829e-05
9.025847363867310946e+01 3.551625531375824265e-06
9.451222445055415733e+01 1.097868033451585624e-05
9.896644836196952610e+01 3.869855846585854703e-06
1.036305933790234661e+02 1.589635618906243836e-05
1.085145527786300050e+02 1.162532669693168856e-05
1.136286860934795442e+02 -1.113782265267375872e-05
1.189838410859966871e+02 -7.204756733950653555e-06
1.245913767578986722e+02 -1.441251393205045246e-05
1.304631874441610364e+02 3.297951599666683425e-06
1.366117280424967078e+02 2.396387927189310571e-05
1.430500404318639198e+02 3.660435784165661953e-05
1.497917811360401572e+02 -1.642704617143093680e-05
1.568512502909397028e+02 1.114203426074383340e-05
1.642434219771199366e+02 -1.911882835357244737e-05
1.719839759818127902e+02 -2.030237749781955330e-05
1.800893310578564126e+02 -3.938176574225127916e-05
1.885766797500709799e+02 -6.630961104967336250e-05
1.974640248629512769e+02 -3.526909155632268765e-05
2.067702176470289146e+02 3.517074801729039193e-05
2.165149977849018796e+02 5.062047728522129389e-05
2.267190352617480471e+02 -6.070854118219569976e-06
