2.374039742091349145e-02 6.340603809803724289e-03
4.736832031633308321e-02 6.085390225052833557e-03
6.846805405866014660e-02 5.840408150106668472e-03
9.451222445055411370e-02 5.652058869600296021e-03
1.136286860934795223e-01 5.504922010004520416e-03
1.366117280424966329e-01 5.376927088946104050e-03
1.642434219771199688e-01 5.257917568087577820e-03
1.885766797500710024e-01 5.146656651049852371e-03
2.067702176470289366e-01 5.043393466621637344e-03
2.374039742091349214e-01 4.946866072714328766e-03
2.603082813980555077e-01 4.855475854128599167e-03
2.725762327459708700e-01 4.768035374581813812e-03
2.988738959928071148e-01 4.683875944465398788e-03
3.277087103524789491e-01 4.602503497153520584e-03
3.431531460550240054e-01 4.523947834968566895e-03
3.762599425872716896e-01 4.447644576430320740e-03
3.939925273711246678e-01 4.373676609247922897e-03
4.125608231290300298e-01 4.301629029214382172e-03
4.320042157057852328e-01 4.231457598507404327e-03
4.736832031633308460e-01 4.163155797868967056e-03
4.960072047645178728e-01 4.096436779946088791e-03
5.193833041478548296e-01 4.031521268188953400e-03
5.438610851542219349e-01 3.968154545873403549e-03
5.694924684389270908e-01 3.876122413203120232e-03
5.963318216023762997e-01 3.786640008911490440e-03
6.244360745110443256e-01 3.728639334440231323e-03
6.538648400533531024e-01 3.671782091259956360e-03
6.846805405866013272e-01 3.588825464248657227e-03
7.169485403431529180e-01 3.508258378133177757e-03
7.507372840767374544e-01 3.430534852668642998e-03
7.861184422429497998e-01 3.354960586875677109e-03
8.231670630218950180e-01 3.281995421275496483e-03
8.619617315054403095e-01 3.187981666997075081e-03
9.025847363867310902e-01 3.119474509730935097e-03
9.451222445055416088e-01 3.053047927096486092e-03
9.896644836196951678e-01 2.966685919091105461e-03
1.036305933790234501e+00 2.883287379518151283e-03
1.085145527786299802e+00 2.803104463964700699e-03
1.136286860934794696e+00 2.706999657675623894e-03
1.189838410859966222e+00 2.614787779748439789e-03
1.245913767578986198e+00 2.544371644034981728e-03
1.304631874441609662e+00 2.460225252434611320e-03
1.366117280424966163e+00 2.363557927310466766e-03
1.430500404318638674e+00 2.271795645356178284e-03
1.497917811360400808e+00 2.184766577556729317e-03
1.568512502909397810e+00 2.101860241964459419e-03
1.642434219771200077e+00 2.023125765845179558e-03
1.719839759818128755e+00 1.948217512108385563e-03
1.800893310578565165e+00 1.865599188022315502e-03
1.885766797500710190e+00 1.776616903953254223e-03
1.974640248629512929e+00 1.693398924544453621e-03
2.067702176470289199e+00 1.615732675418257713e-03
2.165149977849019081e+00 1.542845740914344788e-03
2.267190352617480364e+00 1.473928452469408512e-03
2.374039742091349048e+00 1.401204848662018776e-03
2.485924788151246734e+00 1.325958291999995708e-03
2.603082813980555077e+00 1.256278948858380318e-03
2.725762327459708700e+00 1.185258035548031330e-03
2.854223548284725354e+00 1.120042754337191582e-03
2.988738959928070926e+00 1.060107140801846981e-03
3.129593887612636571e+00 9.955485584214329720e-04
3.277087103524790379e+00 9.360890835523605347e-04
3.431531460550241608e+00 8.814845932647585869e-04
3.593254555876957745e+00 8.274765568785369396e-04
3.762599425872718673e+00 7.786741480231285095e-04
3.939925273711248010e+00 7.311856024898588657e-04
4.125608231290302186e+00 6.848188349977135658e-04
4.320042157057854659e+00 6.398221594281494617e-04
4.523639471438666959e+00 5.970530910417437553e-04
4.736832031633308127e+00 5.589618813246488571e-04
4.960072047645175175e+00 5.228311638347804546e-04
5.193833041478544743e+00 4.867472744081169367e-04
5.438610851542216906e+00 4.543450777418911457e-04
5.694924684389268243e+00 4.237317189108580351e-04
5.963318216023761664e+00 3.935119311790913343e-04
6.244360745110442146e+00 3.661988012026995420e-04
6.538648400533531024e+00 3.407844633329659700e-04
6.846805405866013494e+00 3.174782032147049904e-04
7.169485403431528958e+00 2.955347590614110231e-04
7.507372840767374989e+00 2.747865219134837389e-04
7.861184422429498220e+00 2.561994770076125860e-04
8.231670630218948403e+00 2.384919062023982406e-04
8.619617315054401985e+00 2.213657280663028359e-04
9.025847363867310236e+00 2.060126862488687038e-04
9.451222445055416088e+00 1.923853997141122818e-04
9.896644836196950124e+00 1.794082927517592907e-04
1.036305933790234590e+01 1.666767348069697618e-04
1.085145527786299979e+01 1.546578714624047279e-04
1.136286860934795584e+01 1.428775431122630835e-04
1.189838410859966977e+01 1.324887998634949327e-04
1.245913767578986686e+01 1.219355472130700946e-04
1.304631874441610329e+01 1.128291987697593868e-04
1.366117280424967007e+01 1.053167652571573853e-04
1.430500404318639163e+01 9.894912363961338997e-05
1.497917811360400897e+01 9.230672003468498588e-05
1.568512502909397099e+01 8.489051106153056026e-05
1.642434219771199366e+01 7.849961548345163465e-05
1.719839759818128044e+01 7.287255721166729927e-05
1.800893310578564055e+01 6.742779078194871545e-05
1.885766797500709657e+01 6.273142207646742463e-05
1.974640248629512840e+01 5.893628258490934968e-05
2.067702176470289288e+01 5.478352977661415935e-05
2.165149977849018725e+01 5.048026650911197066e-05
2.267190352617480542e+01 4.587502189679071307e-05
2.374039742091349581e+01 4.215046647004783154e-05
2.485924788151246645e+01 3.946254946640692651e-05
2.603082813980554988e+01 3.825155363301746547e-05
2.725762327459708345e+01 3.572643981897272170e-05
2.854223548284724998e+01 3.275949711678549647e-05
2.988738959928070926e+01 3.093982013524509966e-05
3.129593887612636749e+01 2.857480831153225154e-05
3.277087103524790734e+01 2.528949517000000924e-05
3.431531460550241519e+01 2.401013989583589137e-05
3.593254555876957568e+01 2.169436993426643312e-05
3.762599425872718228e+01 1.908985177578870207e-05
3.939925273711248366e+01 1.775159944372717291e-05
4.125608231290302541e+01 1.653734761930536479e-05
4.320042157057854126e+01 1.513964707555714995e-05
4.523639471438667670e+01 1.496560071245767176e-05
4.736832031633310436e+01 1.322661955782677978e-05
4.960072047645179083e+01 1.208876801683800295e-05
5.193833041478545454e+01 1.056461132975528017e-05
5.438610851542216551e+01 9.110737664741463959e-06
5.694924684389268066e+01 8.607716154074296355e-06
5.963318216023762375e+01 6.543727067764848471e-06
6.244360745110442679e+01 5.048070761404233053e-06
6.538648400533530491e+01 4.636872290575411171e-06
6.846805405866012961e+01 4.390886715555097908e-06
7.169485403431528425e+01 3.448464440225507133e-06
7.507372840767374100e+01 2.862968131012166850e-06
7.861184422429498397e+01 3.036506541320704855e-06
8.231670630218950180e+01 2.225688376711332239e-06
8.619617315054402695e+01 2.202584482802194543e-06
9.025847363867310946e+01 1.245038674824172631e-06
9.451222445055417154e+01 9.906187870001303963e-07
9.896644836196954031e+01 7.646136168659722898e-07
1.036305933790234661e+02 -7.812501934267856996e-08
1.085145527786299908e+02 4.128876867071085144e-07
1.136286860934795442e+02 1.213020141221932136e-06
1.189838410859966729e+02 1.523112246104574297e-06
1.245913767578986722e+02 5.468003791975206695e-07
1.304631874441610364e+02 5.179944650990364607e-07
1.366117280424967078e+02 5.439444521471159533e-07
1.430500404318639198e+02 -1.314951987296808511e-07
1.497917811360401572e+02 6.411775643755390774e-07
1.568512502909396744e+02 -2.031528900658940984e-08
1.642434219771199082e+02 2.111049894892857992e-07
1.719839759818127902e+02 -3.818359459728526417e-07
1.800893310578564126e+02 9.156581626257320750e-08
1.885766797500709799e+02 -8.088256322480447125e-07
1.974640248629512769e+02 -5.041597432864364237e-07
2.067702176470289146e+02 2.038533608583747991e-07
2.165149977849018796e+02 4.118103333894396201e-06
2.267190352617481608e+02 4.011957912553043570e-07
