2.374039742091349145e-02 6.476704688902605762e-03
4.736832031633308321e-02 6.223630841974832698e-03
6.846805405866014660e-02 5.982611157615965077e-03
9.451222445055411370e-02 5.797238507867640001e-03
1.136286860934795223e-01 5.651221887348979560e-03
1.366117280424966329e-01 5.522696566161031800e-03
1.642434219771199688e-01 5.402212756399943534e-03
1.885766797500710301e-01 5.288262816148505720e-03
2.067702176470289366e-01 5.181079893400447264e-03
2.374039742091349492e-01 5.079793313884242364e-03
2.603082813980555077e-01 4.983475116955522755e-03
2.725762327459708700e-01 4.891751877307711459e-03
2.988738959928071148e-01 4.804145905295919075e-03
3.277087103524790046e-01 4.720399512763682331e-03
3.431531460550240609e-01 4.640524582244993576e-03
3.762599425872716341e-01 4.564104073127706399e-03
3.939925273711246123e-01 4.490218829831795107e-03
4.125608231290300298e-01 4.418083890521585892e-03
4.320042157057852328e-01 4.347079201445846336e-03
4.736832031633308460e-01 4.276622244849280496e-03
4.960072047645178728e-01 4.207002705556333461e-03
5.193833041478548296e-01 4.139323744549295789e-03
5.438610851542220459e-01 4.073725645455670077e-03
5.694924684389270908e-01 3.977933471745421709e-03
5.963318216023762997e-01 3.885056507418925466e-03
6.244360745110443256e-01 3.825339270369070097e-03
6.538648400533532135e-01 3.766493689308847512e-03
6.846805405866014382e-01 3.679613575149480974e-03
7.169485403431529180e-01 3.594957303208695318e-03
7.507372840767374544e-01 3.515676543813840878e-03
7.861184422429497998e-01 3.440409719504430603e-03
8.231670630218950180e-01 3.367203702450295016e-03
8.619617315054403095e-01 3.271676416040337869e-03
9.025847363867310902e-01 3.202572198504120577e-03
9.451222445055416088e-01 3.138705551397810538e-03
9.896644836196950568e-01 3.055822027853901616e-03
1.036305933790234501e+00 2.969662206079012445e-03
1.085145527786299802e+00 2.882723702123506267e-03
1.136286860934794918e+00 2.781204509492095009e-03
1.189838410859966222e+00 2.685878943172913518e-03
1.245913767578986198e+00 2.613292666740853198e-03
1.304631874441609662e+00 2.525848164119972195e-03
1.366117280424966163e+00 2.427417263075637086e-03
1.430500404318638674e+00 2.337033416824588813e-03
1.497917811360400586e+00 2.247431182819270828e-03
1.568512502909397810e+00 2.163860521501628428e-03
1.642434219771200077e+00 2.083470978359082144e-03
1.719839759818128755e+00 2.003586094623564535e-03
1.800893310578565165e+00 1.915184483123046674e-03
1.885766797500710190e+00 1.821085010610612280e-03
1.974640248629512929e+00 1.739499036983461686e-03
2.067702176470289199e+00 1.659031938455247587e-03
2.165149977849019081e+00 1.581447430725855304e-03
2.267190352617480364e+00 1.513609699098163001e-03
2.374039742091349492e+00 1.433987006445473127e-03
2.485924788151246734e+00 1.348846604553944565e-03
2.603082813980555077e+00 1.271263370260540667e-03
2.725762327459708700e+00 1.188598921188807221e-03
2.854223548284725354e+00 1.115117590343026738e-03
2.988738959928070926e+00 1.056631455056732246e-03
3.129593887612636571e+00 9.981197804136122086e-04
3.277087103524790379e+00 9.536232023933010260e-04
3.431531460550242052e+00 9.086548773587206727e-04
3.593254555876957745e+00 8.480645977643328686e-04
3.762599425872718673e+00 7.988153971905560813e-04
3.939925273711248010e+00 7.548136913944889816e-04
4.125608231290302186e+00 7.066583590090862220e-04
4.320042157057854659e+00 6.606863560872781090e-04
4.523639471438666959e+00 6.268513433822568660e-04
4.736832031633308127e+00 5.971163013912785455e-04
4.960072047645176063e+00 5.700659065091419732e-04
5.193833041478546519e+00 5.247729024910071207e-04
5.438610851542217794e+00 4.831620291844297005e-04
5.694924684389268243e+00 4.521691136642681970e-04
5.963318216023761664e+00 4.179617222200584484e-04
6.244360745110442146e+00 3.956465596592659653e-04
6.538648400533531913e+00 3.755111947016545691e-04
6.846805405866014382e+00 3.621908817387202591e-04
7.169485403431528958e+00 3.422179647796160266e-04
7.507372840767374989e+00 3.126193821189941985e-04
7.861184422429498220e+00 2.966716451980661224e-04
8.231670630218950180e+00 2.947234672468898239e-04
8.619617315054403761e+00 3.056655754730579276e-04
9.025847363867310236e+00 2.838481619734910537e-04
9.451222445055416088e+00 2.583973732326455271e-04
9.896644836196951900e+00 2.414953315741612662e-04
1.036305933790234590e+01 2.173474074138593540e-04
1.085145527786299979e+01 1.951221228483352029e-04
1.136286860934795406e+01 1.686895534252669823e-04
1.189838410859966800e+01 1.491088214802968278e-04
1.245913767578986686e+01 1.272424981007171248e-04
1.304631874441610329e+01 1.251167371884791648e-04
1.366117280424967007e+01 1.211106893008597694e-04
1.430500404318639163e+01 1.072466898792548065e-04
1.497917811360400897e+01 1.033871996319200897e-04
1.568512502909397099e+01 1.066059663989171892e-04
1.642434219771199366e+01 1.056080108062874606e-04
1.719839759818128044e+01 1.024726974961013128e-04
1.800893310578564055e+01 1.061804529007529825e-04
1.885766797500709657e+01 1.025751182784355209e-04
1.974640248629512840e+01 8.183981813680823298e-05
2.067702176470289288e+01 3.996677684503748598e-05
2.165149977849018725e+01 1.381306716564114650e-05
2.267190352617480542e+01 1.145090816167910039e-05
2.374039742091349225e+01 3.484083081429284256e-05
2.485924788151246645e+01 4.241631674744442360e-05
2.603082813980555343e+01 1.785501607961438320e-05
2.725762327459708700e+01 3.676064358552027395e-06
2.854223548284725354e+01 1.115185049892503591e-05
2.988738959928070926e+01 5.232975930603688274e-06
3.129593887612637104e+01 9.957855089809029985e-06
3.277087103524790734e+01 2.505173627890897720e-05
3.431531460550241519e+01 2.334425812795293037e-05
3.593254555876957568e+01 2.951558922815543842e-05
3.762599425872718939e+01 2.883621452768498031e-05
3.939925273711248366e+01 2.747100877445971689e-05
4.125608231290302541e+01 3.885877229982094360e-05
4.320042157057854126e+01 2.045859540021539744e-05
4.523639471438667670e+01 1.254468394966193809e-05
4.736832031633310436e+01 1.002947379231485832e-05
4.960072047645179083e+01 -2.254929287048428347e-05
5.193833041478545454e+01 -2.715516825080638413e-05
5.438610851542216551e+01 -1.345762110369274559e-05
5.694924684389268066e+01 -1.417958932942185236e-05
5.963318216023762375e+01 -1.844468022925163734e-05
6.244360745110443389e+01 2.241215175792450483e-06
6.538648400533531913e+01 7.402803631194965621e-06
6.846805405866012961e+01 1.637214510561333142e-05
7.169485403431529846e+01 3.311064725277489552e-05
7.507372840767375521e+01 6.076623273918134856e-05
7.861184422429498397e+01 3.002037788682287747e-05
8.231670630218950180e+01 3.720649963534218937e-05
8.619617315054402695e+01 3.856287092908485366e-05
9.025847363867310946e+01 2.386791748468592569e-05
9.451222445055415733e+01 1.220191710285425942e-06
9.896644836196952610e+01 4.743324621846603740e-06
1.036305933790234661e+02 8.994353365419099984e-06
1.085145527786300050e+02 -1.264789473497038828e-05
1.136286860934795442e+02 -2.369167254895268045e-05
1.189838410859966871e+02 -9.527677482217832851e-06
1.245913767578986722e+02 -3.197776410949150272e-05
1.304631874441610364e+02 -3.983647157220573275e-05
1.366117280424967078e+02 -2.475611352334386410e-05
1.430500404318639198e+02 -1.981900248923475129e-05
1.497917811360401572e+02 7.272301107533102754e-06
1.568512502909397028e+02 2.157134892075526883e-05
1.642434219771199366e+02 -2.287782103936968872e-05
1.719839759818127902e+02 2.574726261265464070e-05
1.800893310578564126e+02 9.668292977404519721e-06
1.885766797500709799e+02 -5.745867111313985090e-06
1.974640248629512769e+02 -8.340324498359531750e-06
2.067702176470289146e+02 1.735938637570994913e-06
2.165149977849018796e+02 8.976099818026808059e-06
2.267190352617480471e+02 -1.203790178880945232e-05
