2.374039742091349145e-02 6.461065322723662241e-03
4.736832031633308321e-02 6.201580930851083653e-03
6.846805405866014660e-02 5.954286110668568534e-03
9.451222445055411370e-02 5.764713441024599955e-03
1.136286860934795223e-01 5.617105392364514851e-03
1.366117280424966329e-01 5.489331274491891094e-03
1.642434219771199688e-01 5.371339063706012835e-03
1.885766797500710024e-01 5.261127816066451385e-03
2.067702176470289366e-01 5.157786796613168800e-03
2.374039742091349214e-01 5.059988918710207374e-03
2.603082813980555077e-01 4.966283080355829785e-03
2.725762327459708700e-01 4.876061006766436480e-03
2.988738959928071148e-01 4.789964548696522967e-03
3.277087103524789491e-01 4.708409198770570521e-03
3.431531460550240054e-01 4.630457369236584166e-03
3.762599425872716896e-01 4.554643060708961008e-03
3.939925273711246678e-01 4.480515640953408422e-03
4.125608231290300298e-01 4.408159326748561403e-03
4.320042157057852328e-01 4.336928487788880779e-03
4.736832031633308460e-01 4.266138683090820935e-03
4.960072047645178728e-01 4.195348241262953845e-03
5.193833041478548296e-01 4.124658727517773252e-03
5.438610851542219349e-01 4.054735259137239728e-03
5.694924684389270908e-01 3.953354876489755844e-03
5.963318216023762997e-01 3.856893738813451517e-03
6.244360745110443256e-01 3.795541919953696053e-03
6.538648400533531024e-01 3.735700716362994316e-03
6.846805405866013272e-01 3.647709192994666970e-03
7.169485403431529180e-01 3.560111434857200080e-03
7.507372840767374544e-01 3.473602054020720736e-03
7.861184422429497998e-01 3.391003642859168749e-03
8.231670630218950180e-01 3.312513010059990604e-03
8.619617315054403095e-01 3.209000836031569541e-03
9.025847363867310902e-01 3.131679912606192499e-03
9.451222445055416088e-01 3.056474222345052956e-03
9.896644836196951678e-01 2.961925572535560429e-03
1.036305933790234501e+00 2.872119829902993783e-03
1.085145527786299802e+00 2.786682319776470455e-03
1.136286860934794696e+00 2.686213225195176104e-03
1.189838410859966222e+00 2.584779496117987560e-03
1.245913767578986198e+00 2.504540801410274492e-03
1.304631874441609662e+00 2.411788308596974576e-03
1.366117280424966163e+00 2.307475253657985045e-03
1.430500404318638674e+00 2.207934138255587472e-03
1.497917811360400808e+00 2.112987098769643270e-03
1.568512502909397810e+00 2.025317800873999933e-03
1.642434219771200077e+00 1.947887247202264444e-03
1.719839759818128755e+00 1.877398863008119569e-03
1.800893310578565165e+00 1.791991689214364556e-03
1.885766797500710190e+00 1.696710318112170431e-03
1.974640248629512929e+00 1.607967651340574001e-03
2.067702176470289199e+00 1.526405424425530087e-03
2.165149977849019081e+00 1.456421334787176992e-03
2.267190352617480364e+00 1.388381389491829361e-03
2.374039742091349048e+00 1.308576138971671941e-03
2.485924788151246734e+00 1.222667327750406874e-03
2.603082813980555077e+00 1.148106499824831346e-03
2.725762327459708700e+00 1.073474528463454897e-03
2.854223548284725354e+00 1.005622023079203982e-03
2.988738959928070926e+00 9.335052877052395703e-04
3.129593887612636571e+00 8.584818087338482503e-04
3.277087103524790379e+00 7.903367558081041350e-04
3.431531460550241608e+00 7.372385054640685819e-04
3.593254555876957745e+00 6.824733584808995428e-04
3.762599425872718673e+00 6.345410460721466082e-04
3.939925273711248010e+00 5.915640125099991568e-04
4.125608231290302186e+00 5.529782201018361475e-04
4.320042157057854659e+00 5.201741473947536125e-04
4.523639471438666959e+00 4.840434128808325238e-04
4.736832031633308127e+00 4.547578557654585740e-04
4.960072047645175175e+00 4.281502679936739905e-04
5.193833041478544743e+00 3.959271246171701722e-04
5.438610851542216906e+00 3.640160861187810440e-04
5.694924684389268243e+00 3.419266031847016142e-04
5.963318216023761664e+00 3.223655217510469563e-04
6.244360745110442146e+00 3.197527299084629055e-04
6.538648400533531024e+00 3.134912138385532532e-04
6.846805405866013494e+00 3.082010728262338391e-04
7.169485403431528958e+00 2.991187649821411818e-04
7.507372840767374989e+00 2.994294161453309590e-04
7.861184422429498220e+00 2.911077357653408821e-04
8.231670630218948403e+00 2.892457720841353809e-04
8.619617315054401985e+00 2.861795561117877083e-04
9.025847363867310236e+00 2.811590722038576485e-04
9.451222445055416088e+00 2.675292931957435824e-04
9.896644836196950124e+00 2.509148798979410518e-04
1.036305933790234590e+01 2.237487284088579293e-04
1.085145527786299979e+01 1.972206122975282032e-04
1.136286860934795584e+01 1.813620557795788074e-04
1.189838410859966977e+01 1.601714567646354956e-04
1.245913767578986686e+01 1.529251495601451831e-04
1.304631874441610329e+01 1.674462549563182330e-04
1.366117280424967007e+01 1.817758058169239709e-04
1.430500404318639163e+01 1.920987138874417043e-04
1.497917811360400897e+01 1.772929741815503792e-04
1.568512502909397099e+01 1.467878581004798081e-04
1.642434219771199366e+01 1.204006922867123438e-04
1.719839759818128044e+01 9.463680669022498835e-05
1.800893310578564055e+01 8.235383100972144691e-05
1.885766797500709657e+01 7.604071216650614340e-05
1.974640248629512840e+01 7.637477394263714821e-05
2.067702176470289288e+01 7.819432955209225703e-05
2.165149977849018725e+01 5.999643816288686608e-05
2.267190352617480542e+01 4.271321562544035024e-05
2.374039742091349581e+01 4.186348445180038043e-05
2.485924788151246645e+01 3.472190600462671093e-05
2.603082813980554988e+01 4.217113306379294854e-05
2.725762327459708345e+01 3.822641042888617240e-05
2.854223548284724998e+01 4.656178919926684057e-05
2.988738959928070926e+01 5.503674739888092998e-05
3.129593887612636749e+01 5.044439268726035383e-05
3.277087103524790734e+01 3.989341915000720924e-05
3.431531460550241519e+01 3.025260563454772511e-05
3.593254555876957568e+01 2.984816452066858935e-05
3.762599425872718228e+01 2.829285215044905033e-05
3.939925273711248366e+01 4.900596318349654055e-06
4.125608231290302541e+01 -6.634549104571505835e-06
4.320042157057854126e+01 -1.287769599682176537e-06
4.523639471438667670e+01 -3.445623200285979049e-06
4.736832031633310436e+01 -1.077935418892891130e-05
4.960072047645179083e+01 -1.089387941606201285e-05
5.193833041478545454e+01 6.205761548084548931e-06
5.438610851542216551e+01 3.176461777555070242e-05
5.694924684389268066e+01 1.858856001147057179e-05
5.963318216023762375e+01 6.465501558732221138e-06
6.244360745110442679e+01 3.723549450083406941e-06
6.538648400533530491e+01 2.996554668158093427e-07
6.846805405866012961e+01 -9.729339833288626196e-07
7.169485403431528425e+01 -1.911213335634384352e-05
7.507372840767374100e+01 -1.117745147504069017e-05
7.861184422429498397e+01 -9.566698844165429628e-06
8.231670630218950180e+01 -2.408178879021938383e-06
8.619617315054402695e+01 1.569237023102878895e-05
9.025847363867310946e+01 1.023885700874787528e-05
9.451222445055417154e+01 -2.241634484448150566e-05
9.896644836196954031e+01 1.955169762004717188e-05
1.036305933790234661e+02 3.726263176160991451e-05
1.085145527786299908e+02 1.001568182441675357e-05
1.136286860934795442e+02 1.805137324352162418e-05
1.189838410859966729e+02 -8.718020124149094053e-07
1.245913767578986722e+02 2.818391716686349108e-05
1.304631874441610364e+02 1.462840754569928175e-05
1.366117280424967078e+02 2.546876080475841690e-05
1.430500404318639198e+02 4.442910998117292608e-06
1.497917811360401572e+02 -7.189522151924833705e-06
1.568512502909396744e+02 2.749154215332835321e-05
1.642434219771199082e+02 1.032662864891283565e-05
1.719839759818127902e+02 1.286224589544784454e-05
1.800893310578564126e+02 3.533241442810983743e-05
1.885766797500709799e+02 2.505766633300128196e-05
1.974640248629512769e+02 9.022872766569751772e-06
2.067702176470289146e+02 -1.133128720730398584e-05
2.165149977849018796e+02 -3.004585785621874730e-05
2.267190352617481608e+02 -1.529114481879148682e-05
