2.374039742091349145e-02 6.342240558919914548e-03
4.736832031633308321e-02 6.093262344267214893e-03
6.846805405866014660e-02 5.856084948308518633e-03
9.451222445055411370e-02 5.672568737874037273e-03
1.136286860934795223e-01 5.527417458244508926e-03
1.366117280424966329e-01 5.400076086163668396e-03
1.642434219771199688e-01 5.281679235711980377e-03
1.885766797500710024e-01 5.171018598434080384e-03
2.067702176470289366e-01 5.067046495830515064e-03
2.374039742091349214e-01 4.967943484186217867e-03
2.603082813980555077e-01 4.873807317774266935e-03
2.725762327459708700e-01 4.785993889538608242e-03
2.988738959928071148e-01 4.704339167184007180e-03
3.277087103524789491e-01 4.627083118112767547e-03
3.431531460550240054e-01 4.552077749976886009e-03
3.762599425872716896e-01 4.477925786130159021e-03
3.939925273711246678e-01 4.404209365499212568e-03
4.125608231290300298e-01 4.331034774775475646e-03
4.320042157057852328e-01 4.258966033275276078e-03
4.736832031633308460e-01 4.188389759582241550e-03
4.960072047645178728e-01 4.119637792331078997e-03
5.193833041478548296e-01 4.052737783892364047e-03
5.438610851542219349e-01 3.987232012930087832e-03
5.694924684389270908e-01 3.893144814515873443e-03
5.963318216023762997e-01 3.804537176280447033e-03
6.244360745110443256e-01 3.749175532275267689e-03
6.538648400533531024e-01 3.695996782887241584e-03
6.846805405866013272e-01 3.618681039239246729e-03
7.169485403431529180e-01 3.542202900767799697e-03
7.507372840767374544e-01 3.464756095191760116e-03
7.861184422429497998e-01 3.388843530176361904e-03
8.231670630218950180e-01 3.317239014160598513e-03
8.619617315054403095e-01 3.223454796585098828e-03
9.025847363867310902e-01 3.153973818998941168e-03
9.451222445055416088e-01 3.086914972222270636e-03
9.896644836196951678e-01 3.001085511748745500e-03
1.036305933790234501e+00 2.918022310799580233e-03
1.085145527786299802e+00 2.839407251900644396e-03
1.136286860934794696e+00 2.744036386142188148e-03
1.189838410859966222e+00 2.651748619926659264e-03
1.245913767578986198e+00 2.582938072043445329e-03
1.304631874441609662e+00 2.497833273691166169e-03
1.366117280424966163e+00 2.401873017206344538e-03
1.430500404318638674e+00 2.313876689574417833e-03
1.497917811360400808e+00 2.229850793809714810e-03
1.568512502909397810e+00 2.142492190869608928e-03
1.642434219771200077e+00 2.053807157742855178e-03
1.719839759818128755e+00 1.966022806746786991e-03
1.800893310578565165e+00 1.868853165869931035e-03
1.885766797500710190e+00 1.768176623040173482e-03
1.974640248629512929e+00 1.677491693767949694e-03
2.067702176470289199e+00 1.588826677469262327e-03
2.165149977849019081e+00 1.512692867486896062e-03
2.267190352617480364e+00 1.449733693185631216e-03
2.374039742091349048e+00 1.375823983372801134e-03
2.485924788151246734e+00 1.286839524999257951e-03
2.603082813980555077e+00 1.208604006210097382e-03
2.725762327459708700e+00 1.131262240711996192e-03
2.854223548284725354e+00 1.052817411033308680e-03
2.988738959928070926e+00 9.845376260401853593e-04
3.129593887612636571e+00 9.146210721798021847e-04
3.277087103524790379e+00 8.534872763286382438e-04
3.431531460550241608e+00 8.035660829278915744e-04
3.593254555876957745e+00 7.535092836813903072e-04
3.762599425872718673e+00 6.989584836152828691e-04
3.939925273711248010e+00 6.621066284742569905e-04
4.125608231290302186e+00 6.129108666391734411e-04
4.320042157057854659e+00 5.677302805104075594e-04
4.523639471438666959e+00 5.166467441621434191e-04
4.736832031633308127e+00 4.700465138794164555e-04
4.960072047645175175e+00 4.280835887504448817e-04
5.193833041478544743e+00 3.919543161316695295e-04
5.438610851542216906e+00 3.681694172279569412e-04
5.694924684389268243e+00 3.476472275683812675e-04
5.963318216023761664e+00 3.201064685128759166e-04
6.244360745110442146e+00 2.936688487453000831e-04
6.538648400533531024e+00 2.844091344255524566e-04
6.846805405866013494e+00 2.607545053283468525e-04
7.169485403431528958e+00 2.516180375183247123e-04
7.507372840767374989e+00 2.456446013202790465e-04
7.861184422429498220e+00 2.468268186518545967e-04
8.231670630218948403e+00 2.585225354646302799e-04
8.619617315054401985e+00 2.510413385043817219e-04
9.025847363867310236e+00 2.384086273247301518e-04
9.451222445055416088e+00 2.066235306193129099e-04
9.896644836196950124e+00 1.711879816197521705e-04
1.036305933790234590e+01 1.568042568217719365e-04
1.085145527786299979e+01 1.389235257332128754e-04
1.136286860934795584e+01 1.297804372869596748e-04
1.189838410859966977e+01 1.271600897165921966e-04
1.245913767578986686e+01 1.283496440107182487e-04
1.304631874441610329e+01 1.158379417388193686e-04
1.366117280424967007e+01 1.187364975058471841e-04
1.430500404318639163e+01 1.180863818615851118e-04
1.497917811360400897e+01 1.157649773365976498e-04
1.568512502909397099e+01 1.153535769410148922e-04
1.642434219771199366e+01 1.162139422183986197e-04
1.719839759818128044e+01 1.208660965063560659e-04
1.800893310578564055e+01 1.156141325202775829e-04
1.885766797500709657e+01 1.067420434073893930e-04
1.974640248629512840e+01 1.029174607743537484e-04
2.067702176470289288e+01 8.794310537776317787e-05
2.165149977849018725e+01 8.224625764522576325e-05
2.267190352617480542e+01 6.339617220367505359e-05
2.374039742091349581e+01 5.531503796755066118e-05
2.485924788151246645e+01 6.011809109717148925e-05
2.603082813980554988e+01 5.922715229407000151e-05
2.725762327459708345e+01 4.126109764684970926e-05
2.854223548284724998e+01 4.109818924832518673e-05
2.988738959928070926e+01 4.397842939047746387e-05
3.129593887612636749e+01 3.037278332622872753e-05
3.277087103524790734e+01 2.282399787657068236e-05
3.431531460550241519e+01 8.323697474219921488e-06
3.593254555876957568e+01 -2.794954524753211048e-06
3.762599425872718228e+01 -1.145342095571176962e-06
3.939925273711248366e+01 -1.370353479075469953e-06
4.125608231290302541e+01 4.542978172524652604e-06
4.320042157057854126e+01 8.550344825402740004e-06
4.523639471438667670e+01 1.057272094404181057e-05
4.736832031633310436e+01 1.954912592779125443e-05
4.960072047645179083e+01 1.766589651797987364e-05
5.193833041478545454e+01 2.547999612397841581e-05
5.438610851542216551e+01 2.655266371679184959e-05
5.694924684389268066e+01 1.328553143628755139e-06
5.963318216023762375e+01 2.066514922630199286e-05
6.244360745110442679e+01 2.414427052038334087e-05
6.538648400533530491e+01 6.717458035905090259e-06
6.846805405866012961e+01 5.067552150650374603e-06
7.169485403431528425e+01 6.932701483440019329e-06
7.507372840767374100e+01 -4.152934780658781608e-06
7.861184422429498397e+01 -8.827791627702870280e-06
8.231670630218950180e+01 -1.544938999414262231e-05
8.619617315054402695e+01 -1.650743865753958928e-05
9.025847363867310946e+01 -2.283027130371419145e-05
9.451222445055417154e+01 -8.157019930783021905e-06
9.896644836196954031e+01 -8.677618458572381219e-06
1.036305933790234661e+02 -7.223418194126605895e-06
1.085145527786299908e+02 7.447810798861410982e-06
1.136286860934795442e+02 -2.958840780042049747e-06
1.189838410859966729e+02 7.980006709082281124e-06
1.245913767578986722e+02 3.047746716529093147e-05
1.304631874441610364e+02 2.249815203172099377e-05
1.366117280424967078e+02 1.139557496550225531e-05
1.430500404318639198e+02 -1.737787094622179933e-05
1.497917811360401572e+02 -1.207054248657924269e-06
1.568512502909396744e+02 3.628883776949573604e-06
1.642434219771199082e+02 -7.292590353520209850e-06
1.719839759818127902e+02 -8.498396052346601114e-06
1.800893310578564126e+02 1.001910272628640415e-05
1.885766797500709799e+02 6.693348533824036549e-06
1.974640248629512769e+02 -3.310752784579998992e-06
2.067702176470289146e+02 1.307882568152598832e-05
2.165149977849018796e+02 -2.028858594598990895e-05
2.267190352617481608e+02 -1.709556780174700412e-05
