4.402668768255080977e+03 1.101525160794826833e-02
8.702291228692711229e+03 9.922182533773667504e-03
1.276695311178296106e+04 9.912368961994738603e-03
1.720090168377494410e+04 8.898686420497502539e-03
2.128263827136110558e+04 8.333765763784856465e-03
2.633296208052036673e+04 8.560217017385790897e-03
2.992156217165216367e+04 8.390447869729015032e-03
3.399920905420426425e+04 6.930913533777127017e-03
3.863254898524766031e+04 5.096749720425642130e-03
4.389731063208368141e+04 4.803134056078840926e-03
4.779996890100366727e+04 5.147166947990174102e-03
5.204959014657664375e+04 5.238048578905854166e-03
5.667702085826511029e+04 4.270484070715366461e-03
5.914279763961255958e+04 3.866362220115216342e-03
6.440084477124233672e+04 3.642631072910513038e-03
7.012635473421998904e+04 3.639741180402826515e-03
7.317725498701544711e+04 3.117518272510089259e-03
7.636088696938366047e+04 3.134553527756931898e-03
8.314969572923782107e+04 3.116751715734428826e-03
8.676718631008510420e+04 2.780572243820693921e-03
9.054205856247972406e+04 2.739610137183492826e-03
9.448115949541462760e+04 2.719036731177691939e-03
9.859163400220239419e+04 2.562431067847949911e-03
1.028809378201585205e+05 2.525350747744787520e-03
1.073568510541054857e+05 2.279666562726399403e-03
1.120274922882271785e+05 2.059427850535699121e-03
1.169013333118703304e+05 1.886429835743823336e-03
1.219872144860027474e+05 1.848091400009602755e-03
1.272943607782017789e+05 1.822954870318306466e-03
1.328323984952562314e+05 1.604009482331366677e-03
1.386113727437329653e+05 1.540380349966114512e-03
1.446417656501793244e+05 1.522087132630710543e-03
1.509345153740085370e+05 1.643998151526674485e-03
1.575010359475556761e+05 1.521028222677636103e-03
1.643532379792899883e+05 1.435470819553173695e-03
1.715035502577361767e+05 1.354907175233122530e-03
1.789649422952906461e+05 1.243685023927386564e-03
1.867509478528242907e+05 1.150379196176139988e-03
1.948756894877398154e+05 1.031533579417810882e-03
2.033539041700111702e+05 1.026968114431998013e-03
2.122009700126690441e+05 9.481757288992700376e-04
2.214329341652157309e+05 9.032212988745965711e-04
2.310665419205641083e+05 8.382247276862746710e-04
2.411192670882964449e+05 7.806929631373528975e-04
2.516093436893345497e+05 7.964890008032409884e-04
2.625557990295107011e+05 6.634676258269150799e-04
2.739784882120293914e+05 6.356896634777317850e-04
2.858981301514200168e+05 6.112175958973505062e-04
2.983363451543037081e+05 6.094973872312407477e-04
3.113156941351395799e+05 6.057281592039310018e-04
3.248597195380828343e+05 5.496511013630436772e-04
3.389929880391783081e+05 5.225148188465439207e-04
3.537411351063454640e+05 4.877049682272385019e-04
3.691309114979797741e+05 4.415592100767732568e-04
3.851902317845114740e+05 4.127662315106854171e-04
4.019482249809301575e+05 4.070419970774185898e-04
4.194352873821160174e+05 3.650723988395883400e-04
4.376831376968135592e+05 3.673007300605475893e-04
4.567248745802495396e+05 3.368447337495719413e-04
4.765950366697513382e+05 3.038307142105794003e-04
4.973296652322599548e+05 3.110152215735115895e-04
5.189663695373723749e+05 2.936538163647694610e-04
5.415443950744859176e+05 2.648097717664488898e-04
5.651046947377803735e+05 2.548587695260916709e-04
5.896900031081594061e+05 2.489327634687131573e-04
6.153449139668828575e+05 2.490563035706690317e-04
6.421159611814880045e+05 2.367535633143087747e-04
6.700517031107150251e+05 2.176258952359956230e-04
6.992028106815317878e+05 2.121074863007537423e-04
7.296221592980173882e+05 2.050709666832582485e-04
7.613649247488108231e+05 2.024504260850161345e-04
7.944886832870859653e+05 1.912068634754290691e-04
8.290535160645822762e+05 1.887219395323907816e-04
8.651221181091159815e+05 1.817461163583546915e-04
9.027599120432425989e+05 1.741708300548166230e-04
9.420351667503338540e+05 1.647559270493963049e-04
9.830191212033140473e+05 1.615046294943714282e-04
1.025786113680658164e+06 1.588578132737671924e-04
1.070413716604031390e+06 1.555832333510470265e-04
1.116982877242140938e+06 1.462222768679925593e-04
1.165578064536016202e+06 1.437014716948602124e-04
1.216287422312036389e+06 1.413915280661697730e-04
1.269202929160604253e+06 1.375015955739079777e-04
1.324420565270459978e+06 1.322757560288107394e-04
1.382040486521255691e+06 1.278229115704734398e-04
1.442167206150155980e+06 1.247493693600077835e-04
1.504909784321977990e+06 1.275613221313918674e-04
1.570382025946733309e+06 1.252333450825811746e-04
1.638702687103363918e+06 1.223798309551884351e-04
1.709995690444097621e+06 1.176838356666706596e-04
1.784390349970143754e+06 1.154671622043083456e-04
1.862021605586416787e+06 1.115011683852729579e-04
1.943030267860745313e+06 1.100160643743501414e-04
2.027563273431514623e+06 1.076204503648091831e-04
2.115773951527012512e+06 1.086385425380757705e-04
2.207822302079902031e+06 1.055863583027140249e-04
2.303875285941275768e+06 1.030254168741700415e-04
2.404107127720690332e+06 1.027716324353563591e-04
2.508699631801488344e+06 1.006692608728100699e-04
2.617842512104606722e+06 9.906424353312335380e-05
2.731733736199009698e+06 9.674748253998384170e-05
2.850579884382903110e+06 9.597100367971661290e-05
2.974596524387058336e+06 9.518978684565105328e-05
3.104008602379877120e+06 9.450518641245403981e-05
3.239050850983437151e+06 9.347679436321450013e-05
3.379968215040580370e+06 9.166003034119708402e-05
3.527016295905329287e+06 9.076879125851592539e-05
3.680461815062484704e+06 8.953868489536144883e-05
3.840583097917342093e+06 8.832028343101203983e-05
4.007670578633065801e+06 8.752416247199656094e-05
4.182027326931377407e+06 8.693774065910388400e-05
4.363969597812118940e+06 8.628931852911293028e-05
4.553827405188770033e+06 8.557739636738270642e-05
4.751945120480441488e+06 8.507022462480930982e-05
4.958682097246030346e+06 8.455085990763256255e-05
5.174413322993571870e+06 8.391745172037317322e-05
5.399530099347066134e+06 8.340274548584501019e-05
5.634440751804464497e+06 8.304232198911939045e-05
5.879571370374217629e+06 8.270031492808331748e-05
6.135366582433775999e+06 8.247211449631845163e-05
6.402290359211891890e+06 8.209383655738617704e-05
6.680826857357543893e+06 8.188652677661108258e-05
6.971481297121950425e+06 8.164840810139045127e-05
7.274780878746563569e+06 8.145243656607082923e-05
7.591275738719213754e+06 8.118390392823239391e-05
7.921539947632909752e+06 8.101145351906857304e-05
8.266172551457234658e+06 8.086071197562509822e-05
8.625798658111047000e+06 8.076037035542118234e-05
9.001070571307353675e+06 8.060931706980483291e-05
9.392668973726961762e+06 8.052645176578754750e-05
9.801304161666996777e+06 8.042431124884569487e-05
1.022771733340373263e+07 8.036764500872863645e-05
1.067268193360666372e+07 8.029182584480263935e-05
1.113700505624227971e+07 8.037772387238457982e-05
1.162152890851223655e+07 8.054789163985304255e-05
1.212713233848131076e+07 8.072942061027275895e-05
1.265473242916593328e+07 8.090500604938850079e-05
1.320528616197475046e+07 8.110861297190233169e-05
1.377979215251847915e+07 8.132556813507633585e-05
1.437929246193742193e+07 8.155119349622557204e-05
1.500487448703214899e+07 8.179380465241702460e-05
1.565767293262583762e+07 8.204788824439335725e-05
1.633887186973565444e+07 8.231745481785642307e-05
1.704970688328647614e+07 8.260028265480392920e-05
1.779146731326251104e+07 8.289430770108871234e-05
1.856549859336193278e+07 8.320367862914817951e-05
1.937320469139645249e+07 8.352855238841336207e-05
2.021605065586232394e+07 8.386781201096672842e-05
2.109556527330185100e+07 8.422385256070659908e-05
