4.402668768255081886e+03 1.276599897953958722e-02
8.702291228692711229e+03 1.232302837144968674e-02
1.276695311178296288e+04 1.118590116849762714e-02
1.720090168377494410e+04 1.125653435395188896e-02
2.128263827136110922e+04 1.052493585213993589e-02
2.633296208052037036e+04 9.982063152123268196e-03
2.992156217165216731e+04 9.973034318000787574e-03
3.399920905420427152e+04 9.498788115378797858e-03
3.863254898524766031e+04 9.554563251710989150e-03
4.389731063208368869e+04 8.474716667986492702e-03
4.779996890100365999e+04 8.849617600174389948e-03
5.204959014657664375e+04 8.648614879500658714e-03
5.667702085826511757e+04 8.369445408035769765e-03
5.914279763961255958e+04 8.307566431070138521e-03
6.440084477124233672e+04 8.300071906490463433e-03
7.012635473421998904e+04 7.833266913746136234e-03
7.317725498701544711e+04 7.855313255965962888e-03
7.636088696938367502e+04 8.159385909035055465e-03
8.314969572923783562e+04 7.468240841495102020e-03
8.676718631008510420e+04 7.135065697853169679e-03
9.054205856247972406e+04 7.912893833114765380e-03
9.448115949541462760e+04 7.386983477330979174e-03
9.859163400220239419e+04 6.837312377351789476e-03
1.028809378201585205e+05 7.313967602826463438e-03
1.073568510541054857e+05 7.028164205642573222e-03
1.120274922882271931e+05 6.958136587381994788e-03
1.169013333118703304e+05 6.875811819588247865e-03
1.219872144860027474e+05 6.658710616391768332e-03
1.272943607782017789e+05 6.733442106416698443e-03
1.328323984952562314e+05 6.700833543445112485e-03
1.386113727437329653e+05 6.283340090078793488e-03
1.446417656501793244e+05 6.338452362921558753e-03
1.509345153740085370e+05 6.205847814581486911e-03
1.575010359475556761e+05 6.101005157614157459e-03
1.643532379792899883e+05 6.182154849441054423e-03
1.715035502577361767e+05 5.807645716321025234e-03
1.789649422952906752e+05 5.847666333568158833e-03
1.867509478528243199e+05 5.839432156936087692e-03
1.948756894877398154e+05 5.782824292657650495e-03
2.033539041700111702e+05 5.689858486141650268e-03
2.122009700126690441e+05 5.634841643341096350e-03
2.214329341652157309e+05 5.551629901054845953e-03
2.310665419205641374e+05 5.444053637307164420e-03
2.411192670882964740e+05 5.389213597014861495e-03
2.516093436893345497e+05 5.389624162877039958e-03
2.625557990295106429e+05 5.317094187763014845e-03
2.739784882120293914e+05 5.302720657388109576e-03
2.858981301514200750e+05 5.199253368302997509e-03
2.983363451543037081e+05 5.138396180887887937e-03
3.113156941351395799e+05 5.111711457380012889e-03
3.248597195380828343e+05 5.103724563519366174e-03
3.389929880391783081e+05 5.049691269634767887e-03
3.537411351063454640e+05 5.021787823141107138e-03
3.691309114979797741e+05 4.968976291777766827e-03
3.851902317845114740e+05 4.943197803003413632e-03
4.019482249809301575e+05 4.931715863070900915e-03
4.194352873821160174e+05 4.917995390624148137e-03
4.376831376968135592e+05 4.867064465983423661e-03
4.567248745802495978e+05 4.851233823606452070e-03
4.765950366697513964e+05 4.800676621251948571e-03
4.973296652322599548e+05 4.796127048584321317e-03
5.189663695373724331e+05 4.758523082026812172e-03
5.415443950744860340e+05 4.763350597292298483e-03
5.651046947377803735e+05 4.719737689843952685e-03
5.896900031081594061e+05 4.728108417767606930e-03
6.153449139668828575e+05 4.703959623217855539e-03
6.421159611814880045e+05 4.695976465864518980e-03
6.700517031107150251e+05 4.683491998140158763e-03
6.992028106815317878e+05 4.666863484352828072e-03
7.296221592980173882e+05 4.662987625376633673e-03
7.613649247488108231e+05 4.652031042532846217e-03
7.944886832870859653e+05 4.644148734860567215e-03
8.290535160645822762e+05 4.636539780308677333e-03
8.651221181091160979e+05 4.623266983850040507e-03
9.027599120432427153e+05 4.622648227798840589e-03
9.420351667503338540e+05 4.612671175496801598e-03
9.830191212033139309e+05 4.609073450225721277e-03
1.025786113680658164e+06 4.600879414003355462e-03
1.070413716604031390e+06 4.598547663089885655e-03
1.116982877242140938e+06 4.591110626370573274e-03
1.165578064536016202e+06 4.585734706349879793e-03
1.216287422312036389e+06 4.581628036463586406e-03
1.269202929160604253e+06 4.578856553413007333e-03
1.324420565270459978e+06 4.573683312887212062e-03
1.382040486521255923e+06 4.570759239874300738e-03
1.442167206150156213e+06 4.567874728688271595e-03
1.504909784321977990e+06 4.559952738688945878e-03
1.570382025946733309e+06 4.558997917746451280e-03
1.638702687103363918e+06 4.556480478278519125e-03
1.709995690444097621e+06 4.556532170588824607e-03
1.784390349970143754e+06 4.553678353113497015e-03
1.862021605586416787e+06 4.549417625135400954e-03
1.943030267860745313e+06 4.545963874234003853e-03
2.027563273431514390e+06 4.544775199859435455e-03
2.115773951527012512e+06 4.543001558122895626e-03
2.207822302079902031e+06 4.542785808134137439e-03
2.303875285941275768e+06 4.540241220222698999e-03
2.404107127720690332e+06 4.537191563681203590e-03
2.508699631801488344e+06 4.535775380532889624e-03
2.617842512104606722e+06 4.534049285145109846e-03
2.731733736199009698e+06 4.532457626246040421e-03
2.850579884382903576e+06 4.531203271490661690e-03
2.974596524387058336e+06 4.528923236133322767e-03
3.104008602379877120e+06 4.527493350403977157e-03
3.239050850983437616e+06 4.526875759985889841e-03
3.379968215040580835e+06 4.525808497756611190e-03
3.527016295905329287e+06 4.525431389813767101e-03
3.680461815062484704e+06 4.523528567528688725e-03
3.840583097917342559e+06 4.522533344956787549e-03
4.007670578633065801e+06 4.521962016360238715e-03
4.182027326931377407e+06 4.521285798800851741e-03
4.363969597812118940e+06 4.520609199207345150e-03
4.553827405188770033e+06 4.519999971489019677e-03
4.751945120480441488e+06 4.518869447940606493e-03
4.958682097246030346e+06 4.517926474990419626e-03
5.174413322993571870e+06 4.517308710679469527e-03
5.399530099347066134e+06 4.516507599117779159e-03
5.634440751804465428e+06 4.516167752325695416e-03
5.879571370374216698e+06 4.515774761602120088e-03
6.135366582433775067e+06 4.515064366257836616e-03
6.402290359211891890e+06 4.514363346011158497e-03
6.680826857357543893e+06 4.513980379531479063e-03
6.971481297121950425e+06 4.513616703351921652e-03
7.274780878746563569e+06 4.513080906338988278e-03
7.591275738719213754e+06 4.512631457840606160e-03
7.921539947632909752e+06 4.512260235724485646e-03
8.266172551457234658e+06 4.511951662928467485e-03
8.625798658111047000e+06 4.511565031514542211e-03
9.001070571307353675e+06 4.511275878205690815e-03
9.392668973726961762e+06 4.510939530397745090e-03
9.801304161666996777e+06 4.510749115500509859e-03
1.022771733340373263e+07 4.510565939110502270e-03
1.067268193360666372e+07 4.510347376598363225e-03
1.113700505624227971e+07 4.509884791139703690e-03
1.162152890851223469e+07 4.509265007783415553e-03
1.212713233848130889e+07 4.508645210329228353e-03
1.265473242916593328e+07 4.508016103168315143e-03
1.320528616197475232e+07 4.507405712775644849e-03
1.377979215251848102e+07 4.506770195702011240e-03
1.437929246193742193e+07 4.506116992524001469e-03
1.500487448703214899e+07 4.505447905175951652e-03
1.565767293262583762e+07 4.504755629565890783e-03
1.633887186973565444e+07 4.504042818942773606e-03
1.704970688328647614e+07 4.503304648813447920e-03
1.779146731326251104e+07 4.502539028671969160e-03
1.856549859336193278e+07 4.501744559868075743e-03
1.937320469139645621e+07 4.500915386383232131e-03
2.021605065586232394e+07 4.500053938588850257e-03
2.109556527330185100e+07 4.499150930358628182e-03
