4.402668768255081886e+03 1.048047155369644622e-02
8.702291228692711229e+03 1.088237812377586440e-02
1.276695311178296288e+04 1.126242706318778507e-02
1.720090168377494410e+04 9.420051391941831886e-03
2.128263827136110922e+04 9.137335001895832351e-03
2.633296208052037036e+04 9.024460111991853065e-03
2.992156217165216731e+04 8.135115564779662328e-03
3.399920905420427152e+04 8.704583176650900617e-03
3.863254898524766031e+04 8.000789565971565959e-03
4.389731063208368869e+04 7.994009310980220578e-03
4.779996890100365999e+04 8.079856689886685817e-03
5.204959014657664375e+04 7.621742093520253100e-03
5.667702085826511757e+04 7.298196467653388954e-03
5.914279763961255958e+04 7.487345032456450139e-03
6.440084477124233672e+04 7.391609274044612897e-03
7.012635473421998904e+04 7.225986249632818971e-03
7.317725498701544711e+04 7.269498000396449472e-03
7.636088696938367502e+04 6.722758252775526758e-03
8.314969572923783562e+04 7.133144980557867658e-03
8.676718631008510420e+04 6.550329346413828746e-03
9.054205856247972406e+04 6.226488271582932867e-03
9.448115949541462760e+04 6.334291703251088146e-03
9.859163400220239419e+04 5.867846650327884772e-03
1.028809378201585205e+05 5.893797410422546741e-03
1.073568510541054857e+05 5.639522436507620959e-03
1.120274922882271931e+05 5.594697118971053533e-03
1.169013333118703304e+05 5.474356667684750037e-03
1.219872144860027474e+05 5.596603040280891811e-03
1.272943607782017789e+05 5.334748278642111388e-03
1.328323984952562314e+05 5.176958960108881888e-03
1.386113727437329653e+05 5.075526029164074276e-03
1.446417656501793244e+05 5.067736148123377915e-03
1.509345153740085370e+05 4.911621127330942360e-03
1.575010359475556761e+05 4.731853362857996528e-03
1.643532379792899883e+05 4.771833505188215543e-03
1.715035502577361767e+05 4.525714399194174370e-03
1.789649422952906752e+05 4.491122384774802467e-03
1.867509478528243199e+05 4.299208883476983087e-03
1.948756894877398154e+05 4.244112459618032407e-03
2.033539041700111702e+05 4.145763355886968558e-03
2.122009700126690441e+05 4.224528511330311389e-03
2.214329341652157309e+05 4.178519380039721377e-03
2.310665419205641374e+05 4.116663420786075694e-03
2.411192670882964740e+05 4.045194378122413809e-03
2.516093436893345497e+05 3.988362573511507018e-03
2.625557990295106429e+05 3.879808473204850953e-03
2.739784882120293914e+05 3.878922390800658253e-03
2.858981301514200750e+05 3.804042625076684090e-03
2.983363451543037081e+05 3.788907630873566707e-03
3.113156941351395799e+05 3.728664454388207206e-03
3.248597195380828343e+05 3.668072054835113966e-03
3.389929880391783081e+05 3.646101692205539532e-03
3.537411351063454640e+05 3.666159664373316775e-03
3.691309114979797741e+05 3.621988286063380913e-03
3.851902317845114740e+05 3.514105724871675711e-03
4.019482249809301575e+05 3.446461005547455346e-03
4.194352873821160174e+05 3.464649418119291561e-03
4.376831376968135592e+05 3.441516741836901302e-03
4.567248745802495978e+05 3.385649536838147844e-03
4.765950366697513964e+05 3.376125925413890269e-03
4.973296652322599548e+05 3.395006568819635383e-03
5.189663695373724331e+05 3.404677423177555114e-03
5.415443950744860340e+05 3.364773011258465236e-03
5.651046947377803735e+05 3.328164777187257034e-03
5.896900031081594061e+05 3.340252213831147819e-03
6.153449139668828575e+05 3.316102460900544318e-03
6.421159611814880045e+05 3.277448664492035261e-03
6.700517031107150251e+05 3.277417001930728931e-03
6.992028106815317878e+05 3.263795839122782434e-03
7.296221592980173882e+05 3.266455109816170186e-03
7.613649247488108231e+05 3.266726484636207212e-03
7.944886832870859653e+05 3.247618261737052030e-03
8.290535160645822762e+05 3.218019548548530298e-03
8.651221181091160979e+05 3.225171587609603104e-03
9.027599120432427153e+05 3.238842161474631866e-03
9.420351667503338540e+05 3.231381101671193350e-03
9.830191212033139309e+05 3.213012168100590205e-03
1.025786113680658164e+06 3.206920063502690776e-03
1.070413716604031390e+06 3.200741969129833244e-03
1.116982877242140938e+06 3.202833043358181610e-03
1.165578064536016202e+06 3.201439645742678881e-03
1.216287422312036389e+06 3.186366414597430544e-03
1.269202929160604253e+06 3.184069692192877110e-03
1.324420565270459978e+06 3.180524157869528759e-03
1.382040486521255923e+06 3.173114506445986593e-03
1.442167206150156213e+06 3.172392718618797288e-03
1.504909784321977990e+06 3.164455734539758491e-03
1.570382025946733309e+06 3.164936865298098069e-03
1.638702687103363918e+06 3.164878306880679597e-03
1.709995690444097621e+06 3.165835258768186656e-03
1.784390349970143754e+06 3.158689069106154941e-03
1.862021605586416787e+06 3.153426471871575640e-03
1.943030267860745313e+06 3.147523015361095803e-03
2.027563273431514390e+06 3.149601561366308176e-03
2.115773951527012512e+06 3.149177331530683081e-03
2.207822302079902031e+06 3.145079356664885403e-03
2.303875285941275768e+06 3.141319259131121564e-03
2.404107127720690332e+06 3.147952966097016057e-03
2.508699631801488344e+06 3.140334049402669289e-03
2.617842512104606722e+06 3.141581600316962434e-03
2.731733736199009698e+06 3.137684642714263714e-03
2.850579884382903576e+06 3.137591889939212505e-03
2.974596524387058336e+06 3.133947176277146300e-03
3.104008602379877120e+06 3.135322298189154640e-03
3.239050850983437616e+06 3.132351774245267090e-03
3.379968215040580835e+06 3.133616724438602515e-03
3.527016295905329287e+06 3.130101437382694016e-03
3.680461815062484704e+06 3.129084741416808448e-03
3.840583097917342559e+06 3.128818511406521521e-03
4.007670578633065801e+06 3.128292492480552398e-03
4.182027326931377407e+06 3.126012709870683564e-03
4.363969597812118940e+06 3.125460736694369180e-03
4.553827405188770033e+06 3.125775380690892780e-03
4.751945120480441488e+06 3.124911709298455222e-03
4.958682097246030346e+06 3.123892581174531752e-03
5.174413322993571870e+06 3.123656278450191986e-03
5.399530099347066134e+06 3.123123586086030620e-03
5.634440751804465428e+06 3.121992520469665279e-03
5.879571370374216698e+06 3.121255007453212823e-03
6.135366582433775067e+06 3.120998337007995990e-03
6.402290359211891890e+06 3.120654980708313653e-03
6.680826857357543893e+06 3.119869922359229733e-03
6.971481297121950425e+06 3.119529075578579645e-03
7.274780878746563569e+06 3.118966253747797440e-03
7.591275738719213754e+06 3.118672230753616152e-03
7.921539947632909752e+06 3.118249800964224220e-03
8.266172551457234658e+06 3.117939281133567508e-03
8.625798658111047000e+06 3.117688388839418966e-03
9.001070571307353675e+06 3.117443402151873124e-03
9.392668973726961762e+06 3.117187851990237905e-03
9.801304161666996777e+06 3.116936290078872220e-03
1.022771733340373263e+07 3.116792168549166117e-03
1.067268193360666372e+07 3.116663772770757960e-03
1.113700505624227971e+07 3.116602895437932570e-03
1.162152890851223469e+07 3.116632296839707585e-03
1.212713233848130889e+07 3.116730260272567235e-03
1.265473242916593328e+07 3.116797575326152748e-03
1.320528616197475232e+07 3.116911106395394218e-03
1.377979215251848102e+07 3.117034439540715754e-03
1.437929246193742193e+07 3.117180084733990001e-03
1.500487448703214899e+07 3.117345706522333358e-03
1.565767293262583762e+07 3.117523877972629576e-03
1.633887186973565444e+07 3.117708124942449466e-03
1.704970688328647614e+07 3.117902606216415261e-03
1.779146731326251104e+07 3.118114099128303611e-03
1.856549859336193278e+07 3.118332396807477203e-03
1.937320469139645621e+07 3.118568669428730279e-03
2.021605065586232394e+07 3.118816390925849367e-03
2.109556527330185100e+07 3.119075902656811942e-03
