4.402668768255080977e+03 1.266064430897574991e-02
8.702291228692711229e+03 1.158734978996256437e-02
1.276695311178296106e+04 1.168568126124931196e-02
1.720090168377494410e+04 1.091663122003794402e-02
2.128263827136110558e+04 1.117687482350641394e-02
2.633296208052036673e+04 1.080129751907631802e-02
2.992156217165216367e+04 1.046564504419177609e-02
3.399920905420426425e+04 9.952682570041041302e-03
3.863254898524766031e+04 9.694054336584188164e-03
4.389731063208368141e+04 9.002601389303895377e-03
4.779996890100366727e+04 9.406680038677313685e-03
5.204959014657664375e+04 9.346756379618698790e-03
5.667702085826511029e+04 8.931851176873275774e-03
5.914279763961255958e+04 8.981642191356758315e-03
6.440084477124233672e+04 8.456543390956446429e-03
7.012635473421998904e+04 8.141018589996745769e-03
7.317725498701544711e+04 7.453849754517757539e-03
7.636088696938366047e+04 6.933026351854669651e-03
8.314969572923782107e+04 6.945704848223337516e-03
8.676718631008510420e+04 6.833884477473821037e-03
9.054205856247972406e+04 6.794704717255881793e-03
9.448115949541462760e+04 6.932501494414125727e-03
9.859163400220239419e+04 6.919035808757386177e-03
1.028809378201585205e+05 6.955861932643115329e-03
1.073568510541054857e+05 6.566048347462613045e-03
1.120274922882271785e+05 6.338379691408040084e-03
1.169013333118703304e+05 6.231782619509737726e-03
1.219872144860027474e+05 6.020521668530532181e-03
1.272943607782017789e+05 6.052831685082487104e-03
1.328323984952562314e+05 6.015765572277771353e-03
1.386113727437329653e+05 6.012111656539710289e-03
1.446417656501793244e+05 5.882898401956822114e-03
1.509345153740085370e+05 5.989430707879465562e-03
1.575010359475556761e+05 5.948128588326263150e-03
1.643532379792899883e+05 5.957844293961861264e-03
1.715035502577361767e+05 5.827707494417432021e-03
1.789649422952906461e+05 5.693876173942361008e-03
1.867509478528242907e+05 5.695291574235106409e-03
1.948756894877398154e+05 5.512887834235716267e-03
2.033539041700111702e+05 5.482967048071744551e-03
2.122009700126690441e+05 5.390467607299685715e-03
2.214329341652157309e+05 5.368168386244487333e-03
2.310665419205641083e+05 5.266139959964832862e-03
2.411192670882964449e+05 5.226948951622021992e-03
2.516093436893345497e+05 5.242129404350180828e-03
2.625557990295107011e+05 5.089238566108316743e-03
2.739784882120293914e+05 5.019463421511487222e-03
2.858981301514200168e+05 5.012412983310461645e-03
2.983363451543037081e+05 5.048426350082174142e-03
3.113156941351395799e+05 5.026762377453951498e-03
3.248597195380828343e+05 4.932173412800147129e-03
3.389929880391783081e+05 4.916965635486572790e-03
3.537411351063454640e+05 4.878538726095150123e-03
3.691309114979797741e+05 4.820049549891382290e-03
3.851902317845114740e+05 4.760560913607216407e-03
4.019482249809301575e+05 4.761984220802627406e-03
4.194352873821160174e+05 4.739924301177564185e-03
4.376831376968135592e+05 4.707375639850920265e-03
4.567248745802495396e+05 4.683236335314253269e-03
4.765950366697513382e+05 4.639639737773773587e-03
4.973296652322599548e+05 4.653712813241118497e-03
5.189663695373723749e+05 4.616456176027006024e-03
5.415443950744859176e+05 4.590038482577345549e-03
5.651046947377803735e+05 4.584126051170429872e-03
5.896900031081594061e+05 4.567270120184696407e-03
6.153449139668828575e+05 4.575099571522119567e-03
6.421159611814880045e+05 4.561643966280530191e-03
6.700517031107150251e+05 4.536271494983662271e-03
6.992028106815317878e+05 4.527741482436327923e-03
7.296221592980173882e+05 4.509402695374008403e-03
7.613649247488108231e+05 4.508597798920312323e-03
7.944886832870859653e+05 4.496541136183013383e-03
8.290535160645822762e+05 4.486103308392895388e-03
8.651221181091159815e+05 4.484080989665880160e-03
9.027599120432425989e+05 4.469621435578810878e-03
9.420351667503338540e+05 4.462652445228688231e-03
9.830191212033140473e+05 4.458912104735127460e-03
1.025786113680658164e+06 4.459801418336905264e-03
1.070413716604031390e+06 4.444666634711907059e-03
1.116982877242140938e+06 4.438800117862226613e-03
1.165578064536016202e+06 4.437734706393809368e-03
1.216287422312036389e+06 4.435319618501364775e-03
1.269202929160604253e+06 4.430441762025148951e-03
1.324420565270459978e+06 4.423279171422899760e-03
1.382040486521255691e+06 4.421259899825388980e-03
1.442167206150155980e+06 4.417274629910466349e-03
1.504909784321977990e+06 4.418901044959574510e-03
1.570382025946733309e+06 4.415736232465952704e-03
1.638702687103363918e+06 4.415827245052199659e-03
1.709995690444097621e+06 4.409875349062132230e-03
1.784390349970143754e+06 4.408203560693429481e-03
1.862021605586416787e+06 4.403539221446968119e-03
1.943030267860745313e+06 4.402104293806291362e-03
2.027563273431514623e+06 4.398491677073427739e-03
2.115773951527012512e+06 4.401037806268355036e-03
2.207822302079902031e+06 4.396377395523934709e-03
2.303875285941275768e+06 4.393036434150360096e-03
2.404107127720690332e+06 4.393463004480396318e-03
2.508699631801488344e+06 4.390967009141310932e-03
2.617842512104606722e+06 4.389896275708537500e-03
2.731733736199009698e+06 4.386717939784381438e-03
2.850579884382903110e+06 4.385394672144214342e-03
2.974596524387058336e+06 4.385542603343557493e-03
3.104008602379877120e+06 4.385284374712832521e-03
3.239050850983437151e+06 4.384540397024352769e-03
3.379968215040580370e+06 4.381566523482803913e-03
3.527016295905329287e+06 4.380732980647516345e-03
3.680461815062484704e+06 4.378825336102403973e-03
3.840583097917342093e+06 4.378082711135274085e-03
4.007670578633065801e+06 4.377017783810053728e-03
4.182027326931377407e+06 4.376748614688700731e-03
4.363969597812118940e+06 4.376028789878946661e-03
4.553827405188770033e+06 4.375064967558972735e-03
4.751945120480441488e+06 4.374708359660459123e-03
4.958682097246030346e+06 4.373948040151386454e-03
5.174413322993571870e+06 4.373011851403272969e-03
5.399530099347066134e+06 4.372407907375338090e-03
5.634440751804464497e+06 4.371907724857590147e-03
5.879571370374217629e+06 4.371247102312564650e-03
6.135366582433775999e+06 4.370942375432675456e-03
6.402290359211891890e+06 4.370286516942873192e-03
6.680826857357543893e+06 4.369937840934467847e-03
6.971481297121950425e+06 4.369474364215131072e-03
7.274780878746563569e+06 4.369128077035487265e-03
7.591275738719213754e+06 4.368545720985074314e-03
7.921539947632909752e+06 4.368193125969944794e-03
8.266172551457234658e+06 4.367871199942895306e-03
8.625798658111047000e+06 4.367658069655761151e-03
9.001070571307353675e+06 4.367331010962109163e-03
9.392668973726961762e+06 4.367146301295633110e-03
9.801304161666996777e+06 4.366907495538322782e-03
1.022771733340373263e+07 4.366777870272805714e-03
1.067268193360666372e+07 4.366572394093869505e-03
1.113700505624227971e+07 4.366472077705504939e-03
1.162152890851223655e+07 4.366456392229925952e-03
1.212713233848131076e+07 4.366449505099731683e-03
1.265473242916593328e+07 4.366408154479317801e-03
1.320528616197475046e+07 4.366417252905440555e-03
1.377979215251847915e+07 4.366436196338845804e-03
1.437929246193742193e+07 4.366453289672844046e-03
1.500487448703214899e+07 4.366491282366268510e-03
1.565767293262583762e+07 4.366532470088597614e-03
1.633887186973565444e+07 4.366586879204096237e-03
1.704970688328647614e+07 4.366646994951542231e-03
1.779146731326251104e+07 4.366707657195587934e-03
1.856549859336193278e+07 4.366777277151113329e-03
1.937320469139645249e+07 4.366854286725499988e-03
2.021605065586232394e+07 4.366935893498975936e-03
2.109556527330185100e+07 4.367024164198851297e-03
