2.374039742091349145e-02 6.286841817200183868e-03
4.736832031633308321e-02 6.024850532412528992e-03
6.846805405866014660e-02 5.775439087301492691e-03
9.451222445055411370e-02 5.583697929978370667e-03
1.136286860934795223e-01 5.432987585663795471e-03
1.366117280424966329e-01 5.300868768244981766e-03
1.642434219771199688e-01 5.177753511816263199e-03
1.885766797500710024e-01 5.062799900770187378e-03
2.067702176470289366e-01 4.956033546477556229e-03
2.374039742091349214e-01 4.856219980865716934e-03
2.603082813980555077e-01 4.761607386171817780e-03
2.725762327459708700e-01 4.671085625886917114e-03
2.988738959928071148e-01 4.584313370287418365e-03
3.277087103524789491e-01 4.500914830714464188e-03
3.431531460550240054e-01 4.420321900397539139e-03
3.762599425872716896e-01 4.342016763985157013e-03
3.939925273711246678e-01 4.265863448381423950e-03
4.125608231290300298e-01 4.191777668893337250e-03
4.320042157057852328e-01 4.119565244764089584e-03
4.736832031633308460e-01 4.049139097332954407e-03
4.960072047645178728e-01 3.980549983680248260e-03
5.193833041478548296e-01 3.913631197065114975e-03
5.438610851542219349e-01 3.848335240036249161e-03
5.694924684389270908e-01 3.753054654225707054e-03
5.963318216023762997e-01 3.660479793325066566e-03
6.244360745110443256e-01 3.600599942728877068e-03
6.538648400533531024e-01 3.542104037478566170e-03
6.846805405866013272e-01 3.457059152424335480e-03
7.169485403431529180e-01 3.374609630554914474e-03
7.507372840767374544e-01 3.294884460046887398e-03
7.861184422429497998e-01 3.217325313016772270e-03
8.231670630218950180e-01 3.142629750072956085e-03
8.619617315054403095e-01 3.046378958970308304e-03
9.025847363867310902e-01 2.976336982101202011e-03
9.451222445055416088e-01 2.908605616539716721e-03
9.896644836196951678e-01 2.821549074724316597e-03
1.036305933790234501e+00 2.738051582127809525e-03
1.085145527786299802e+00 2.657991135492920876e-03
1.136286860934794696e+00 2.562364563345909119e-03
1.189838410859966222e+00 2.470918465405702591e-03
1.245913767578986198e+00 2.400700934231281281e-03
1.304631874441609662e+00 2.316599944606423378e-03
1.366117280424966163e+00 2.220857422798871994e-03
1.430500404318638674e+00 2.129958244040608406e-03
1.497917811360400808e+00 2.043472370132803917e-03
1.568512502909397810e+00 1.961474772542715073e-03
1.642434219771200077e+00 1.883458928205072880e-03
1.719839759818128755e+00 1.809115870855748653e-03
1.800893310578565165e+00 1.726955873891711235e-03
1.885766797500710190e+00 1.639372785575687885e-03
1.974640248629512929e+00 1.557862851768732071e-03
2.067702176470289199e+00 1.481654471717774868e-03
2.165149977849019081e+00 1.410865923389792442e-03
2.267190352617480364e+00 1.344588119536638260e-03
2.374039742091349048e+00 1.275375834666192532e-03
2.485924788151246734e+00 1.204374013468623161e-03
2.603082813980555077e+00 1.138620777055621147e-03
2.725762327459708700e+00 1.071702921763062477e-03
2.854223548284725354e+00 1.010296982713043690e-03
2.988738959928070926e+00 9.538385202176868916e-04
3.129593887612636571e+00 8.922578417696058750e-04
3.277087103524790379e+00 8.349076961167156696e-04
3.431531460550241608e+00 7.832110277377068996e-04
3.593254555876957745e+00 7.316512055695056915e-04
3.762599425872718673e+00 6.845318130217492580e-04
3.939925273711248010e+00 6.403805455192923546e-04
4.125608231290302186e+00 5.976905813440680504e-04
4.320042157057854659e+00 5.563386948779225349e-04
4.523639471438666959e+00 5.181559245102107525e-04
4.736832031633308127e+00 4.850174300372600555e-04
4.960072047645175175e+00 4.527207929641008377e-04
5.193833041478544743e+00 4.198880924377590418e-04
5.438610851542216906e+00 3.892357635777443647e-04
5.694924684389268243e+00 3.625773824751377106e-04
5.963318216023761664e+00 3.382089780643582344e-04
6.244360745110442146e+00 3.160698688589036465e-04
6.538648400533531024e+00 2.944555017165839672e-04
6.846805405866013494e+00 2.742908545769751072e-04
7.169485403431528958e+00 2.539336564950644970e-04
7.507372840767374989e+00 2.349903807044029236e-04
7.861184422429498220e+00 2.183466713177040219e-04
8.231670630218948403e+00 2.014502242673188448e-04
8.619617315054401985e+00 1.841741905082017183e-04
9.025847363867310236e+00 1.686972973402589560e-04
9.451222445055416088e+00 1.549833395984023809e-04
9.896644836196950124e+00 1.424987858626991510e-04
1.036305933790234590e+01 1.308445353060960770e-04
1.085145527786299979e+01 1.185058281407691538e-04
1.136286860934795584e+01 1.065848991856910288e-04
1.189838410859966977e+01 9.611888526706025004e-05
1.245913767578986686e+01 8.709498797543346882e-05
1.304631874441610329e+01 7.565769919892773032e-05
1.366117280424967007e+01 6.686995038762688637e-05
1.430500404318639163e+01 5.928571772528812289e-05
1.497917811360400897e+01 5.342356234905309975e-05
1.568512502909397099e+01 4.883319343207404017e-05
1.642434219771199366e+01 4.131664172746241093e-05
1.719839759818128044e+01 3.427213232498615980e-05
1.800893310578564055e+01 2.997123192471917719e-05
1.885766797500709657e+01 2.748633414739742875e-05
1.974640248629512840e+01 2.302864959347061813e-05
2.067702176470289288e+01 2.002063956751953810e-05
2.165149977849018725e+01 1.728441566228866577e-05
2.267190352617480542e+01 1.373624490952352062e-05
2.374039742091349581e+01 1.157232691184617579e-05
2.485924788151246645e+01 9.572455383022315800e-06
2.603082813980554988e+01 4.964602339896373451e-06
2.725762327459708345e+01 1.466726075705082621e-06
2.854223548284724998e+01 1.988659505514078774e-06
2.988738959928070926e+01 6.217676400410709903e-06
3.129593887612636749e+01 4.390007688925834373e-06
3.277087103524790734e+01 1.719711235637078062e-06
3.431531460550241519e+01 2.126801973645342514e-06
3.593254555876957568e+01 2.422454826955799945e-06
3.762599425872718228e+01 -7.248988822539104149e-07
3.939925273711248366e+01 -7.770779575366759673e-08
4.125608231290302541e+01 1.480889977756305598e-06
4.320042157057854126e+01 3.169202500430401415e-06
4.523639471438667670e+01 2.609571083667105995e-06
4.736832031633310436e+01 4.338777216617017984e-06
4.960072047645179083e+01 3.658310788523522206e-06
5.193833041478545454e+01 1.335743036179337651e-06
5.438610851542216551e+01 2.054307287835399620e-06
5.694924684389268066e+01 1.000462930278445128e-06
5.963318216023762375e+01 1.073985913535580039e-06
6.244360745110442679e+01 5.959070676908595487e-07
6.538648400533530491e+01 -9.464160370953322854e-07
6.846805405866012961e+01 1.010410869639599696e-06
7.169485403431528425e+01 1.827829464673413895e-06
7.507372840767374100e+01 2.805233862090972252e-06
7.861184422429498397e+01 -2.338924105060868897e-06
8.231670630218950180e+01 -5.339162271411623806e-06
8.619617315054402695e+01 -1.510911602053965908e-06
9.025847363867310946e+01 1.094476715479686391e-06
9.451222445055417154e+01 2.714255060709547251e-06
9.896644836196954031e+01 -1.400923110850271769e-06
1.036305933790234661e+02 -5.843955932505195960e-07
1.085145527786299908e+02 1.337979597337835003e-06
1.136286860934795442e+02 -1.841618654907506425e-06
1.189838410859966729e+02 5.394980462369858287e-07
1.245913767578986722e+02 4.900028216070495546e-06
1.304631874441610364e+02 3.685235583361645695e-07
1.366117280424967078e+02 3.650329105653327133e-08
1.430500404318639198e+02 3.690541916512302123e-06
1.497917811360401572e+02 3.848609139822656289e-06
1.568512502909396744e+02 5.650413754665351007e-07
1.642434219771199082e+02 5.876785508007742465e-06
1.719839759818127902e+02 -1.631134182389359921e-06
1.800893310578564126e+02 -5.997557309456169605e-06
1.885766797500709799e+02 4.449032985576195642e-06
1.974640248629512769e+02 4.637572146748425439e-06
2.067702176470289146e+02 6.239628874027403072e-06
2.165149977849018796e+02 1.741425876389257610e-06
2.267190352617481608e+02 6.143584414530778304e-06
