2.374039742091349145e-02 6.243990752164236754e-03
4.736832031633308321e-02 5.980967351862233154e-03
6.846805405866014660e-02 5.730128287887993090e-03
9.451222445055411370e-02 5.535975402210851701e-03
1.136286860934795223e-01 5.381405404459428318e-03
1.366117280424966329e-01 5.244600909212126030e-03
1.642434219771199688e-01 5.117740271446103405e-03
1.885766797500710301e-01 5.000694437718186322e-03
2.067702176470289366e-01 4.892486281420121291e-03
2.374039742091349492e-01 4.789865458898485105e-03
2.603082813980555077e-01 4.691281013709820875e-03
2.725762327459708700e-01 4.596900850901367713e-03
2.988738959928071148e-01 4.507248996525016309e-03
3.277087103524790046e-01 4.421713506907789908e-03
3.431531460550240609e-01 4.339118320701588864e-03
3.762599425872716341e-01 4.258988630293818883e-03
3.939925273711246123e-01 4.181147790275263273e-03
4.125608231290300298e-01 4.105412443679526402e-03
4.320042157057852328e-01 4.031185652494048872e-03
4.736832031633308460e-01 3.957930161996824937e-03
4.960072047645178728e-01 3.886100940552804014e-03
5.193833041478548296e-01 3.816684881865868399e-03
5.438610851542220459e-01 3.749905174243434777e-03
5.694924684389270908e-01 3.653170895234670972e-03
5.963318216023762997e-01 3.557928436194027211e-03
6.244360745110443256e-01 3.495508584186124857e-03
6.538648400533532135e-01 3.434389052652227128e-03
6.846805405866014382e-01 3.346148636001654297e-03
7.169485403431529180e-01 3.262719115597759092e-03
7.507372840767374544e-01 3.182581348923675408e-03
7.861184422429497998e-01 3.101885798886429638e-03
8.231670630218950180e-01 3.019441176406596240e-03
8.619617315054403095e-01 2.912666692705754255e-03
9.025847363867310902e-01 2.836885926426726927e-03
9.451222445055416088e-01 2.764179171069397652e-03
9.896644836196950568e-01 2.674438008006532405e-03
1.036305933790234501e+00 2.592305799164665910e-03
1.085145527786299802e+00 2.515133834939489200e-03
1.136286860934794918e+00 2.422142871704057853e-03
1.189838410859966222e+00 2.331693626703006464e-03
1.245913767578986198e+00 2.263831815246992313e-03
1.304631874441609662e+00 2.182632147930542270e-03
1.366117280424966163e+00 2.092019672696120245e-03
1.430500404318638674e+00 2.006125091179698002e-03
1.497917811360400586e+00 1.926059214001760687e-03
1.568512502909397810e+00 1.852294450187317318e-03
1.642434219771200077e+00 1.782274840264194736e-03
1.719839759818128755e+00 1.707885564797409278e-03
1.800893310578565165e+00 1.630459147040936186e-03
1.885766797500710190e+00 1.552542352198758727e-03
1.974640248629512929e+00 1.477177630359345758e-03
2.067702176470289199e+00 1.403866661046258672e-03
2.165149977849019081e+00 1.337047876983529478e-03
2.267190352617480364e+00 1.272944014730640998e-03
2.374039742091349492e+00 1.203762286227333649e-03
2.485924788151246734e+00 1.131271602557838143e-03
2.603082813980555077e+00 1.064876521645887700e-03
2.725762327459708700e+00 1.000552350837293500e-03
2.854223548284725354e+00 9.414800714841311874e-04
2.988738959928070926e+00 8.866312457926755217e-04
3.129593887612636571e+00 8.181318832057159641e-04
3.277087103524790379e+00 7.558563413704454288e-04
3.431531460550242052e+00 7.035274026760539746e-04
3.593254555876957745e+00 6.494353717842969980e-04
3.762599425872718673e+00 6.037843403641424741e-04
3.939925273711248010e+00 5.741035977188187374e-04
4.125608231290302186e+00 5.420776953276246549e-04
4.320042157057854659e+00 5.097013686804332871e-04
4.523639471438666959e+00 4.662318272508436754e-04
4.736832031633308127e+00 4.330760336957814745e-04
4.960072047645176063e+00 4.092733518152703127e-04
5.193833041478546519e+00 3.906177185660861403e-04
5.438610851542217794e+00 3.701000952815228489e-04
5.694924684389268243e+00 3.431090556152999334e-04
5.963318216023761664e+00 3.075731769654702769e-04
6.244360745110442146e+00 2.744512371470380014e-04
6.538648400533531913e+00 2.440321074124770899e-04
6.846805405866014382e+00 2.193370230458407391e-04
7.169485403431528958e+00 1.975546903860351644e-04
7.507372840767374989e+00 1.761756145187179888e-04
7.861184422429498220e+00 1.649345448741066256e-04
8.231670630218950180e+00 1.494548430270449643e-04
8.619617315054403761e+00 1.214689826847648426e-04
9.025847363867310236e+00 1.002256502991788961e-04
9.451222445055416088e+00 8.841542564555585635e-05
9.896644836196951900e+00 7.873936706527121041e-05
1.036305933790234590e+01 9.020771832220689083e-05
1.085145527786299979e+01 1.033255677585914338e-04
1.136286860934795406e+01 1.171447589563035267e-04
1.189838410859966800e+01 1.266542418241665372e-04
1.245913767578986686e+01 1.450498145168314370e-04
1.304631874441610329e+01 1.353501510340978905e-04
1.366117280424967007e+01 1.205047406254358412e-04
1.430500404318639163e+01 1.256899207869102426e-04
1.497917811360400897e+01 1.078733832983628323e-04
1.568512502909397099e+01 1.019689193315094348e-04
1.642434219771199366e+01 1.243774256013447537e-04
1.719839759818128044e+01 1.219472757619249897e-04
1.800893310578564055e+01 9.039169436855703306e-05
1.885766797500709657e+01 6.357024667968807238e-05
1.974640248629512840e+01 6.712837437421222543e-05
2.067702176470289288e+01 5.075749211797103678e-05
2.165149977849018725e+01 3.276006343196114520e-05
2.267190352617480542e+01 6.024854656124329570e-05
2.374039742091349225e+01 7.883010332913972134e-05
2.485924788151246645e+01 7.718967680045761917e-05
2.603082813980555343e+01 5.695234675409525834e-05
2.725762327459708700e+01 1.901770394585622438e-05
2.854223548284725354e+01 1.835670271572458051e-05
2.988738959928070926e+01 2.424524853989037178e-05
3.129593887612637104e+01 4.435023554477847277e-05
3.277087103524790734e+01 4.115662889782734627e-05
3.431531460550241519e+01 1.931614784430911783e-05
3.593254555876957568e+01 4.814181307390194683e-05
3.762599425872718939e+01 2.556457244789046255e-05
3.939925273711248366e+01 1.824427081303817648e-05
4.125608231290302541e+01 2.484599517482301815e-05
4.320042157057854126e+01 1.632613921866512248e-05
4.523639471438667670e+01 1.326211268468491116e-05
4.736832031633310436e+01 2.420345875740375754e-05
4.960072047645179083e+01 2.341823625080503333e-05
5.193833041478545454e+01 1.935269145682479806e-05
5.438610851542216551e+01 1.249762214247106769e-05
5.694924684389268066e+01 6.208376193887812572e-06
5.963318216023762375e+01 -2.097090373005422876e-05
6.244360745110443389e+01 -2.581191036890683989e-05
6.538648400533531913e+01 2.717957370564045051e-05
6.846805405866012961e+01 4.688464166471022394e-05
7.169485403431529846e+01 3.557905404243845172e-05
7.507372840767375521e+01 2.693260626842844169e-06
7.861184422429498397e+01 -2.016300055142096934e-05
8.231670630218950180e+01 8.592854976787865656e-06
8.619617315054402695e+01 -2.585542024678046526e-05
9.025847363867310946e+01 -3.879350803455984114e-05
9.451222445055415733e+01 1.374879636317096854e-05
9.896644836196952610e+01 -2.839981961164373536e-05
1.036305933790234661e+02 -6.067333858452382805e-05
1.085145527786300050e+02 -2.950281271008283853e-05
1.136286860934795442e+02 2.113193566934628969e-06
1.189838410859966871e+02 -2.980261491714054280e-05
1.245913767578986722e+02 -1.440243641688089004e-05
1.304631874441610364e+02 -1.569838741377509644e-05
1.366117280424967078e+02 -3.929039038683637431e-05
1.430500404318639198e+02 -2.663040889889533829e-06
1.497917811360401572e+02 -2.809442272531834130e-05
1.568512502909397028e+02 -9.089838168338644782e-06
1.642434219771199366e+02 5.322028487995324756e-05
1.719839759818127902e+02 7.495511581839701747e-05
1.800893310578564126e+02 5.257394520133901124e-05
1.885766797500709799e+02 1.600651928425933613e-05
1.974640248629512769e+02 8.862198216175850525e-07
2.067702176470289146e+02 -5.015947208222019715e-05
2.165149977849018796e+02 6.337171295348295358e-05
2.267190352617480471e+02 5.509256496930240040e-05
