2.374039742091349145e-02 6.286084938757670500e-03
4.736832031633308321e-02 6.023492117997903197e-03
6.846805405866014660e-02 5.775367848823465509e-03
9.451222445055411370e-02 5.586306296688335442e-03
1.136286860934795223e-01 5.437700502677971469e-03
1.366117280424966329e-01 5.305176770400989519e-03
1.642434219771199688e-01 5.180522478379206812e-03
1.885766797500710301e-01 5.065939817023867170e-03
2.067702176470289366e-01 4.962993554546790177e-03
2.374039742091349492e-01 4.869084612009039886e-03
2.603082813980555077e-01 4.780013519681890893e-03
2.725762327459708700e-01 4.693553132236034237e-03
2.988738959928071148e-01 4.609515590873141874e-03
3.277087103524790046e-01 4.528255794085642855e-03
3.431531460550240609e-01 4.450065067775324859e-03
3.762599425872716341e-01 4.374752471505901144e-03
3.939925273711246123e-01 4.301817758477700232e-03
4.125608231290300298e-01 4.229790598700606218e-03
4.320042157057852328e-01 4.157788111488562241e-03
4.736832031633308460e-01 4.086043040092504110e-03
4.960072047645178728e-01 4.014819985706987587e-03
5.193833041478548296e-01 3.944931865703478133e-03
5.438610851542220459e-01 3.876996258094185521e-03
5.694924684389270908e-01 3.778346770586777682e-03
5.963318216023762997e-01 3.682836618794266791e-03
6.244360745110443256e-01 3.621649155762865935e-03
6.538648400533532135e-01 3.561649572728677916e-03
6.846805405866014382e-01 3.471028700220371837e-03
7.169485403431529180e-01 3.380481483251677674e-03
7.507372840767374544e-01 3.293273565118712450e-03
7.861184422429497998e-01 3.209023533000402578e-03
8.231670630218950180e-01 3.128588583841717015e-03
8.619617315054403095e-01 3.024866215943857600e-03
9.025847363867310902e-01 2.948135267481683669e-03
9.451222445055416088e-01 2.874380740579837203e-03
9.896644836196950568e-01 2.784414221829711097e-03
1.036305933790234501e+00 2.702412396977182853e-03
1.085145527786299802e+00 2.622434914168410985e-03
1.136286860934794918e+00 2.522727299379399091e-03
1.189838410859966222e+00 2.424965834021203942e-03
1.245913767578986198e+00 2.349613331062078755e-03
1.304631874441609662e+00 2.263937323219697689e-03
1.366117280424966163e+00 2.165088457501797205e-03
1.430500404318638674e+00 2.067035769963365254e-03
1.497917811360400586e+00 1.970192815642893020e-03
1.568512502909397810e+00 1.882373704767390616e-03
1.642434219771200077e+00 1.798771116731460659e-03
1.719839759818128755e+00 1.723680737283900819e-03
1.800893310578565165e+00 1.646949903637492940e-03
1.885766797500710190e+00 1.561699060109669355e-03
1.974640248629512929e+00 1.493239589377307747e-03
2.067702176470289199e+00 1.428188142116872247e-03
2.165149977849019081e+00 1.375895521745982598e-03
2.267190352617480364e+00 1.322808606731399467e-03
2.374039742091349492e+00 1.268580088070916500e-03
2.485924788151246734e+00 1.216491590252014683e-03
2.603082813980555077e+00 1.166674110049600215e-03
2.725762327459708700e+00 1.120814971761516883e-03
2.854223548284725354e+00 1.068815865291753049e-03
2.988738959928070926e+00 1.013282322037771998e-03
3.129593887612636571e+00 9.579945429921116586e-04
3.277087103524790379e+00 9.101829922137466512e-04
3.431531460550242052e+00 8.618992734706663146e-04
3.593254555876957745e+00 8.269889489032160573e-04
3.762599425872718673e+00 7.900190862567098770e-04
3.939925273711248010e+00 7.444081066001094959e-04
4.125608231290302186e+00 7.001590727161541728e-04
4.320042157057854659e+00 6.461082029866464273e-04
4.523639471438666959e+00 6.027600722086595524e-04
4.736832031633308127e+00 5.736302035391477707e-04
4.960072047645176063e+00 5.472603898736001348e-04
5.193833041478546519e+00 5.222358901468547891e-04
5.438610851542217794e+00 5.047458131519647279e-04
5.694924684389268243e+00 4.842184719951489837e-04
5.963318216023761664e+00 4.625241326563815040e-04
6.244360745110442146e+00 4.393030730937953310e-04
6.538648400533531913e+00 4.127436220523532872e-04
6.846805405866014382e+00 3.807504159219817635e-04
7.169485403431528958e+00 3.545325888111791352e-04
7.507372840767374989e+00 3.218522208619948384e-04
7.861184422429498220e+00 2.860967764507588379e-04
8.231670630218950180e+00 2.645445983064217878e-04
8.619617315054403761e+00 2.529997867243775466e-04
9.025847363867310236e+00 2.390686934534744885e-04
9.451222445055416088e+00 2.203670769049146869e-04
9.896644836196951900e+00 2.193550106037435671e-04
1.036305933790234590e+01 2.185424740203258489e-04
1.085145527786299979e+01 2.092958411582641572e-04
1.136286860934795406e+01 2.089276377837667991e-04
1.189838410859966800e+01 1.961783384429618114e-04
1.245913767578986686e+01 1.728598606543815363e-04
1.304631874441610329e+01 1.591768478202425544e-04
1.366117280424967007e+01 1.439907600708851187e-04
1.430500404318639163e+01 1.299089444149131118e-04
1.497917811360400897e+01 1.164785675464899531e-04
1.568512502909397099e+01 1.137802293570974537e-04
1.642434219771199366e+01 1.097979251031564661e-04
1.719839759818128044e+01 1.042078821576219620e-04
1.800893310578564055e+01 7.266323038071007922e-05
1.885766797500709657e+01 5.053151881112921776e-05
1.974640248629512840e+01 2.714724522466503991e-05
2.067702176470289288e+01 1.874964190533136849e-05
2.165149977849018725e+01 4.093849529576705341e-05
2.267190352617480542e+01 3.186844995928673607e-05
2.374039742091349225e+01 1.979191388154890111e-05
2.485924788151246645e+01 1.420588194441367602e-05
2.603082813980555343e+01 7.200152938623443639e-06
2.725762327459708700e+01 -1.517645803705616465e-06
2.854223548284725354e+01 -2.656739037582277824e-07
2.988738959928070926e+01 1.043051747798706115e-05
3.129593887612637104e+01 6.448162758697572282e-05
3.277087103524790734e+01 6.278546109210689512e-05
3.431531460550241519e+01 3.148118462988208768e-05
3.593254555876957568e+01 1.922409666128320118e-06
3.762599425872718939e+01 6.761956708844126662e-06
3.939925273711248366e+01 -1.983129162451817778e-05
4.125608231290302541e+01 -2.799953043545266938e-05
4.320042157057854126e+01 -3.130841361774868619e-05
4.523639471438667670e+01 -3.322111546996052814e-06
4.736832031633310436e+01 7.567649505524505336e-06
4.960072047645179083e+01 -1.562583744527724802e-05
5.193833041478545454e+01 -1.654110354784387623e-05
5.438610851542216551e+01 -4.310218031953237872e-06
5.694924684389268066e+01 -2.530215234513863982e-05
5.963318216023762375e+01 2.419060494907679979e-06
6.244360745110443389e+01 -2.118833817174068260e-05
6.538648400533531913e+01 -8.786898121419264322e-06
6.846805405866012961e+01 -8.195337355235278009e-06
7.169485403431529846e+01 1.440011268186480469e-05
7.507372840767375521e+01 1.067239189498970306e-05
7.861184422429498397e+01 7.400454810627663839e-05
8.231670630218950180e+01 3.140745061605676984e-05
8.619617315054402695e+01 -1.364889131171808851e-05
9.025847363867310946e+01 -8.300250889551999523e-06
9.451222445055415733e+01 -5.635057900208153914e-06
9.896644836196952610e+01 -3.818758251897392483e-06
1.036305933790234661e+02 -6.908402508472802773e-05
1.085145527786300050e+02 -3.844053360676321138e-05
1.136286860934795442e+02 -9.517310027101637574e-06
1.189838410859966871e+02 -3.671005354298832300e-07
1.245913767578986722e+02 -1.153341815537259823e-05
1.304631874441610364e+02 7.800299809907580359e-05
1.366117280424967078e+02 7.730173783372155352e-05
1.430500404318639198e+02 6.519403278448720140e-05
1.497917811360401572e+02 -4.425251960349468704e-05
1.568512502909397028e+02 -4.294368397775155113e-05
1.642434219771199366e+02 -8.620802513962197726e-05
1.719839759818127902e+02 -5.164094915522812821e-05
1.800893310578564126e+02 2.738737711014045830e-05
1.885766797500709799e+02 1.112803341341455146e-04
1.974640248629512769e+02 -3.558124769531371967e-05
2.067702176470289146e+02 -1.759987547740061580e-05
2.165149977849018796e+02 -7.226431567498228651e-05
2.267190352617480471e+02 1.462906087680621210e-04
