2.374039742091349145e-02 6.297278490474733648e-03
4.736832031633308321e-02 6.033480458548475152e-03
6.846805405866014660e-02 5.780936568229726701e-03
9.451222445055411370e-02 5.586358930029624963e-03
1.136286860934795223e-01 5.435033743819859577e-03
1.366117280424966329e-01 5.305439533963458854e-03
1.642434219771199688e-01 5.187109016791723905e-03
1.885766797500710301e-01 5.077107106540387597e-03
2.067702176470289366e-01 4.973678615343356604e-03
2.374039742091349492e-01 4.875131542394326931e-03
2.603082813980555077e-01 4.781267701319842113e-03
2.725762327459708700e-01 4.693171876519346142e-03
2.988738959928071148e-01 4.610801146855885400e-03
3.277087103524790046e-01 4.532927400017837394e-03
3.431531460550240609e-01 4.458600339705032396e-03
3.762599425872716341e-01 4.386665686146149108e-03
3.939925273711246123e-01 4.316022796748416462e-03
4.125608231290300298e-01 4.246078727576836805e-03
4.320042157057852328e-01 4.176674386353689504e-03
4.736832031633308460e-01 4.107838382712703483e-03
4.960072047645178728e-01 4.039403962139528209e-03
5.193833041478548296e-01 3.970940862893726150e-03
5.438610851542220459e-01 3.903737974289161507e-03
5.694924684389270908e-01 3.807443054100571010e-03
5.963318216023762997e-01 3.713184886115376837e-03
6.244360745110443256e-01 3.651793453529372877e-03
6.538648400533532135e-01 3.592521540197426717e-03
6.846805405866014382e-01 3.507544982629586233e-03
7.169485403431529180e-01 3.425042101862617837e-03
7.507372840767374544e-01 3.344899501415067589e-03
7.861184422429497998e-01 3.268859092962217612e-03
8.231670630218950180e-01 3.198979606850665437e-03
8.619617315054403095e-01 3.107865408072665522e-03
9.025847363867310902e-01 3.038786913587166773e-03
9.451222445055416088e-01 2.969741505612525506e-03
9.896644836196950568e-01 2.880824089701760054e-03
1.036305933790234501e+00 2.797078203398781909e-03
1.085145527786299802e+00 2.716422879399254826e-03
1.136286860934794918e+00 2.621180703646452167e-03
1.189838410859966222e+00 2.529884467702893380e-03
1.245913767578986198e+00 2.457221392297700285e-03
1.304631874441609662e+00 2.374815125494207646e-03
1.366117280424966163e+00 2.283259514822300832e-03
1.430500404318638674e+00 2.192091994940941445e-03
1.497917811360400586e+00 2.102206175189574779e-03
1.568512502909397810e+00 2.013857924476741227e-03
1.642434219771200077e+00 1.934499512334973388e-03
1.719839759818128755e+00 1.859157966763823463e-03
1.800893310578565165e+00 1.766637702298698301e-03
1.885766797500710190e+00 1.665077896656502136e-03
1.974640248629512929e+00 1.573335695976378233e-03
2.067702176470289199e+00 1.495138960640562563e-03
2.165149977849019081e+00 1.422421967389011447e-03
2.267190352617480364e+00 1.355700638805060979e-03
2.374039742091349492e+00 1.284445745899235117e-03
2.485924788151246734e+00 1.204630117198101421e-03
2.603082813980555077e+00 1.131679294816155448e-03
2.725762327459708700e+00 1.064373312216591524e-03
2.854223548284725354e+00 1.003802112555289127e-03
2.988738959928070926e+00 9.390581678144182794e-04
3.129593887612636571e+00 8.560672840169624700e-04
3.277087103524790379e+00 7.872587538516238014e-04
3.431531460550242052e+00 7.375659878452874799e-04
3.593254555876957745e+00 6.845252539148629408e-04
3.762599425872718673e+00 6.365876379222594863e-04
3.939925273711248010e+00 6.031456742238187289e-04
4.125608231290302186e+00 5.633523474351880781e-04
4.320042157057854659e+00 5.150243826773972513e-04
4.523639471438666959e+00 4.704206059969021124e-04
4.736832031633308127e+00 4.332410682002087805e-04
4.960072047645176063e+00 3.893138722782801147e-04
5.193833041478546519e+00 3.507446664371754118e-04
5.438610851542217794e+00 3.216773000161473185e-04
5.694924684389268243e+00 3.003477312989680128e-04
5.963318216023761664e+00 2.831951159778936045e-04
6.244360745110442146e+00 2.569115813156873395e-04
6.538648400533531913e+00 2.338991161034852833e-04
6.846805405866014382e+00 2.158962858960328214e-04
7.169485403431528958e+00 1.887249734253248882e-04
7.507372840767374989e+00 1.903840430711092999e-04
7.861184422429498220e+00 1.783673927582782608e-04
8.231670630218950180e+00 1.516756724043677408e-04
8.619617315054403761e+00 1.485337547145433384e-04
9.025847363867310236e+00 1.588496047102339233e-04
9.451222445055416088e+00 1.382327490399266152e-04
9.896644836196951900e+00 1.238168549914728657e-04
1.036305933790234590e+01 9.983655216253811541e-05
1.085145527786299979e+01 7.086559280192403763e-05
1.136286860934795406e+01 5.624533165378680505e-05
1.189838410859966800e+01 5.062994233842044303e-05
1.245913767578986686e+01 5.122587620623924248e-05
1.304631874441610329e+01 5.950444554083375093e-05
1.366117280424967007e+01 6.589702998597210255e-05
1.430500404318639163e+01 7.725875911693073082e-05
1.497917811360400897e+01 1.081627457041798955e-04
1.568512502909397099e+01 1.173100041389433113e-04
1.642434219771199366e+01 1.266331466845652023e-04
1.719839759818128044e+01 1.332814293801148648e-04
1.800893310578564055e+01 1.300712832545451671e-04
1.885766797500709657e+01 1.064812829717381223e-04
1.974640248629512840e+01 1.012635398759376522e-04
2.067702176470289288e+01 8.816565028991793615e-05
2.165149977849018725e+01 7.822150848882921737e-05
2.267190352617480542e+01 9.002794375928335280e-05
2.374039742091349225e+01 1.185961525474118100e-04
2.485924788151246645e+01 8.934974410524481583e-05
2.603082813980555343e+01 6.470165317189568283e-05
2.725762327459708700e+01 3.848958534698036262e-05
2.854223548284725354e+01 -9.183659832450069931e-06
2.988738959928070926e+01 -3.251551886311667300e-05
3.129593887612637104e+01 -1.382420508092586750e-05
3.277087103524790734e+01 -1.902308402834728277e-05
3.431531460550241519e+01 -4.999480052390096839e-05
3.593254555876957568e+01 -2.972323539540634970e-05
3.762599425872718939e+01 -1.093358790401986120e-05
3.939925273711248366e+01 3.353331961858870171e-05
4.125608231290302541e+01 4.098382248165504554e-05
4.320042157057854126e+01 1.313297582829784671e-05
4.523639471438667670e+01 -4.089942890011049494e-06
4.736832031633310436e+01 3.489919410925944711e-05
4.960072047645179083e+01 8.033120545775087001e-05
5.193833041478545454e+01 6.048551856693468762e-05
5.438610851542216551e+01 4.254970884959095840e-05
5.694924684389268066e+01 2.031215949011107430e-05
5.963318216023762375e+01 3.488616465934672325e-06
6.244360745110443389e+01 -7.237193201922245384e-07
6.538648400533531913e+01 6.963732981309212787e-06
6.846805405866012961e+01 -1.744918484292538817e-05
7.169485403431529846e+01 -4.611686670783005435e-05
7.507372840767375521e+01 -1.741689072455508173e-05
7.861184422429498397e+01 1.575420010231476043e-06
8.231670630218950180e+01 -2.201304422818851556e-05
8.619617315054402695e+01 -5.376945995525915528e-05
9.025847363867310946e+01 -4.894046571990935587e-05
9.451222445055415733e+01 -2.484367243875891019e-05
9.896644836196952610e+01 1.947282976688524675e-05
1.036305933790234661e+02 -1.821435940135700496e-05
1.085145527786300050e+02 3.086807318536012087e-06
1.136286860934795442e+02 2.054931179378243125e-06
1.189838410859966871e+02 -4.088397674111082455e-05
1.245913767578986722e+02 1.517327837048269290e-05
1.304631874441610364e+02 1.511323178979822903e-05
1.366117280424967078e+02 2.580078481869067420e-05
1.430500404318639198e+02 -1.217027422546347204e-05
1.497917811360401572e+02 1.432142000997596222e-05
1.568512502909397028e+02 4.688917288652893654e-05
1.642434219771199366e+02 4.867095494961122862e-05
1.719839759818127902e+02 3.966896424750387831e-05
1.800893310578564126e+02 4.073738952269736785e-05
1.885766797500709799e+02 -5.108869038769354981e-05
1.974640248629512769e+02 4.511965224144263151e-05
2.067702176470289146e+02 -3.973478446699449932e-05
2.165149977849018796e+02 4.098905468652065551e-05
2.267190352617480471e+02 -2.119071715746591864e-05
