4.402668768255080977e+03 1.128972109982140197e-02
8.702291228692711229e+03 1.021519460203711670e-02
1.276695311178296106e+04 9.350457893367122852e-03
1.720090168377494410e+04 8.504217606049928671e-03
2.128263827136110558e+04 7.747042639187003664e-03
2.633296208052036673e+04 7.183392591881471168e-03
2.992156217165216367e+04 6.771642488663707181e-03
3.399920905420426425e+04 6.301213010545831522e-03
3.863254898524766031e+04 5.902562199384209750e-03
4.389731063208368141e+04 5.432696617335273058e-03
4.779996890100366727e+04 5.098595519712762446e-03
5.204959014657664375e+04 4.770011240671746637e-03
5.667702085826511029e+04 4.523382857124896503e-03
5.914279763961255958e+04 4.268755338971442874e-03
6.440084477124233672e+04 3.932279170422959928e-03
7.012635473421998904e+04 3.736808577854492872e-03
7.317725498701544711e+04 3.498977613351945525e-03
7.636088696938366047e+04 3.430984536610656721e-03
8.314969572923782107e+04 3.214862479123415610e-03
8.676718631008510420e+04 3.046154531157186946e-03
9.054205856247972406e+04 2.823150515581485456e-03
9.448115949541462760e+04 2.695670890349688344e-03
9.859163400220239419e+04 2.476986436492936445e-03
1.028809378201585205e+05 2.445964629217919645e-03
1.073568510541054857e+05 2.363417930679571639e-03
1.120274922882271785e+05 2.245942765014035964e-03
1.169013333118703304e+05 2.158928858885167043e-03
1.219872144860027474e+05 2.045189649731635022e-03
1.272943607782017789e+05 1.878094098019432272e-03
1.328323984952562314e+05 1.800645141555937351e-03
1.386113727437329653e+05 1.757648712919632943e-03
1.446417656501793244e+05 1.640120423288455838e-03
1.509345153740085370e+05 1.532144574807976431e-03
1.575010359475556761e+05 1.473320095824883153e-03
1.643532379792899883e+05 1.402002786362254241e-03
1.715035502577361767e+05 1.344711574739870449e-03
1.789649422952906461e+05 1.242285702886718971e-03
1.867509478528242907e+05 1.159872036822423959e-03
1.948756894877398154e+05 1.076696792785299030e-03
2.033539041700111702e+05 1.032374525379538017e-03
2.122009700126690441e+05 9.798838585428173206e-04
2.214329341652157309e+05 9.274392787601275657e-04
2.310665419205641083e+05 8.794285272334847591e-04
2.411192670882964449e+05 8.305136293398881001e-04
2.516093436893345497e+05 7.822539336276507823e-04
2.625557990295107011e+05 7.309327081306597968e-04
2.739784882120293914e+05 6.967877792982122599e-04
2.858981301514200168e+05 6.711552151628507462e-04
2.983363451543037081e+05 6.235271414065088119e-04
3.113156941351395799e+05 5.851385123694179645e-04
3.248597195380828343e+05 5.563280293275243808e-04
3.389929880391783081e+05 5.283367832316892675e-04
3.537411351063454640e+05 5.047919752812103774e-04
3.691309114979797741e+05 4.698442557200332255e-04
3.851902317845114740e+05 4.483632285412181935e-04
4.019482249809301575e+05 4.215891115648179766e-04
4.194352873821160174e+05 4.007211453534772344e-04
4.376831376968135592e+05 3.853811250072888784e-04
4.567248745802495396e+05 3.640275199571465147e-04
4.765950366697513382e+05 3.479985330179476751e-04
4.973296652322599548e+05 3.309756009177425491e-04
5.189663695373723749e+05 3.141418445169282176e-04
5.415443950744859176e+05 2.966783984231567521e-04
5.651046947377803735e+05 2.817509990300606001e-04
5.896900031081594061e+05 2.666755357461530790e-04
6.153449139668828575e+05 2.511635047832343030e-04
6.421159611814880045e+05 2.409238436345308425e-04
6.700517031107150251e+05 2.326862695994850853e-04
6.992028106815317878e+05 2.231690311363574396e-04
7.296221592980173882e+05 2.142549851205326325e-04
7.613649247488108231e+05 2.067193711762055049e-04
7.944886832870859653e+05 2.020922467573194276e-04
8.290535160645822762e+05 1.925139748734799611e-04
8.651221181091159815e+05 1.874123946546161167e-04
9.027599120432425989e+05 1.811116489490596044e-04
9.420351667503338540e+05 1.762358070976797141e-04
9.830191212033140473e+05 1.713575593984221893e-04
1.025786113680658164e+06 1.640982861740998252e-04
1.070413716604031390e+06 1.584147038105894576e-04
1.116982877242140938e+06 1.518459623818625768e-04
1.165578064536016202e+06 1.461185038712053518e-04
1.216287422312036389e+06 1.419346347687956320e-04
1.269202929160604253e+06 1.383257536432683308e-04
1.324420565270459978e+06 1.352791476278685109e-04
1.382040486521255691e+06 1.319953751185855935e-04
1.442167206150155980e+06 1.282125654001242600e-04
1.504909784321977990e+06 1.251176189153919743e-04
1.570382025946733309e+06 1.229332060469155697e-04
1.638702687103363918e+06 1.199143767850638874e-04
1.709995690444097621e+06 1.172414221021191380e-04
1.784390349970143754e+06 1.157532687539161498e-04
1.862021605586416787e+06 1.131923536955198361e-04
1.943030267860745313e+06 1.115320508971507268e-04
2.027563273431514623e+06 1.100309819103508408e-04
2.115773951527012512e+06 1.073781190512908262e-04
2.207822302079902031e+06 1.051031318241851397e-04
2.303875285941275768e+06 1.033109760221390035e-04
2.404107127720690332e+06 1.015355274995158248e-04
2.508699631801488344e+06 9.998029269670758454e-05
2.617842512104606722e+06 9.840101196781600207e-05
2.731733736199009698e+06 9.686574625522951512e-05
2.850579884382903110e+06 9.552884522804335561e-05
2.974596524387058336e+06 9.420684546262217938e-05
3.104008602379877120e+06 9.299881647255442137e-05
3.239050850983437151e+06 9.189679051478290837e-05
3.379968215040580370e+06 9.076194544469876079e-05
3.527016295905329287e+06 9.001562959696913471e-05
3.680461815062484704e+06 8.907511230538394265e-05
3.840583097917342093e+06 8.813949118933931510e-05
4.007670578633065801e+06 8.728957610257127137e-05
4.182027326931377407e+06 8.632801580738154457e-05
4.363969597812118940e+06 8.548974656493135661e-05
4.553827405188770033e+06 8.478250074800012864e-05
4.751945120480441488e+06 8.413899393242747792e-05
4.958682097246030346e+06 8.349159648161886237e-05
5.174413322993571870e+06 8.292227046568374749e-05
5.399530099347066134e+06 8.238173686137211340e-05
5.634440751804464497e+06 8.196689169733273339e-05
5.879571370374217629e+06 8.160047947429542288e-05
6.135366582433775999e+06 8.125707961757060464e-05
6.402290359211891890e+06 8.098915915765770874e-05
6.680826857357543893e+06 8.075921616647281425e-05
6.971481297121950425e+06 8.059999601949361270e-05
7.274780878746563569e+06 8.041426693984839223e-05
7.591275738719213754e+06 8.025755211069146241e-05
7.921539947632909752e+06 8.006438202344792125e-05
8.266172551457234658e+06 7.987368798122857199e-05
8.625798658111047000e+06 7.975320230451613673e-05
9.001070571307353675e+06 7.962699475637174343e-05
9.392668973726961762e+06 7.952793479619457966e-05
9.801304161666996777e+06 7.942259645887552171e-05
1.022771733340373263e+07 7.933626830862045281e-05
1.067268193360666372e+07 7.926371537255945171e-05
1.113700505624227971e+07 7.933709838278439825e-05
1.162152890851223655e+07 7.947166332176463393e-05
1.212713233848131076e+07 7.961957262440953005e-05
1.265473242916593328e+07 7.979095411153041694e-05
1.320528616197475046e+07 7.997981826263491040e-05
1.377979215251847915e+07 8.018553261712865667e-05
1.437929246193742193e+07 8.039630274451203004e-05
1.500487448703214899e+07 8.062427017044807183e-05
1.565767293262583762e+07 8.086413619172867469e-05
1.633887186973565444e+07 8.111523154845887184e-05
1.704970688328647614e+07 8.137766996968490401e-05
1.779146731326251104e+07 8.165152745064271358e-05
1.856549859336193278e+07 8.193738088107183819e-05
1.937320469139645249e+07 8.223668056647173881e-05
2.021605065586232394e+07 8.254914439989676932e-05
2.109556527330185100e+07 8.287584097223113858e-05
