4.402668768255080977e+03 1.152695862953731672e-02
8.702291228692711229e+03 1.040756582384104283e-02
1.276695311178296106e+04 9.387595155850679898e-03
1.720090168377494410e+04 8.407291457507013940e-03
2.128263827136110558e+04 7.970514196914824448e-03
2.633296208052036673e+04 7.361504325835702654e-03
2.992156217165216367e+04 6.612966182073898129e-03
3.399920905420426425e+04 6.032575405935694003e-03
3.863254898524766031e+04 5.834194917882370816e-03
4.389731063208368141e+04 5.364115180909463654e-03
4.779996890100366727e+04 4.970600407228365110e-03
5.204959014657664375e+04 4.754070483742367341e-03
5.667702085826511029e+04 4.458824962924355824e-03
5.914279763961255958e+04 4.278428158504179318e-03
6.440084477124233672e+04 3.950229716100500492e-03
7.012635473421998904e+04 3.685155852058476147e-03
7.317725498701544711e+04 3.505832844263806827e-03
7.636088696938366047e+04 3.371460998834877824e-03
8.314969572923782107e+04 3.186433551532634901e-03
8.676718631008510420e+04 2.970930715869186944e-03
9.054205856247972406e+04 2.801913480643403610e-03
9.448115949541462760e+04 2.678390440761392339e-03
9.859163400220239419e+04 2.526509583344055919e-03
1.028809378201585205e+05 2.396619083493005484e-03
1.073568510541054857e+05 2.348555714714867584e-03
1.120274922882271785e+05 2.242455897073773307e-03
1.169013333118703304e+05 2.133835619598160264e-03
1.219872144860027474e+05 2.047731216106563751e-03
1.272943607782017789e+05 1.905141299636122290e-03
1.328323984952562314e+05 1.743195228372794968e-03
1.386113727437329653e+05 1.703384658389240540e-03
1.446417656501793244e+05 1.638129651400016063e-03
1.509345153740085370e+05 1.538728893356148012e-03
1.575010359475556761e+05 1.453157605793419828e-03
1.643532379792899883e+05 1.398981303239790362e-03
1.715035502577361767e+05 1.308631902940644333e-03
1.789649422952906461e+05 1.218002066961369973e-03
1.867509478528242907e+05 1.159769483323460412e-03
1.948756894877398154e+05 1.092470977136364126e-03
2.033539041700111702e+05 1.027667747864879737e-03
2.122009700126690441e+05 9.658495843652492932e-04
2.214329341652157309e+05 9.184160389586470963e-04
2.310665419205641083e+05 8.688930150988032064e-04
2.411192670882964449e+05 8.150306926692662450e-04
2.516093436893345497e+05 7.612485945869024596e-04
2.625557990295107011e+05 7.092629347303361018e-04
2.739784882120293914e+05 6.672061003002982809e-04
2.858981301514200168e+05 6.457343516744472886e-04
2.983363451543037081e+05 6.111369652222188543e-04
3.113156941351395799e+05 5.848636867941394910e-04
3.248597195380828343e+05 5.518106179063880746e-04
3.389929880391783081e+05 5.224028882446665571e-04
3.537411351063454640e+05 4.927842837553081130e-04
3.691309114979797741e+05 4.664017614591549213e-04
3.851902317845114740e+05 4.339805457379700485e-04
4.019482249809301575e+05 4.149061457948743166e-04
4.194352873821160174e+05 3.929210081608245698e-04
4.376831376968135592e+05 3.752381475707866599e-04
4.567248745802495396e+05 3.525965706320238887e-04
4.765950366697513382e+05 3.399293279094682324e-04
4.973296652322599548e+05 3.242651913954321227e-04
5.189663695373723749e+05 3.077187940325526103e-04
5.415443950744859176e+05 2.921539696270237661e-04
5.651046947377803735e+05 2.765718960304327178e-04
5.896900031081594061e+05 2.688187697340105125e-04
6.153449139668828575e+05 2.589854561310939835e-04
6.421159611814880045e+05 2.497640014217047976e-04
6.700517031107150251e+05 2.391905309911729251e-04
6.992028106815317878e+05 2.280646197612193045e-04
7.296221592980173882e+05 2.201973680788012091e-04
7.613649247488108231e+05 2.106144676361749817e-04
7.944886832870859653e+05 2.002027568558086489e-04
8.290535160645822762e+05 1.937705628427338557e-04
8.651221181091159815e+05 1.865393334196352416e-04
9.027599120432425989e+05 1.799013043210143494e-04
9.420351667503338540e+05 1.728182529454735245e-04
9.830191212033140473e+05 1.702290987484562565e-04
1.025786113680658164e+06 1.645446751508435187e-04
1.070413716604031390e+06 1.598629263601603014e-04
1.116982877242140938e+06 1.546957525368265773e-04
1.165578064536016202e+06 1.503289324958254037e-04
1.216287422312036389e+06 1.458044716516703040e-04
1.269202929160604253e+06 1.419200265852233042e-04
1.324420565270459978e+06 1.381651356227813865e-04
1.382040486521255691e+06 1.351374294349379310e-04
1.442167206150155980e+06 1.316314064552551145e-04
1.504909784321977990e+06 1.282399412635181000e-04
1.570382025946733309e+06 1.243554143881094227e-04
1.638702687103363918e+06 1.206841898874321927e-04
1.709995690444097621e+06 1.184559644439466106e-04
1.784390349970143754e+06 1.158246027656852729e-04
1.862021605586416787e+06 1.130268786020933671e-04
1.943030267860745313e+06 1.115225954028983379e-04
2.027563273431514623e+06 1.094377575885191695e-04
2.115773951527012512e+06 1.070744059888243310e-04
2.207822302079902031e+06 1.053316735445374301e-04
2.303875285941275768e+06 1.035465873310481230e-04
2.404107127720690332e+06 1.024645415929026869e-04
2.508699631801488344e+06 1.010010554017711469e-04
2.617842512104606722e+06 9.937615380116630675e-05
2.731733736199009698e+06 9.811367573108370531e-05
2.850579884382903110e+06 9.691847669578375400e-05
2.974596524387058336e+06 9.533058906906195882e-05
3.104008602379877120e+06 9.408170121392947385e-05
3.239050850983437151e+06 9.260790408702025754e-05
3.379968215040580370e+06 9.165484597506329029e-05
3.527016295905329287e+06 9.057748811071651533e-05
3.680461815062484704e+06 8.946561398896103062e-05
3.840583097917342093e+06 8.848300700832646823e-05
4.007670578633065801e+06 8.765952191403856664e-05
4.182027326931377407e+06 8.669633311407295832e-05
4.363969597812118940e+06 8.589182921927097437e-05
4.553827405188770033e+06 8.513636528015900470e-05
4.751945120480441488e+06 8.460221448513230598e-05
4.958682097246030346e+06 8.405754975633421798e-05
5.174413322993571870e+06 8.351999558504502607e-05
5.399530099347066134e+06 8.301466125176971836e-05
5.634440751804464497e+06 8.260805721479345584e-05
5.879571370374217629e+06 8.224167215714442457e-05
6.135366582433775999e+06 8.188651352440878210e-05
6.402290359211891890e+06 8.160501378843067232e-05
6.680826857357543893e+06 8.135735039895952269e-05
6.971481297121950425e+06 8.116380565700742514e-05
7.274780878746563569e+06 8.093200633143733127e-05
7.591275738719213754e+06 8.072793979334305582e-05
7.921539947632909752e+06 8.058253246974285346e-05
8.266172551457234658e+06 8.040680963834249636e-05
8.625798658111047000e+06 8.026697825885295925e-05
9.001070571307353675e+06 8.014694516843433769e-05
9.392668973726961762e+06 8.002113682552726567e-05
9.801304161666996777e+06 7.992863720989603856e-05
1.022771733340373263e+07 7.983243632078786719e-05
1.067268193360666372e+07 7.975533210773429616e-05
1.113700505624227971e+07 7.962820931541098231e-05
1.162152890851223655e+07 7.948545179421056574e-05
1.212713233848131076e+07 7.935908958773696539e-05
1.265473242916593328e+07 7.922924060666657216e-05
1.320528616197475046e+07 7.910484558516514087e-05
1.377979215251847915e+07 7.898632508583889624e-05
1.437929246193742193e+07 7.886034894269627145e-05
1.500487448703214899e+07 7.873063025868412307e-05
1.565767293262583762e+07 7.860276523833114768e-05
1.633887186973565444e+07 7.846598078939918822e-05
1.704970688328647614e+07 7.832904880069875390e-05
1.779146731326251104e+07 7.818632298442226120e-05
1.856549859336193278e+07 7.803700361819138401e-05
1.937320469139645249e+07 7.788133685954037910e-05
2.021605065586232394e+07 7.772067704023415970e-05
2.109556527330185100e+07 7.755083316621423054e-05
