4.402668768255081886e+03 7.591542744091653479e-03
8.702291228692711229e+03 7.324399212108879606e-03
1.276695311178296288e+04 7.771617624853669436e-03
1.720090168377494410e+04 6.908305856607249544e-03
2.128263827136110922e+04 8.236646405782728844e-03
2.633296208052037036e+04 7.068192962228622353e-03
2.992156217165216731e+04 6.011623150827323514e-03
3.399920905420427152e+04 5.491995603362826231e-03
3.863254898524766031e+04 5.935677113323624236e-03
4.389731063208368869e+04 5.811683706421150522e-03
4.779996890100365999e+04 4.173327183917005002e-03
5.204959014657664375e+04 5.498275786039873332e-03
5.667702085826511757e+04 5.008446498174285409e-03
5.914279763961255958e+04 3.715705684605785826e-03
6.440084477124233672e+04 4.543990892488344001e-03
7.012635473421998904e+04 3.688726286013711223e-03
7.317725498701544711e+04 3.823196653754548386e-03
7.636088696938367502e+04 3.300188614183469180e-03
8.314969572923783562e+04 3.734740960251213028e-03
8.676718631008510420e+04 3.478162128589497044e-03
9.054205856247972406e+04 2.691840142861114029e-03
9.448115949541462760e+04 3.091090902116472566e-03
9.859163400220239419e+04 2.953107273803414791e-03
1.028809378201585205e+05 2.978973970627495690e-03
1.073568510541054857e+05 2.883628323451938036e-03
1.120274922882271931e+05 2.765498295328517198e-03
1.169013333118703304e+05 1.995546896778964841e-03
1.219872144860027474e+05 1.730011323021345832e-03
1.272943607782017789e+05 2.033676255262400513e-03
1.328323984952562314e+05 2.074064219917643153e-03
1.386113727437329653e+05 1.906542444157085896e-03
1.446417656501793244e+05 1.721205620108446320e-03
1.509345153740085370e+05 1.918438424588479350e-03
1.575010359475556761e+05 1.532705669728616407e-03
1.643532379792899883e+05 1.638020675195901808e-03
1.715035502577361767e+05 1.457192917651081374e-03
1.789649422952906752e+05 1.318812459930329434e-03
1.867509478528243199e+05 1.575594442783745906e-03
1.948756894877398154e+05 1.243182603130906123e-03
2.033539041700111702e+05 1.159015408648582856e-03
2.122009700126690441e+05 1.088520238394303803e-03
2.214329341652157309e+05 1.005376530222726068e-03
2.310665419205641374e+05 8.120979080587387849e-04
2.411192670882964740e+05 8.327827715116552449e-04
2.516093436893345497e+05 7.208549288975870436e-04
2.625557990295106429e+05 7.582677820131268577e-04
2.739784882120293914e+05 6.502861989814211034e-04
2.858981301514200750e+05 7.355766718710653402e-04
2.983363451543037081e+05 7.044441940466181088e-04
3.113156941351395799e+05 6.679311094635638360e-04
3.248597195380828343e+05 6.340879939627090981e-04
3.389929880391783081e+05 5.823182940126826529e-04
3.537411351063454640e+05 5.868290521821888832e-04
3.691309114979797741e+05 5.247552829999757888e-04
3.851902317845114740e+05 5.211689422952333998e-04
4.019482249809301575e+05 5.453098715391187668e-04
4.194352873821160174e+05 4.897246914197419653e-04
4.376831376968135592e+05 4.595985719685971322e-04
4.567248745802495978e+05 3.770107594525187733e-04
4.765950366697513964e+05 3.644106514863531621e-04
4.973296652322599548e+05 3.235872078831721196e-04
5.189663695373724331e+05 3.242194298418300921e-04
5.415443950744860340e+05 3.331980301707611705e-04
5.651046947377803735e+05 3.135333026202094986e-04
5.896900031081594061e+05 3.147269402650547084e-04
6.153449139668828575e+05 2.934599577692719157e-04
6.421159611814880045e+05 2.725883791256030224e-04
6.700517031107150251e+05 2.678263360793296018e-04
6.992028106815317878e+05 2.487988808322933875e-04
7.296221592980173882e+05 2.348613119594756399e-04
7.613649247488108231e+05 2.149856937123604530e-04
7.944886832870859653e+05 2.263544228818586892e-04
8.290535160645822762e+05 2.261924419550099207e-04
8.651221181091160979e+05 2.211998226742723948e-04
9.027599120432427153e+05 1.820088058880003717e-04
9.420351667503338540e+05 1.954246988474341094e-04
9.830191212033139309e+05 1.726193887651957307e-04
1.025786113680658164e+06 1.622488781524300137e-04
1.070413716604031390e+06 1.696029625900915996e-04
1.116982877242140938e+06 1.596973720662247663e-04
1.165578064536016202e+06 1.632580057023072257e-04
1.216287422312036389e+06 1.534382077650217027e-04
1.269202929160604253e+06 1.314872590588963338e-04
1.324420565270459978e+06 1.258877336533087681e-04
1.382040486521255923e+06 1.242570875078075998e-04
1.442167206150156213e+06 1.291090801366639063e-04
1.504909784321977990e+06 1.181127883845855305e-04
1.570382025946733309e+06 1.127103846248501409e-04
1.638702687103363918e+06 1.171670302801429880e-04
1.709995690444097621e+06 1.230170757225203812e-04
1.784390349970143754e+06 1.159892864072477618e-04
1.862021605586416787e+06 1.129060545392393013e-04
1.943030267860745313e+06 1.087886514991651658e-04
2.027563273431514390e+06 1.112284239445501870e-04
2.115773951527012512e+06 1.006704486661888335e-04
2.207822302079902031e+06 1.004760865096324297e-04
2.303875285941275768e+06 1.078205250744794822e-04
2.404107127720690332e+06 1.049694840765975093e-04
2.508699631801488344e+06 9.869331093505982972e-05
2.617842512104606722e+06 9.601694436442365294e-05
2.731733736199009698e+06 9.598030470476250585e-05
2.850579884382903576e+06 9.281384480943969653e-05
2.974596524387058336e+06 9.028160605442382127e-05
3.104008602379877120e+06 9.260612275564356858e-05
3.239050850983437616e+06 8.895559597467555288e-05
3.379968215040580835e+06 9.167094956518124073e-05
3.527016295905329287e+06 8.836486849166311761e-05
3.680461815062484704e+06 8.909100888749232287e-05
3.840583097917342559e+06 8.801564341348869691e-05
4.007670578633065801e+06 8.809739085709448623e-05
4.182027326931377407e+06 8.626647784337554902e-05
4.363969597812118940e+06 8.467018468514277650e-05
4.553827405188770033e+06 8.560834432084281787e-05
4.751945120480441488e+06 8.505493891594084787e-05
4.958682097246030346e+06 8.421713268264964059e-05
5.174413322993571870e+06 8.380753739579285626e-05
5.399530099347066134e+06 8.371497467920307523e-05
5.634440751804465428e+06 8.223867419529513987e-05
5.879571370374216698e+06 8.161285028716504925e-05
6.135366582433775067e+06 8.232059509923261235e-05
6.402290359211891890e+06 8.150883454817257196e-05
6.680826857357543893e+06 8.162277377816695961e-05
6.971481297121950425e+06 8.101170791380753070e-05
7.274780878746563569e+06 8.110040202005149154e-05
7.591275738719213754e+06 8.114391096819567216e-05
7.921539947632909752e+06 8.088064839426258219e-05
8.266172551457234658e+06 8.083753367882374737e-05
8.625798658111047000e+06 8.063445950516296508e-05
9.001070571307353675e+06 8.047685502015245081e-05
9.392668973726961762e+06 8.034169927622948637e-05
9.801304161666996777e+06 8.029529975690494258e-05
1.022771733340373263e+07 8.015801073667978859e-05
1.067268193360666372e+07 8.009417016964125917e-05
1.113700505624227971e+07 7.947074125101598124e-05
1.162152890851223469e+07 7.870457710687845027e-05
1.212713233848130889e+07 7.793864944147021806e-05
1.265473242916593328e+07 7.710870958482657377e-05
1.320528616197475232e+07 7.627230664692426080e-05
1.377979215251848102e+07 7.538720429040887780e-05
1.437929246193742193e+07 7.445999907132882665e-05
1.500487448703214899e+07 7.350604449389338949e-05
1.565767293262583762e+07 7.250685750516820444e-05
1.633887186973565444e+07 7.148051765373380226e-05
1.704970688328647614e+07 7.039724852436406264e-05
1.779146731326251104e+07 6.926600633690376365e-05
1.856549859336193278e+07 6.809558219075031180e-05
1.937320469139645621e+07 6.687323707027428149e-05
2.021605065586232394e+07 6.559585875199799019e-05
2.109556527330185100e+07 6.426069718061382943e-05
