4.402668768255080977e+03 1.185803633976793316e-02
8.702291228692711229e+03 1.064039300049840660e-02
1.276695311178296106e+04 9.592569311717149064e-03
1.720090168377494410e+04 8.460855149450302592e-03
2.128263827136110558e+04 7.928595232636044196e-03
2.633296208052036673e+04 7.306163762309802155e-03
2.992156217165216367e+04 6.851796397581842724e-03
3.399920905420426425e+04 6.243462589628889954e-03
3.863254898524766031e+04 5.761788527983414260e-03
4.389731063208368141e+04 5.437497415775995567e-03
4.779996890100366727e+04 4.939399123122261218e-03
5.204959014657664375e+04 4.750291242591225989e-03
5.667702085826511029e+04 4.382984942038294085e-03
5.914279763961255958e+04 4.202252682480346613e-03
6.440084477124233672e+04 3.933462195101169144e-03
7.012635473421998904e+04 3.696665066382486334e-03
7.317725498701544711e+04 3.483605329270335251e-03
7.636088696938366047e+04 3.315443744406322991e-03
8.314969572923782107e+04 3.201877306577631879e-03
8.676718631008510420e+04 3.014033841142953630e-03
9.054205856247972406e+04 2.842397663674257457e-03
9.448115949541462760e+04 2.638145326103491593e-03
9.859163400220239419e+04 2.567667452004227056e-03
1.028809378201585205e+05 2.397840933999416477e-03
1.073568510541054857e+05 2.338552467027007163e-03
1.120274922882271785e+05 2.215487774682251866e-03
1.169013333118703304e+05 2.148779698177625923e-03
1.219872144860027474e+05 2.025498707574794905e-03
1.272943607782017789e+05 1.886755623865024904e-03
1.328323984952562314e+05 1.754994573656446953e-03
1.386113727437329653e+05 1.704600080830795741e-03
1.446417656501793244e+05 1.613887387132752335e-03
1.509345153740085370e+05 1.533310477932053060e-03
1.575010359475556761e+05 1.457098859777937200e-03
1.643532379792899883e+05 1.393269461610521657e-03
1.715035502577361767e+05 1.337351259610773278e-03
1.789649422952906461e+05 1.236896439981764262e-03
1.867509478528242907e+05 1.147499485093606952e-03
1.948756894877398154e+05 1.062505887429247538e-03
2.033539041700111702e+05 1.016653005361566834e-03
2.122009700126690441e+05 9.661148331813450025e-04
2.214329341652157309e+05 9.189963003398294444e-04
2.310665419205641083e+05 8.670830032129403769e-04
2.411192670882964449e+05 8.127175692772726926e-04
2.516093436893345497e+05 7.566809692860367682e-04
2.625557990295107011e+05 7.239449362127546930e-04
2.739784882120293914e+05 6.852558202099463596e-04
2.858981301514200168e+05 6.549271384680676591e-04
2.983363451543037081e+05 6.045486691402271679e-04
3.113156941351395799e+05 5.734626389485761831e-04
3.248597195380828343e+05 5.455678151003152086e-04
3.389929880391783081e+05 5.173943041235518764e-04
3.537411351063454640e+05 4.843425215925741098e-04
3.691309114979797741e+05 4.560062077856472606e-04
3.851902317845114740e+05 4.347066357217409097e-04
4.019482249809301575e+05 4.078068996302839288e-04
4.194352873821160174e+05 3.937090230680292111e-04
4.376831376968135592e+05 3.695892632975798396e-04
4.567248745802495396e+05 3.526880836717118475e-04
4.765950366697513382e+05 3.316632476355516035e-04
4.973296652322599548e+05 3.199633975084124025e-04
5.189663695373723749e+05 2.988720269083892478e-04
5.415443950744859176e+05 2.873474732539863723e-04
5.651046947377803735e+05 2.750434556471904315e-04
5.896900031081594061e+05 2.613291588430579336e-04
6.153449139668828575e+05 2.480855116073051253e-04
6.421159611814880045e+05 2.387028115329813648e-04
6.700517031107150251e+05 2.285569975632431767e-04
6.992028106815317878e+05 2.175406951355356481e-04
7.296221592980173882e+05 2.110256992127132751e-04
7.613649247488108231e+05 2.050995937074155152e-04
7.944886832870859653e+05 1.968881002506361780e-04
8.290535160645822762e+05 1.908418895772595906e-04
8.651221181091159815e+05 1.821399372336348298e-04
9.027599120432425989e+05 1.756593662820121467e-04
9.420351667503338540e+05 1.704544481077989459e-04
9.830191212033140473e+05 1.653840338185750300e-04
1.025786113680658164e+06 1.591862050042646391e-04
1.070413716604031390e+06 1.540242593836982777e-04
1.116982877242140938e+06 1.492221552803968464e-04
1.165578064536016202e+06 1.453905203177385905e-04
1.216287422312036389e+06 1.402721858517955839e-04
1.269202929160604253e+06 1.376972196094886547e-04
1.324420565270459978e+06 1.342589169014327100e-04
1.382040486521255691e+06 1.309323411611134920e-04
1.442167206150155980e+06 1.279405436425323295e-04
1.504909784321977990e+06 1.251156804251761609e-04
1.570382025946733309e+06 1.221367214054564334e-04
1.638702687103363918e+06 1.195742226588947710e-04
1.709995690444097621e+06 1.170274332792847408e-04
1.784390349970143754e+06 1.142952812371885964e-04
1.862021605586416787e+06 1.125500721578612408e-04
1.943030267860745313e+06 1.107966905078178768e-04
2.027563273431514623e+06 1.091933791273148115e-04
2.115773951527012512e+06 1.070989517953080384e-04
2.207822302079902031e+06 1.050558390372167825e-04
2.303875285941275768e+06 1.035601225513771184e-04
2.404107127720690332e+06 1.018524611022243959e-04
2.508699631801488344e+06 1.002875619972317756e-04
2.617842512104606722e+06 9.877850174406243059e-05
2.731733736199009698e+06 9.760249365811492022e-05
2.850579884382903110e+06 9.629790121129085871e-05
2.974596524387058336e+06 9.489687927435000610e-05
3.104008602379877120e+06 9.363451199677095345e-05
3.239050850983437151e+06 9.243980839090677314e-05
3.379968215040580370e+06 9.127642977620901760e-05
3.527016295905329287e+06 9.015837688092310305e-05
3.680461815062484704e+06 8.918130429856285465e-05
3.840583097917342093e+06 8.846433836679298444e-05
4.007670578633065801e+06 8.790129625893505197e-05
4.182027326931377407e+06 8.703741159657580587e-05
4.363969597812118940e+06 8.610838719989230290e-05
4.553827405188770033e+06 8.531544546176154551e-05
4.751945120480441488e+06 8.472986781494248713e-05
4.958682097246030346e+06 8.418426492230301345e-05
5.174413322993571870e+06 8.362626131330789462e-05
5.399530099347066134e+06 8.322118008058376759e-05
5.634440751804464497e+06 8.275749916430653527e-05
5.879571370374217629e+06 8.241074239407880761e-05
6.135366582433775999e+06 8.209371926534648947e-05
6.402290359211891890e+06 8.180980609016499743e-05
6.680826857357543893e+06 8.155992875662740110e-05
6.971481297121950425e+06 8.129489860406734789e-05
7.274780878746563569e+06 8.111988291195315029e-05
7.591275738719213754e+06 8.093947803205413195e-05
7.921539947632909752e+06 8.081373127181370618e-05
8.266172551457234658e+06 8.067749293313522811e-05
8.625798658111047000e+06 8.051267083680321217e-05
9.001070571307353675e+06 8.036741118299753372e-05
9.392668973726961762e+06 8.027299867826131054e-05
9.801304161666996777e+06 8.019607166676719567e-05
1.022771733340373263e+07 8.012338105747290732e-05
1.067268193360666372e+07 8.006671355118854280e-05
1.113700505624227971e+07 8.001342948597419086e-05
1.162152890851223655e+07 7.998448973669427110e-05
1.212713233848131076e+07 7.997119819678652171e-05
1.265473242916593328e+07 7.996323141632819139e-05
1.320528616197475046e+07 7.996296418567438048e-05
1.377979215251847915e+07 7.996416086265743198e-05
1.437929246193742193e+07 7.997745120072036467e-05
1.500487448703214899e+07 7.998745459976049630e-05
1.565767293262583762e+07 7.999801702736648455e-05
1.633887186973565444e+07 8.001576207899924263e-05
1.704970688328647614e+07 8.003735735454876356e-05
1.779146731326251104e+07 8.005787658919251892e-05
1.856549859336193278e+07 8.008144906154540318e-05
1.937320469139645249e+07 8.010707049229506317e-05
2.021605065586232394e+07 8.013247243763592571e-05
2.109556527330185100e+07 8.016011197304717239e-05
