4.402668768255080977e+03 1.160302606576540073e-02
8.702291228692711229e+03 1.051872954658742039e-02
1.276695311178296106e+04 9.647161196165736016e-03
1.720090168377494410e+04 8.664187893456838305e-03
2.128263827136110558e+04 7.921482725258150934e-03
2.633296208052036673e+04 7.236579725245100882e-03
2.992156217165216367e+04 6.731345722544422421e-03
3.399920905420426425e+04 6.253204951314408379e-03
3.863254898524766031e+04 5.760280883951186988e-03
4.389731063208368141e+04 5.369176378928797004e-03
4.779996890100366727e+04 5.191012261115947497e-03
5.204959014657664375e+04 4.751058292312689522e-03
5.667702085826511029e+04 4.513255208858510219e-03
5.914279763961255958e+04 4.231543890102484710e-03
6.440084477124233672e+04 3.856416283850087195e-03
7.012635473421998904e+04 3.635282723561506380e-03
7.317725498701544711e+04 3.458418749649362980e-03
7.636088696938366047e+04 3.263516937790255767e-03
8.314969572923782107e+04 3.112055835510523037e-03
8.676718631008510420e+04 2.940842700827372633e-03
9.054205856247972406e+04 2.770107579934287176e-03
9.448115949541462760e+04 2.709202500393464910e-03
9.859163400220239419e+04 2.538703944805217796e-03
1.028809378201585205e+05 2.452117332408204446e-03
1.073568510541054857e+05 2.334413427610122684e-03
1.120274922882271785e+05 2.235518013941117065e-03
1.169013333118703304e+05 2.126440564682680664e-03
1.219872144860027474e+05 2.061929724366036443e-03
1.272943607782017789e+05 1.892009757562893111e-03
1.328323984952562314e+05 1.736774759587816864e-03
1.386113727437329653e+05 1.701295122479584655e-03
1.446417656501793244e+05 1.621090850993616448e-03
1.509345153740085370e+05 1.517117185568513582e-03
1.575010359475556761e+05 1.415280892960451556e-03
1.643532379792899883e+05 1.361238423378471896e-03
1.715035502577361767e+05 1.294747218806356669e-03
1.789649422952906461e+05 1.227159885734731238e-03
1.867509478528242907e+05 1.156856963829229045e-03
1.948756894877398154e+05 1.079710909014723738e-03
2.033539041700111702e+05 1.044372718086288140e-03
2.122009700126690441e+05 9.755298237721182720e-04
2.214329341652157309e+05 9.252559407944269988e-04
2.310665419205641083e+05 8.654808103825974673e-04
2.411192670882964449e+05 8.229281278552091732e-04
2.516093436893345497e+05 7.827147392704822881e-04
2.625557990295107011e+05 7.229620548919440254e-04
2.739784882120293914e+05 6.861341713277067152e-04
2.858981301514200168e+05 6.589481539510214396e-04
2.983363451543037081e+05 6.109098667031932382e-04
3.113156941351395799e+05 5.717364843217468675e-04
3.248597195380828343e+05 5.437990559986604364e-04
3.389929880391783081e+05 5.182880570572979007e-04
3.537411351063454640e+05 4.867141365103781043e-04
3.691309114979797741e+05 4.645053436529162760e-04
3.851902317845114740e+05 4.449443932890574768e-04
4.019482249809301575e+05 4.187938489522882290e-04
4.194352873821160174e+05 3.985196255093227343e-04
4.376831376968135592e+05 3.825237059789044153e-04
4.567248745802495396e+05 3.593812852691491574e-04
4.765950366697513382e+05 3.398592565360847198e-04
4.973296652322599548e+05 3.320694728712501810e-04
5.189663695373723749e+05 3.140243833974586791e-04
5.415443950744859176e+05 2.968964413582158147e-04
5.651046947377803735e+05 2.871060592671437900e-04
5.896900031081594061e+05 2.704127535767656440e-04
6.153449139668828575e+05 2.560379556506084810e-04
6.421159611814880045e+05 2.461857888495613041e-04
6.700517031107150251e+05 2.349385615212664887e-04
6.992028106815317878e+05 2.262913749307850599e-04
7.296221592980173882e+05 2.154156488701560888e-04
7.613649247488108231e+05 2.078720416214608941e-04
7.944886832870859653e+05 2.017271171730600882e-04
8.290535160645822762e+05 1.939210388895695725e-04
8.651221181091159815e+05 1.880091669005169751e-04
9.027599120432425989e+05 1.812782691314554517e-04
9.420351667503338540e+05 1.747392541391671846e-04
9.830191212033140473e+05 1.704035239153608712e-04
1.025786113680658164e+06 1.664698402975088294e-04
1.070413716604031390e+06 1.591512251050079927e-04
1.116982877242140938e+06 1.535106645916581671e-04
1.165578064536016202e+06 1.490650431045827389e-04
1.216287422312036389e+06 1.443301045522861492e-04
1.269202929160604253e+06 1.402847285218371905e-04
1.324420565270459978e+06 1.361849682901898053e-04
1.382040486521255691e+06 1.325655976778161358e-04
1.442167206150155980e+06 1.282583924889778054e-04
1.504909784321977990e+06 1.251263483778673876e-04
1.570382025946733309e+06 1.226786011262867484e-04
1.638702687103363918e+06 1.208328689255791922e-04
1.709995690444097621e+06 1.189614134010098779e-04
1.784390349970143754e+06 1.162608996392948380e-04
1.862021605586416787e+06 1.143190838660427329e-04
1.943030267860745313e+06 1.124839727028810102e-04
2.027563273431514623e+06 1.105647121092923443e-04
2.115773951527012512e+06 1.080040425021368516e-04
2.207822302079902031e+06 1.049826365935628493e-04
2.303875285941275768e+06 1.033266851685456721e-04
2.404107127720690332e+06 1.020653107677911185e-04
2.508699631801488344e+06 1.001669700734492656e-04
2.617842512104606722e+06 9.904274646386311142e-05
2.731733736199009698e+06 9.774560325174076313e-05
2.850579884382903110e+06 9.618449281711113419e-05
2.974596524387058336e+06 9.459312919989376503e-05
3.104008602379877120e+06 9.339067959124987761e-05
3.239050850983437151e+06 9.246505169365738742e-05
3.379968215040580370e+06 9.155166981112662584e-05
3.527016295905329287e+06 9.037759617300034954e-05
3.680461815062484704e+06 8.932560046438728113e-05
3.840583097917342093e+06 8.853432290992239637e-05
4.007670578633065801e+06 8.760933439589248077e-05
4.182027326931377407e+06 8.677569833990050950e-05
4.363969597812118940e+06 8.575035549394210142e-05
4.553827405188770033e+06 8.514170158919933794e-05
4.751945120480441488e+06 8.452988230989150588e-05
4.958682097246030346e+06 8.388634710355088780e-05
5.174413322993571870e+06 8.350425056145166502e-05
5.399530099347066134e+06 8.302603522787090073e-05
5.634440751804464497e+06 8.257400335236677745e-05
5.879571370374217629e+06 8.217346497675753736e-05
6.135366582433775999e+06 8.175646760970781243e-05
6.402290359211891890e+06 8.148038792075962787e-05
6.680826857357543893e+06 8.122444066783576539e-05
6.971481297121950425e+06 8.097855664717520875e-05
7.274780878746563569e+06 8.073536115152351439e-05
7.591275738719213754e+06 8.057407352143965997e-05
7.921539947632909752e+06 8.038972541257902399e-05
8.266172551457234658e+06 8.021825268878859125e-05
8.625798658111047000e+06 8.008097701367573819e-05
9.001070571307353675e+06 7.997550548569364601e-05
9.392668973726961762e+06 7.987471759716230303e-05
9.801304161666996777e+06 7.978087222098250407e-05
1.022771733340373263e+07 7.970262750045141106e-05
1.067268193360666372e+07 7.963946424608118102e-05
1.113700505624227971e+07 7.952174415479908783e-05
1.162152890851223655e+07 7.940889786485961935e-05
1.212713233848131076e+07 7.929603681653248299e-05
1.265473242916593328e+07 7.919233358331171345e-05
1.320528616197475046e+07 7.908779513220782120e-05
1.377979215251847915e+07 7.899392003347259137e-05
1.437929246193742193e+07 7.890099633600091908e-05
1.500487448703214899e+07 7.880792848710132408e-05
1.565767293262583762e+07 7.870546737124982817e-05
1.633887186973565444e+07 7.860207551806599351e-05
1.704970688328647614e+07 7.849833697164612244e-05
1.779146731326251104e+07 7.839314556088384167e-05
1.856549859336193278e+07 7.828321226408819220e-05
1.937320469139645249e+07 7.816957037723492110e-05
2.021605065586232394e+07 7.805100276982634890e-05
2.109556527330185100e+07 7.792799333394563035e-05
