4.402668768255081886e+03 1.026269158150418422e-02
8.702291228692711229e+03 8.479397467203057120e-03
1.276695311178296288e+04 8.787543469698318524e-03
1.720090168377494410e+04 8.654232949413483145e-03
2.128263827136110922e+04 9.427549317901308054e-03
2.633296208052037036e+04 8.896679733161048584e-03
2.992156217165216731e+04 7.916552651925951034e-03
3.399920905420427152e+04 7.996388168361553972e-03
3.863254898524766031e+04 8.714199013165366964e-03
4.389731063208368869e+04 8.713193945238548177e-03
4.779996890100365999e+04 7.665149597869702972e-03
5.204959014657664375e+04 8.037275959106839063e-03
5.667702085826511757e+04 7.950537429927172564e-03
5.914279763961255958e+04 7.176309071931641706e-03
6.440084477124233672e+04 7.373242438292256992e-03
7.012635473421998904e+04 6.824838126009396232e-03
7.317725498701544711e+04 6.573350967320592056e-03
7.636088696938367502e+04 6.825551940576182058e-03
8.314969572923783562e+04 6.871378471129546868e-03
8.676718631008510420e+04 6.792800706845483066e-03
9.054205856247972406e+04 6.310625833187235613e-03
9.448115949541462760e+04 5.934071160504339817e-03
9.859163400220239419e+04 5.783984085343372820e-03
1.028809378201585205e+05 6.641103213649921302e-03
1.073568510541054857e+05 6.189642280060357257e-03
1.120274922882271931e+05 6.303275622203434285e-03
1.169013333118703304e+05 5.739529444846462776e-03
1.219872144860027474e+05 5.429997960145365767e-03
1.272943607782017789e+05 5.941193794839459003e-03
1.328323984952562314e+05 5.875165272062282326e-03
1.386113727437329653e+05 5.545136352789832059e-03
1.446417656501793244e+05 5.498312309239132556e-03
1.509345153740085370e+05 5.618993931891635117e-03
1.575010359475556761e+05 5.305473536350455155e-03
1.643532379792899883e+05 5.495129995668333878e-03
1.715035502577361767e+05 5.280476297857742904e-03
1.789649422952906752e+05 4.997284307149834487e-03
1.867509478528243199e+05 5.369083221073579770e-03
1.948756894877398154e+05 5.039205643213685165e-03
2.033539041700111702e+05 4.971823591759184403e-03
2.122009700126690441e+05 4.999498748233050828e-03
2.214329341652157309e+05 4.810665052577072463e-03
2.310665419205641374e+05 4.632247739020701333e-03
2.411192670882964740e+05 4.488619485358316154e-03
2.516093436893345497e+05 4.370591617796528404e-03
2.625557990295106429e+05 4.470394985997301965e-03
2.739784882120293914e+05 4.426143377826603775e-03
2.858981301514200750e+05 4.304800676398616056e-03
2.983363451543037081e+05 4.435586191281201858e-03
3.113156941351395799e+05 4.281451201289299818e-03
3.248597195380828343e+05 4.241073984087088446e-03
3.389929880391783081e+05 4.179024092453493579e-03
3.537411351063454640e+05 4.226159667194670337e-03
3.691309114979797741e+05 4.143546022114180834e-03
3.851902317845114740e+05 4.130930529887533696e-03
4.019482249809301575e+05 4.081349619013187671e-03
4.194352873821160174e+05 4.055394766886947534e-03
4.376831376968135592e+05 4.008175329596202000e-03
4.567248745802495978e+05 3.928040762189003582e-03
4.765950366697513964e+05 3.967582531959092107e-03
4.973296652322599548e+05 3.912270553575661683e-03
5.189663695373724331e+05 3.901032555088861185e-03
5.415443950744860340e+05 3.863806973708105476e-03
5.651046947377803735e+05 3.924493881386822286e-03
5.896900031081594061e+05 3.906430687667078461e-03
6.153449139668828575e+05 3.896198100283925717e-03
6.421159611814880045e+05 3.891027636121453283e-03
6.700517031107150251e+05 3.867779318829138446e-03
6.992028106815317878e+05 3.842614582872836641e-03
7.296221592980173882e+05 3.820012837229529862e-03
7.613649247488108231e+05 3.810547062609425523e-03
7.944886832870859653e+05 3.851798355646720868e-03
8.290535160645822762e+05 3.829280711415979088e-03
8.651221181091160979e+05 3.808198184466788684e-03
9.027599120432427153e+05 3.773763488784338815e-03
9.420351667503338540e+05 3.756898176763983493e-03
9.830191212033139309e+05 3.743343246585572378e-03
1.025786113680658164e+06 3.735506961782331277e-03
1.070413716604031390e+06 3.754927472833690522e-03
1.116982877242140938e+06 3.725416940294181984e-03
1.165578064536016202e+06 3.731831259089219820e-03
1.216287422312036389e+06 3.716017402797612817e-03
1.269202929160604253e+06 3.704435354943692773e-03
1.324420565270459978e+06 3.697612333773344327e-03
1.382040486521255923e+06 3.694145074018282630e-03
1.442167206150156213e+06 3.696250036055813166e-03
1.504909784321977990e+06 3.683132661175627254e-03
1.570382025946733309e+06 3.673153191035307547e-03
1.638702687103363918e+06 3.681485203888805111e-03
1.709995690444097621e+06 3.686338359547853671e-03
1.784390349970143754e+06 3.673320011609877440e-03
1.862021605586416787e+06 3.680484936631558263e-03
1.943030267860745313e+06 3.668135757966272531e-03
2.027563273431514390e+06 3.665322690330612056e-03
2.115773951527012512e+06 3.660837516094461556e-03
2.207822302079902031e+06 3.660546046981730337e-03
2.303875285941275768e+06 3.666532535778688900e-03
2.404107127720690332e+06 3.662284202174359744e-03
2.508699631801488344e+06 3.654925960470690235e-03
2.617842512104606722e+06 3.644273119409478356e-03
2.731733736199009698e+06 3.649048265192276347e-03
2.850579884382903576e+06 3.648187793385272628e-03
2.974596524387058336e+06 3.645204676801842847e-03
3.104008602379877120e+06 3.645490317054110758e-03
3.239050850983437616e+06 3.643081343621267561e-03
3.379968215040580835e+06 3.647819285704279740e-03
3.527016295905329287e+06 3.645670788251822048e-03
3.680461815062484704e+06 3.643394118029762499e-03
3.840583097917342559e+06 3.641867106371058684e-03
4.007670578633065801e+06 3.644266688705764898e-03
4.182027326931377407e+06 3.639878767165017747e-03
4.363969597812118940e+06 3.637740737221613601e-03
4.553827405188770033e+06 3.640623021663507743e-03
4.751945120480441488e+06 3.640640078040665618e-03
4.958682097246030346e+06 3.639027492815914352e-03
5.174413322993571870e+06 3.638639894805111019e-03
5.399530099347066134e+06 3.639112504287485370e-03
5.634440751804465428e+06 3.635961388872180605e-03
5.879571370374216698e+06 3.634569669755601060e-03
6.135366582433775067e+06 3.636424550379357620e-03
6.402290359211891890e+06 3.634666687578709619e-03
6.680826857357543893e+06 3.634962289672846736e-03
6.971481297121950425e+06 3.633609121233013096e-03
7.274780878746563569e+06 3.634021182926335837e-03
7.591275738719213754e+06 3.634159625172785155e-03
7.921539947632909752e+06 3.633606617936647760e-03
8.266172551457234658e+06 3.633474358715640343e-03
8.625798658111047000e+06 3.633070304395923360e-03
9.001070571307353675e+06 3.632739253116553605e-03
9.392668973726961762e+06 3.632410482995142558e-03
9.801304161666996777e+06 3.632307907856851745e-03
1.022771733340373263e+07 3.631986598930532582e-03
1.067268193360666372e+07 3.631924829943246422e-03
1.113700505624227971e+07 3.631559517560852598e-03
1.162152890851223469e+07 3.631293172315629061e-03
1.212713233848130889e+07 3.631100710050077281e-03
1.265473242916593328e+07 3.630821509089362468e-03
1.320528616197475232e+07 3.630599442208392279e-03
1.377979215251848102e+07 3.630343576920340778e-03
1.437929246193742193e+07 3.630070404615372021e-03
1.500487448703214899e+07 3.629810979875696016e-03
1.565767293262583762e+07 3.629533753425535827e-03
1.633887186973565444e+07 3.629283924136370802e-03
1.704970688328647614e+07 3.628994380148410550e-03
1.779146731326251104e+07 3.628687512011297307e-03
1.856549859336193278e+07 3.628392626651786700e-03
1.937320469139645621e+07 3.628085205709091765e-03
2.021605065586232394e+07 3.627757468624525153e-03
2.109556527330185100e+07 3.627417198616379821e-03
