4.402668768255080977e+03 1.173594753199996323e-02
8.702291228692711229e+03 1.139444429008854703e-02
1.276695311178296106e+04 1.084490764118195040e-02
1.720090168377494410e+04 1.033849936279751872e-02
2.128263827136110558e+04 9.927460266012768167e-03
2.633296208052036673e+04 9.574251263957679267e-03
2.992156217165216367e+04 9.149166699135553513e-03
3.399920905420426425e+04 8.840651325878053426e-03
3.863254898524766031e+04 8.488320144462739233e-03
4.389731063208368141e+04 8.258213226853659480e-03
4.779996890100366727e+04 8.101384912614610287e-03
5.204959014657664375e+04 7.763921580705248661e-03
5.667702085826511029e+04 7.654743484960417621e-03
5.914279763961255958e+04 7.424542869670303774e-03
6.440084477124233672e+04 7.192790286780158769e-03
7.012635473421998904e+04 7.053768439330677063e-03
7.317725498701544711e+04 6.901407513053659480e-03
7.636088696938366047e+04 6.740832246139679372e-03
8.314969572923782107e+04 6.623737304045126083e-03
8.676718631008510420e+04 6.473250100662234462e-03
9.054205856247972406e+04 6.368540375291446148e-03
9.448115949541462760e+04 6.343194555480487912e-03
9.859163400220239419e+04 6.200833925187418209e-03
1.028809378201585205e+05 6.088317865959477077e-03
1.073568510541054857e+05 5.999153420113600282e-03
1.120274922882271785e+05 5.912835633120051143e-03
1.169013333118703304e+05 5.777273700317404198e-03
1.219872144860027474e+05 5.750919140326293290e-03
1.272943607782017789e+05 5.552843992287732899e-03
1.328323984952562314e+05 5.422931016327531099e-03
1.386113727437329653e+05 5.380790868351476540e-03
1.446417656501793244e+05 5.302924137290969918e-03
1.509345153740085370e+05 5.224723606924546772e-03
1.575010359475556761e+05 5.132194827072033769e-03
1.643532379792899883e+05 5.076267672365720150e-03
1.715035502577361767e+05 5.007079542854449110e-03
1.789649422952906461e+05 4.927584612629353107e-03
1.867509478528242907e+05 4.842503596221853744e-03
1.948756894877398154e+05 4.769397758971635412e-03
2.033539041700111702e+05 4.730051296849602932e-03
2.122009700126690441e+05 4.669166690217420312e-03
2.214329341652157309e+05 4.613643962735725079e-03
2.310665419205641083e+05 4.555011346238407172e-03
2.411192670882964449e+05 4.507441884868554349e-03
2.516093436893345497e+05 4.452866314507426815e-03
2.625557990295107011e+05 4.384672705739382781e-03
2.739784882120293914e+05 4.346061213146571595e-03
2.858981301514200168e+05 4.310328581979519687e-03
2.983363451543037081e+05 4.258225211669614159e-03
3.113156941351395799e+05 4.201080013299353204e-03
3.248597195380828343e+05 4.174554259937138245e-03
3.389929880391783081e+05 4.140512442382201022e-03
3.537411351063454640e+05 4.105345161975175287e-03
3.691309114979797741e+05 4.083073400684947458e-03
3.851902317845114740e+05 4.050253511146772664e-03
4.019482249809301575e+05 4.025879802973938645e-03
4.194352873821160174e+05 3.998864762399759187e-03
4.376831376968135592e+05 3.974261960352347758e-03
4.567248745802495396e+05 3.943641154342104535e-03
4.765950366697513382e+05 3.920465749459572241e-03
4.973296652322599548e+05 3.912640195664002576e-03
5.189663695373723749e+05 3.887727890056473946e-03
5.415443950744859176e+05 3.866266714791907668e-03
5.651046947377803735e+05 3.857333199051799465e-03
5.896900031081594061e+05 3.835458823608960469e-03
6.153449139668828575e+05 3.819469884035981821e-03
6.421159611814880045e+05 3.807016980225618429e-03
6.700517031107150251e+05 3.797122875020160059e-03
6.992028106815317878e+05 3.784322852087111059e-03
7.296221592980173882e+05 3.771821994345238380e-03
7.613649247488108231e+05 3.765192066692416017e-03
7.944886832870859653e+05 3.755944579873166621e-03
8.290535160645822762e+05 3.744905758903336636e-03
8.651221181091159815e+05 3.740362561224000112e-03
9.027599120432425989e+05 3.732630267842399104e-03
9.420351667503338540e+05 3.724698496627029676e-03
9.830191212033140473e+05 3.718898039111452353e-03
1.025786113680658164e+06 3.714520049451913719e-03
1.070413716604031390e+06 3.706897939106681104e-03
1.116982877242140938e+06 3.701507606512044728e-03
1.165578064536016202e+06 3.695415430569787361e-03
1.216287422312036389e+06 3.689154093722437407e-03
1.269202929160604253e+06 3.684800081141108383e-03
1.324420565270459978e+06 3.680307524510160414e-03
1.382040486521255691e+06 3.675488500200670573e-03
1.442167206150155980e+06 3.671580450409664236e-03
1.504909784321977990e+06 3.667142395385945310e-03
1.570382025946733309e+06 3.664869671984361237e-03
1.638702687103363918e+06 3.662958153203449939e-03
1.709995690444097621e+06 3.659953290035908562e-03
1.784390349970143754e+06 3.656599963673429210e-03
1.862021605586416787e+06 3.654067765733454501e-03
1.943030267860745313e+06 3.652126028110138246e-03
2.027563273431514623e+06 3.650146249320202017e-03
2.115773951527012512e+06 3.647581340001238969e-03
2.207822302079902031e+06 3.644044580228954656e-03
2.303875285941275768e+06 3.642223039758934848e-03
2.404107127720690332e+06 3.640707456359240732e-03
2.508699631801488344e+06 3.638705140411428902e-03
2.617842512104606722e+06 3.637051270611103056e-03
2.731733736199009698e+06 3.635615887212631080e-03
2.850579884382903110e+06 3.633578653545467465e-03
2.974596524387058336e+06 3.631948969449559552e-03
3.104008602379877120e+06 3.631064586110831997e-03
3.239050850983437151e+06 3.629895007802815422e-03
3.379968215040580370e+06 3.629318599861678860e-03
3.527016295905329287e+06 3.628186020995102182e-03
3.680461815062484704e+06 3.627305446842333039e-03
3.840583097917342093e+06 3.626401230710462904e-03
4.007670578633065801e+06 3.625470155261313349e-03
4.182027326931377407e+06 3.624543351830134940e-03
4.363969597812118940e+06 3.623076721890905807e-03
4.553827405188770033e+06 3.622393622034723870e-03
4.751945120480441488e+06 3.621699464087297596e-03
4.958682097246030346e+06 3.620884870583069171e-03
5.174413322993571870e+06 3.620507925563466387e-03
5.399530099347066134e+06 3.619894228092604502e-03
5.634440751804464497e+06 3.619335394859886975e-03
5.879571370374217629e+06 3.618728105767256373e-03
6.135366582433775999e+06 3.618028255412528062e-03
6.402290359211891890e+06 3.617619959635832039e-03
6.680826857357543893e+06 3.617183938191979344e-03
6.971481297121950425e+06 3.616681054142432353e-03
7.274780878746563569e+06 3.616144134320995254e-03
7.591275738719213754e+06 3.615802728096135024e-03
7.921539947632909752e+06 3.615445340261502685e-03
8.266172551457234658e+06 3.615088304874402008e-03
8.625798658111047000e+06 3.614772221883892373e-03
9.001070571307353675e+06 3.614524113301670599e-03
9.392668973726961762e+06 3.614292080822053763e-03
9.801304161666996777e+06 3.614067124061996240e-03
1.022771733340373263e+07 3.613879965936576347e-03
1.067268193360666372e+07 3.613727398934920426e-03
1.113700505624227971e+07 3.613544641422936684e-03
1.162152890851223655e+07 3.613414543246665223e-03
1.212713233848131076e+07 3.613291164509916352e-03
1.265473242916593328e+07 3.613197436646426331e-03
1.320528616197475046e+07 3.613108377073719329e-03
1.377979215251847915e+07 3.613054083484525374e-03
1.437929246193742193e+07 3.613010276001082065e-03
1.500487448703214899e+07 3.612973540108109071e-03
1.565767293262583762e+07 3.612922104283897238e-03
1.633887186973565444e+07 3.612877124852493810e-03
1.704970688328647614e+07 3.612840737557689811e-03
1.779146731326251104e+07 3.612810176971719550e-03
1.856549859336193278e+07 3.612777896173903925e-03
1.937320469139645249e+07 3.612747154037731275e-03
2.021605065586232394e+07 3.612714907736958459e-03
2.109556527330185100e+07 3.612683718268891626e-03
