4.402668768255081886e+03 1.097938063001114781e-02
8.702291228692711229e+03 1.185104541573283286e-02
1.276695311178296288e+04 1.149654574315653668e-02
1.720090168377494410e+04 1.295968317857587766e-02
2.128263827136110922e+04 1.048806419602025912e-02
2.633296208052037036e+04 9.453713101779538663e-03
2.992156217165216731e+04 1.001899005910539785e-02
3.399920905420427152e+04 9.395587029390209399e-03
3.863254898524766031e+04 9.353786307890472884e-03
4.389731063208368869e+04 7.336046020565024223e-03
4.779996890100365999e+04 8.045968813902100794e-03
5.204959014657664375e+04 7.558356732735554973e-03
5.667702085826511757e+04 7.841464072810040362e-03
5.914279763961255958e+04 8.419476048218466069e-03
6.440084477124233672e+04 8.509464974034956428e-03
7.012635473421998904e+04 7.601996233290288750e-03
7.317725498701544711e+04 8.078036096399824131e-03
7.636088696938367502e+04 7.869410633831966373e-03
8.314969572923783562e+04 7.748435895323852081e-03
8.676718631008510420e+04 6.523517344546123781e-03
9.054205856247972406e+04 6.556161631972291792e-03
9.448115949541462760e+04 6.437075374570575513e-03
9.859163400220239419e+04 6.289821960310732971e-03
1.028809378201585205e+05 6.212276539293394746e-03
1.073568510541054857e+05 5.820653483207496870e-03
1.120274922882271931e+05 6.186330275974995761e-03
1.169013333118703304e+05 6.072849229689077609e-03
1.219872144860027474e+05 6.464903631869223753e-03
1.272943607782017789e+05 6.163195938859029367e-03
1.328323984952562314e+05 6.204524329388773525e-03
1.386113727437329653e+05 6.212157758535975620e-03
1.446417656501793244e+05 5.653400067328119040e-03
1.509345153740085370e+05 5.191204572968227161e-03
1.575010359475556761e+05 5.045867794645838601e-03
1.643532379792899883e+05 4.956392036643558416e-03
1.715035502577361767e+05 4.923605450767230135e-03
1.789649422952906752e+05 5.306916516552286252e-03
1.867509478528243199e+05 5.129234258080496087e-03
1.948756894877398154e+05 4.844574497649401651e-03
2.033539041700111702e+05 4.816403607239106571e-03
2.122009700126690441e+05 4.860332170019226322e-03
2.214329341652157309e+05 5.021578639663034846e-03
2.310665419205641374e+05 5.019126764993093667e-03
2.411192670882964740e+05 4.796928522427530706e-03
2.516093436893345497e+05 4.705762012149556153e-03
2.625557990295106429e+05 4.472465034936287491e-03
2.739784882120293914e+05 4.342396941987874959e-03
2.858981301514200750e+05 4.387811259081125619e-03
2.983363451543037081e+05 4.175975956599058819e-03
3.113156941351395799e+05 4.219860148057690864e-03
3.248597195380828343e+05 4.292739691271771872e-03
3.389929880391783081e+05 4.250272144720118085e-03
3.537411351063454640e+05 4.177697875098366348e-03
3.691309114979797741e+05 4.130174929830943489e-03
3.851902317845114740e+05 3.953453881155267677e-03
4.019482249809301575e+05 3.915229211874930032e-03
4.194352873821160174e+05 3.851278127388618397e-03
4.376831376968135592e+05 3.945333480870126357e-03
4.567248745802495978e+05 3.842283530817872019e-03
4.765950366697513964e+05 3.866450262128086172e-03
4.973296652322599548e+05 3.948099313034346761e-03
5.189663695373724331e+05 3.913533709986146553e-03
5.415443950744860340e+05 3.874781305097367394e-03
5.651046947377803735e+05 3.881098857254963556e-03
5.896900031081594061e+05 3.879124243329019981e-03
6.153449139668828575e+05 3.846154880727580341e-03
6.421159611814880045e+05 3.850384961543514614e-03
6.700517031107150251e+05 3.856173826686511846e-03
6.992028106815317878e+05 3.806685334252576762e-03
7.296221592980173882e+05 3.802717556064299804e-03
7.613649247488108231e+05 3.776125927634367725e-03
7.944886832870859653e+05 3.777580339055397474e-03
8.290535160645822762e+05 3.762090752888714966e-03
8.651221181091160979e+05 3.770112331536157844e-03
9.027599120432427153e+05 3.765888535421843802e-03
9.420351667503338540e+05 3.785817317438626949e-03
9.830191212033139309e+05 3.749604670342108776e-03
1.025786113680658164e+06 3.736224639136760672e-03
1.070413716604031390e+06 3.735520832514400286e-03
1.116982877242140938e+06 3.739422060174562006e-03
1.165578064536016202e+06 3.733269742662100651e-03
1.216287422312036389e+06 3.736108888803052128e-03
1.269202929160604253e+06 3.727764202826120213e-03
1.324420565270459978e+06 3.730118042281798003e-03
1.382040486521255923e+06 3.725204895714098567e-03
1.442167206150156213e+06 3.710988840860452147e-03
1.504909784321977990e+06 3.704335579497762716e-03
1.570382025946733309e+06 3.686341788480219581e-03
1.638702687103363918e+06 3.682793576707969752e-03
1.709995690444097621e+06 3.674525268063848129e-03
1.784390349970143754e+06 3.681173374622545482e-03
1.862021605586416787e+06 3.683701509114653810e-03
1.943030267860745313e+06 3.687492591609501519e-03
2.027563273431514390e+06 3.672306157990527960e-03
2.115773951527012512e+06 3.665637488752714751e-03
2.207822302079902031e+06 3.670930381288749472e-03
2.303875285941275768e+06 3.671629744604395541e-03
2.404107127720690332e+06 3.675559183697646622e-03
2.508699631801488344e+06 3.676690837452296998e-03
2.617842512104606722e+06 3.675812711370424028e-03
2.731733736199009698e+06 3.671604258268219064e-03
2.850579884382903576e+06 3.676875657815971855e-03
2.974596524387058336e+06 3.672433696603390110e-03
3.104008602379877120e+06 3.672452719908596806e-03
3.239050850983437616e+06 3.669204670972041511e-03
3.379968215040580835e+06 3.661349559323699709e-03
3.527016295905329287e+06 3.667511105428378736e-03
3.680461815062484704e+06 3.667686030324367880e-03
3.840583097917342559e+06 3.667929170789621055e-03
4.007670578633065801e+06 3.666305200179517405e-03
4.182027326931377407e+06 3.669026995823960764e-03
4.363969597812118940e+06 3.671109585966518887e-03
4.553827405188770033e+06 3.669788738030108598e-03
4.751945120480441488e+06 3.666898405893252635e-03
4.958682097246030346e+06 3.666757116186651101e-03
5.174413322993571870e+06 3.666020589475782292e-03
5.399530099347066134e+06 3.665434531871317788e-03
5.634440751804465428e+06 3.665520988623729125e-03
5.879571370374216698e+06 3.664533265092499801e-03
6.135366582433775067e+06 3.663297673229239104e-03
6.402290359211891890e+06 3.661342665467695861e-03
6.680826857357543893e+06 3.660614245596956369e-03
6.971481297121950425e+06 3.660159828836188119e-03
7.274780878746563569e+06 3.659944840776265494e-03
7.591275738719213754e+06 3.658558375989407700e-03
7.921539947632909752e+06 3.659115598515889304e-03
8.266172551457234658e+06 3.658622956060138438e-03
8.625798658111047000e+06 3.658054765121702533e-03
9.001070571307353675e+06 3.658154734545524932e-03
9.392668973726961762e+06 3.657406968368517950e-03
9.801304161666996777e+06 3.657187064997553024e-03
1.022771733340373263e+07 3.657349931124559677e-03
1.067268193360666372e+07 3.657085483374298510e-03
1.113700505624227971e+07 3.657184336423526146e-03
1.162152890851223469e+07 3.657472629635876576e-03
1.212713233848130889e+07 3.657930231564997855e-03
1.265473242916593328e+07 3.658227395429244043e-03
1.320528616197475232e+07 3.658731597138190159e-03
1.377979215251848102e+07 3.659159922664555805e-03
1.437929246193742193e+07 3.659646858397637165e-03
1.500487448703214899e+07 3.660189323231716023e-03
1.565767293262583762e+07 3.660707352531617203e-03
1.633887186973565444e+07 3.661333489716669682e-03
1.704970688328647614e+07 3.661913359462521961e-03
1.779146731326251104e+07 3.662594933040619512e-03
1.856549859336193278e+07 3.663244375780291828e-03
1.937320469139645621e+07 3.663977864803793366e-03
2.021605065586232394e+07 3.664706847232439366e-03
2.109556527330185100e+07 3.665498730678239375e-03
