4.402668768255080977e+03 1.096499246212038689e-02
8.702291228692711229e+03 1.046808155289812199e-02
1.276695311178296106e+04 8.874072802020450262e-03
1.720090168377494410e+04 7.963502524600553009e-03
2.128263827136110558e+04 8.773598309424375519e-03
2.633296208052036673e+04 8.219446571140657382e-03
2.992156217165216367e+04 8.505958094897422481e-03
3.399920905420426425e+04 6.803632927696537207e-03
3.863254898524766031e+04 6.861266893623632970e-03
4.389731063208368141e+04 5.826258450232667946e-03
4.779996890100366727e+04 5.710020321179046579e-03
5.204959014657664375e+04 6.857160255108706026e-03
5.667702085826511029e+04 5.402226823657298171e-03
5.914279763961255958e+04 4.378168630227827381e-03
6.440084477124233672e+04 4.541955997624093008e-03
7.012635473421998904e+04 5.136498473253174255e-03
7.317725498701544711e+04 5.182661834164355510e-03
7.636088696938366047e+04 4.451074713315471103e-03
8.314969572923782107e+04 4.789488695749528901e-03
8.676718631008510420e+04 5.044535255799188420e-03
9.054205856247972406e+04 4.503411016048586638e-03
9.448115949541462760e+04 4.347714810319560502e-03
9.859163400220239419e+04 4.896837423483075234e-03
1.028809378201585205e+05 5.085226728102193103e-03
1.073568510541054857e+05 4.485183363405223674e-03
1.120274922882271785e+05 4.091872358316318327e-03
1.169013333118703304e+05 4.176366134671039877e-03
1.219872144860027474e+05 4.319111159888434567e-03
1.272943607782017789e+05 4.396278578469095533e-03
1.328323984952562314e+05 4.545858281761833326e-03
1.386113727437329653e+05 4.543999657956591942e-03
1.446417656501793244e+05 4.351613919006777631e-03
1.509345153740085370e+05 3.843997416628287898e-03
1.575010359475556761e+05 4.543718017844106810e-03
1.643532379792899883e+05 4.579452604303602299e-03
1.715035502577361767e+05 4.168614017357952922e-03
1.789649422952906461e+05 4.000679164670150820e-03
1.867509478528242907e+05 3.833888429914819162e-03
1.948756894877398154e+05 3.464266039260790499e-03
2.033539041700111702e+05 3.622493435728117717e-03
2.122009700126690441e+05 3.567641320380432989e-03
2.214329341652157309e+05 3.580918059623868117e-03
2.310665419205641083e+05 3.449234250720142805e-03
2.411192670882964449e+05 3.619968423430947740e-03
2.516093436893345497e+05 3.653594818410215491e-03
2.625557990295107011e+05 3.604801293345891774e-03
2.739784882120293914e+05 3.469942038123675822e-03
2.858981301514200168e+05 3.494734799796386446e-03
2.983363451543037081e+05 3.416250684530617535e-03
3.113156941351395799e+05 3.536026753809743198e-03
3.248597195380828343e+05 3.385663703109540335e-03
3.389929880391783081e+05 3.242422834022548085e-03
3.537411351063454640e+05 3.073619658209876451e-03
3.691309114979797741e+05 2.933279800532502708e-03
3.851902317845114740e+05 2.939545931950682429e-03
4.019482249809301575e+05 2.988770249189355750e-03
4.194352873821160174e+05 2.990636698911582764e-03
4.376831376968135592e+05 3.023129181280328256e-03
4.567248745802495396e+05 3.021226807888425115e-03
4.765950366697513382e+05 3.032316935432656426e-03
4.973296652322599548e+05 2.977243255886885542e-03
5.189663695373723749e+05 2.970978449979006300e-03
5.415443950744859176e+05 2.959698573661191656e-03
5.651046947377803735e+05 2.974340149982405198e-03
5.896900031081594061e+05 2.907240429070637264e-03
6.153449139668828575e+05 2.888806404159907637e-03
6.421159611814880045e+05 2.850286513415844613e-03
6.700517031107150251e+05 2.848021321409317189e-03
6.992028106815317878e+05 2.822263445872684462e-03
7.296221592980173882e+05 2.774266454124197073e-03
7.613649247488108231e+05 2.802542263335937572e-03
7.944886832870859653e+05 2.812467759663811809e-03
8.290535160645822762e+05 2.807259208735422493e-03
8.651221181091159815e+05 2.834517313855746887e-03
9.027599120432425989e+05 2.819149441806069988e-03
9.420351667503338540e+05 2.858686966385396658e-03
9.830191212033140473e+05 2.843573025565197376e-03
1.025786113680658164e+06 2.815952932071217121e-03
1.070413716604031390e+06 2.773823226729598551e-03
1.116982877242140938e+06 2.758747857621569443e-03
1.165578064536016202e+06 2.751873566130328113e-03
1.216287422312036389e+06 2.774523386595178272e-03
1.269202929160604253e+06 2.776574031000673352e-03
1.324420565270459978e+06 2.775326215259672769e-03
1.382040486521255691e+06 2.764572888861458692e-03
1.442167206150155980e+06 2.763479449504550878e-03
1.504909784321977990e+06 2.743392680257064533e-03
1.570382025946733309e+06 2.760076172545083452e-03
1.638702687103363918e+06 2.775390166272454981e-03
1.709995690444097621e+06 2.798127144521175922e-03
1.784390349970143754e+06 2.794159058306339843e-03
1.862021605586416787e+06 2.813355364701424031e-03
1.943030267860745313e+06 2.794069176879120011e-03
2.027563273431514623e+06 2.790841825255282148e-03
2.115773951527012512e+06 2.791173699089162952e-03
2.207822302079902031e+06 2.792648229042901404e-03
2.303875285941275768e+06 2.782332698401166968e-03
2.404107127720690332e+06 2.777078483186531683e-03
2.508699631801488344e+06 2.780395495400274797e-03
2.617842512104606722e+06 2.777056237366695279e-03
2.731733736199009698e+06 2.782423896289547803e-03
2.850579884382903110e+06 2.780225261318594685e-03
2.974596524387058336e+06 2.770934045769427815e-03
3.104008602379877120e+06 2.772495383243057769e-03
3.239050850983437151e+06 2.778022413296316658e-03
3.379968215040580370e+06 2.776164714361618272e-03
3.527016295905329287e+06 2.773557518447240713e-03
3.680461815062484704e+06 2.773680642954702655e-03
3.840583097917342093e+06 2.791191121759532736e-03
4.007670578633065801e+06 2.789836675119370963e-03
4.182027326931377407e+06 2.790072194053225089e-03
4.363969597812118940e+06 2.792885297742647537e-03
4.553827405188770033e+06 2.789811084532765884e-03
4.751945120480441488e+06 2.788458414234164066e-03
4.958682097246030346e+06 2.788052168740661699e-03
5.174413322993571870e+06 2.787181139557138969e-03
5.399530099347066134e+06 2.784618327160466675e-03
5.634440751804464497e+06 2.780930943554446415e-03
5.879571370374217629e+06 2.776747615289345932e-03
6.135366582433775999e+06 2.776405144810808762e-03
6.402290359211891890e+06 2.773766708035772799e-03
6.680826857357543893e+06 2.772445086966896909e-03
6.971481297121950425e+06 2.771913189813444024e-03
7.274780878746563569e+06 2.772553846761299182e-03
7.591275738719213754e+06 2.772001283770913951e-03
7.921539947632909752e+06 2.771778630613384344e-03
8.266172551457234658e+06 2.772138675640530014e-03
8.625798658111047000e+06 2.773298715227554695e-03
9.001070571307353675e+06 2.772669952874206797e-03
9.392668973726961762e+06 2.772682812379136455e-03
9.801304161666996777e+06 2.772056387875870918e-03
1.022771733340373263e+07 2.771388813620119258e-03
1.067268193360666372e+07 2.770424421120474927e-03
1.113700505624227971e+07 2.770454811445027810e-03
1.162152890851223655e+07 2.770584719907590986e-03
1.212713233848131076e+07 2.770793058066957186e-03
1.265473242916593328e+07 2.771237974795985864e-03
1.320528616197475046e+07 2.772130234920297878e-03
1.377979215251847915e+07 2.772963807107791442e-03
1.437929246193742193e+07 2.773662482742352692e-03
1.500487448703214899e+07 2.774395835621697084e-03
1.565767293262583762e+07 2.774983109574637955e-03
1.633887186973565444e+07 2.775752476809523975e-03
1.704970688328647614e+07 2.776624746303840447e-03
1.779146731326251104e+07 2.777470730459545480e-03
1.856549859336193278e+07 2.778594291156531292e-03
1.937320469139645249e+07 2.779605716294332104e-03
2.021605065586232394e+07 2.780694087006225796e-03
2.109556527330185100e+07 2.781773440433490865e-03
