4.402668768255081886e+03 1.253209174317364283e-02
8.702291228692711229e+03 1.078453933057570840e-02
1.276695311178296288e+04 1.079940861406771674e-02
1.720090168377494410e+04 1.173887185099465463e-02
2.128263827136110922e+04 9.305164491687291026e-03
2.633296208052037036e+04 8.985962192087417269e-03
2.992156217165216731e+04 9.365104550500168851e-03
3.399920905420427152e+04 8.884197279380961002e-03
3.863254898524766031e+04 9.135927304847519040e-03
4.389731063208368869e+04 8.126790727869728087e-03
4.779996890100365999e+04 9.659567089790824929e-03
5.204959014657664375e+04 9.051605957747069914e-03
5.667702085826511757e+04 8.513967028250274405e-03
5.914279763961255958e+04 8.449768228943017184e-03
6.440084477124233672e+04 6.973591345381217887e-03
7.012635473421998904e+04 7.410361899146665834e-03
7.317725498701544711e+04 7.583524388770935924e-03
7.636088696938367502e+04 7.124423935872952439e-03
8.314969572923783562e+04 7.116901155823680478e-03
8.676718631008510420e+04 6.985289308513179841e-03
9.054205856247972406e+04 7.466383680356347696e-03
9.448115949541462760e+04 7.443699413932789756e-03
9.859163400220239419e+04 6.394627178664047049e-03
1.028809378201585205e+05 6.829210991237474535e-03
1.073568510541054857e+05 7.298323054847384236e-03
1.120274922882271931e+05 6.805492507884762683e-03
1.169013333118703304e+05 6.178734113866573251e-03
1.219872144860027474e+05 6.563729264557762767e-03
1.272943607782017789e+05 6.367144373800859986e-03
1.328323984952562314e+05 5.829230948367421401e-03
1.386113727437329653e+05 6.130708414821686020e-03
1.446417656501793244e+05 6.354042743816226343e-03
1.509345153740085370e+05 6.263677114985984756e-03
1.575010359475556761e+05 6.011103896604178334e-03
1.643532379792899883e+05 6.292042859173256272e-03
1.715035502577361767e+05 6.165355637261350427e-03
1.789649422952906752e+05 6.127260751214533979e-03
1.867509478528243199e+05 5.807086579880014164e-03
1.948756894877398154e+05 5.703267014486003254e-03
2.033539041700111702e+05 5.670293328768830597e-03
2.122009700126690441e+05 5.757192940844797421e-03
2.214329341652157309e+05 5.660864411038282230e-03
2.310665419205641374e+05 5.464645824923767062e-03
2.411192670882964740e+05 5.427248022687108236e-03
2.516093436893345497e+05 5.323553970198314014e-03
2.625557990295106429e+05 5.297104766748705722e-03
2.739784882120293914e+05 5.345140688523032819e-03
2.858981301514200750e+05 5.276064838607884104e-03
2.983363451543037081e+05 5.051004440085066043e-03
3.113156941351395799e+05 4.920341468888328289e-03
3.248597195380828343e+05 4.897186143415489107e-03
3.389929880391783081e+05 4.895954883453762507e-03
3.537411351063454640e+05 4.798526055137534302e-03
3.691309114979797741e+05 4.858006161189984753e-03
3.851902317845114740e+05 4.784685523000576333e-03
4.019482249809301575e+05 4.824438246107742162e-03
4.194352873821160174e+05 4.746597825826250235e-03
4.376831376968135592e+05 4.723482629205368565e-03
4.567248745802495978e+05 4.698496554958051658e-03
4.765950366697513964e+05 4.710422237610195108e-03
4.973296652322599548e+05 4.710428431921251380e-03
5.189663695373724331e+05 4.682337898602817981e-03
5.415443950744860340e+05 4.653812942356897603e-03
5.651046947377803735e+05 4.683533757150850838e-03
5.896900031081594061e+05 4.661302262865999781e-03
6.153449139668828575e+05 4.638517034968041471e-03
6.421159611814880045e+05 4.629704129135987604e-03
6.700517031107150251e+05 4.621348334180994458e-03
6.992028106815317878e+05 4.576455775139222880e-03
7.296221592980173882e+05 4.595745821061029968e-03
7.613649247488108231e+05 4.551905567075669595e-03
7.944886832870859653e+05 4.537088472100322262e-03
8.290535160645822762e+05 4.536400400581573449e-03
8.651221181091160979e+05 4.552266417981908758e-03
9.027599120432427153e+05 4.549469232299632217e-03
9.420351667503338540e+05 4.558692228702100266e-03
9.830191212033139309e+05 4.542961249593689341e-03
1.025786113680658164e+06 4.538156028392273562e-03
1.070413716604031390e+06 4.528245774188362910e-03
1.116982877242140938e+06 4.530708097690263475e-03
1.165578064536016202e+06 4.510360664525367609e-03
1.216287422312036389e+06 4.498314535011950326e-03
1.269202929160604253e+06 4.501107704633830302e-03
1.324420565270459978e+06 4.502986080029479192e-03
1.382040486521255923e+06 4.495995340965962088e-03
1.442167206150156213e+06 4.488090652582110880e-03
1.504909784321977990e+06 4.479602058776679767e-03
1.570382025946733309e+06 4.483431252388134225e-03
1.638702687103363918e+06 4.478376892959786901e-03
1.709995690444097621e+06 4.472135195574190869e-03
1.784390349970143754e+06 4.469370796285859586e-03
1.862021605586416787e+06 4.465410624144009431e-03
1.943030267860745313e+06 4.468691903791489894e-03
2.027563273431514390e+06 4.471793413722743513e-03
2.115773951527012512e+06 4.467185956687945263e-03
2.207822302079902031e+06 4.459206040788180406e-03
2.303875285941275768e+06 4.458493166605048338e-03
2.404107127720690332e+06 4.455755684304897081e-03
2.508699631801488344e+06 4.459677488327377232e-03
2.617842512104606722e+06 4.461354542929207509e-03
2.731733736199009698e+06 4.458171634667133440e-03
2.850579884382903576e+06 4.452488520268245258e-03
2.974596524387058336e+06 4.456588219246208037e-03
3.104008602379877120e+06 4.452980382865566120e-03
3.239050850983437616e+06 4.449003206266786623e-03
3.379968215040580835e+06 4.447221032405788456e-03
3.527016295905329287e+06 4.442358237662462177e-03
3.680461815062484704e+06 4.443162800247410504e-03
3.840583097917342559e+06 4.437527641586226992e-03
4.007670578633065801e+06 4.440762441790862582e-03
4.182027326931377407e+06 4.439792347092014549e-03
4.363969597812118940e+06 4.439738167276469083e-03
4.553827405188770033e+06 4.438573441613714692e-03
4.751945120480441488e+06 4.434665211864201491e-03
4.958682097246030346e+06 4.435526344675590552e-03
5.174413322993571870e+06 4.434880436119314692e-03
5.399530099347066134e+06 4.435284332314885086e-03
5.634440751804465428e+06 4.435743777805604450e-03
5.879571370374216698e+06 4.432785533320208159e-03
6.135366582433775067e+06 4.432710502517337933e-03
6.402290359211891890e+06 4.432516536573224281e-03
6.680826857357543893e+06 4.431425416216329752e-03
6.971481297121950425e+06 4.431129693358165818e-03
7.274780878746563569e+06 4.430707687656447284e-03
7.591275738719213754e+06 4.430291234903363518e-03
7.921539947632909752e+06 4.429890636196006162e-03
8.266172551457234658e+06 4.429713328183954892e-03
8.625798658111047000e+06 4.429660673723519876e-03
9.001070571307353675e+06 4.429394599413953929e-03
9.392668973726961762e+06 4.429106555433479954e-03
9.801304161666996777e+06 4.428889035255839136e-03
1.022771733340373263e+07 4.428638622097891796e-03
1.067268193360666372e+07 4.428457510396958431e-03
1.113700505624227971e+07 4.428095493261904360e-03
1.162152890851223469e+07 4.427809851511082563e-03
1.212713233848130889e+07 4.427501042037340975e-03
1.265473242916593328e+07 4.427240686488090153e-03
1.320528616197475232e+07 4.427060876997606503e-03
1.377979215251848102e+07 4.426851251293691461e-03
1.437929246193742193e+07 4.426659745830144495e-03
1.500487448703214899e+07 4.426454689878399872e-03
1.565767293262583762e+07 4.426261799045403539e-03
1.633887186973565444e+07 4.426064026944197261e-03
1.704970688328647614e+07 4.425854573292114201e-03
1.779146731326251104e+07 4.425627943048503557e-03
1.856549859336193278e+07 4.425383457546448393e-03
1.937320469139645621e+07 4.425126001128732237e-03
2.021605065586232394e+07 4.424865452934130354e-03
2.109556527330185100e+07 4.424590278083880522e-03
