4.402668768255080977e+03 3.031090569362676537e-03
8.702291228692711229e+03 3.008779026334923445e-03
1.276695311178296106e+04 2.975995931842088677e-03
1.720090168377494410e+04 2.936291009001859315e-03
2.128263827136110558e+04 2.902577424116797606e-03
2.633296208052036673e+04 2.862991057085881655e-03
2.992156217165216367e+04 2.832054156235011555e-03
3.399920905420426425e+04 2.803853464303325636e-03
3.863254898524766031e+04 2.770471769245328938e-03
4.389731063208368141e+04 2.749063034478575317e-03
4.779996890100366727e+04 2.716116122249174949e-03
5.204959014657664375e+04 2.698540382267891960e-03
5.667702085826511029e+04 2.666919522046877749e-03
5.914279763961255958e+04 2.653280286879425211e-03
6.440084477124233672e+04 2.625445575533203683e-03
7.012635473421998904e+04 2.607019978254923164e-03
7.317725498701544711e+04 2.582132650579736354e-03
7.636088696938366047e+04 2.560577192459293806e-03
8.314969572923782107e+04 2.546956985304516322e-03
8.676718631008510420e+04 2.529572716860634552e-03
9.054205856247972406e+04 2.506522403563800610e-03
9.448115949541462760e+04 2.489621233417598205e-03
9.859163400220239419e+04 2.475570805369845320e-03
1.028809378201585205e+05 2.456110120279496930e-03
1.073568510541054857e+05 2.438599173382633833e-03
1.120274922882271785e+05 2.419705683840233431e-03
1.169013333118703304e+05 2.411987598191491552e-03
1.219872144860027474e+05 2.397763163924280638e-03
1.272943607782017789e+05 2.362787141650448189e-03
1.328323984952562314e+05 2.344082104764662160e-03
1.386113727437329653e+05 2.330131332683372646e-03
1.446417656501793244e+05 2.304641444952256965e-03
1.509345153740085370e+05 2.287769374145826561e-03
1.575010359475556761e+05 2.267846736017541630e-03
1.643532379792899883e+05 2.247155958750478560e-03
1.715035502577361767e+05 2.227533245281262606e-03
1.789649422952906461e+05 2.200541749006346831e-03
1.867509478528242907e+05 2.175074772945548643e-03
1.948756894877398154e+05 2.152527616598877858e-03
2.033539041700111702e+05 2.133265336859264082e-03
2.122009700126690441e+05 2.107522585258229594e-03
2.214329341652157309e+05 2.081746273891675169e-03
2.310665419205641083e+05 2.062651656825471164e-03
2.411192670882964449e+05 2.038281554532865667e-03
2.516093436893345497e+05 2.009791325772189094e-03
2.625557990295107011e+05 1.986167184232501704e-03
2.739784882120293914e+05 1.965044354072755482e-03
2.858981301514200168e+05 1.939597363805834135e-03
2.983363451543037081e+05 1.913610417751638237e-03
3.113156941351395799e+05 1.888658883438104662e-03
3.248597195380828343e+05 1.867360116926752335e-03
3.389929880391783081e+05 1.839451805631670727e-03
3.537411351063454640e+05 1.812099562113868865e-03
3.691309114979797741e+05 1.785872370818625135e-03
3.851902317845114740e+05 1.759381671141637023e-03
4.019482249809301575e+05 1.736166403268931844e-03
4.194352873821160174e+05 1.708508211909459456e-03
4.376831376968135592e+05 1.681158509685649676e-03
4.567248745802495396e+05 1.655247903823171569e-03
4.765950366697513382e+05 1.631007586796777258e-03
4.973296652322599548e+05 1.608287675138963743e-03
5.189663695373723749e+05 1.582419029585612228e-03
5.415443950744859176e+05 1.557938522321891282e-03
5.651046947377803735e+05 1.534412381193486687e-03
5.896900031081594061e+05 1.509656623224825975e-03
6.153449139668828575e+05 1.486478392612839219e-03
6.421159611814880045e+05 1.464606082727096682e-03
6.700517031107150251e+05 1.443515943442421874e-03
6.992028106815317878e+05 1.422055924299343421e-03
7.296221592980173882e+05 1.400704586827174756e-03
7.613649247488108231e+05 1.380261197106571764e-03
7.944886832870859653e+05 1.360247785341610078e-03
8.290535160645822762e+05 1.340950984663143598e-03
8.651221181091159815e+05 1.320496227110781132e-03
9.027599120432425989e+05 1.301003142357515761e-03
9.420351667503338540e+05 1.285236079129360547e-03
9.830191212033140473e+05 1.268995891191051920e-03
1.025786113680658164e+06 1.252835840611125949e-03
1.070413716604031390e+06 1.235767530651369879e-03
1.116982877242140938e+06 1.222557877373398744e-03
1.165578064536016202e+06 1.207961870236831615e-03
1.216287422312036389e+06 1.195066366326367731e-03
1.269202929160604253e+06 1.182570965462304913e-03
1.324420565270459978e+06 1.169955664648663664e-03
1.382040486521255691e+06 1.158143417635120864e-03
1.442167206150155980e+06 1.147077105447570633e-03
1.504909784321977990e+06 1.136249851850602843e-03
1.570382025946733309e+06 1.126249297275307842e-03
1.638702687103363918e+06 1.117011947201062162e-03
1.709995690444097621e+06 1.107658639451675068e-03
1.784390349970143754e+06 1.099570229648885213e-03
1.862021605586416787e+06 1.092020308781203918e-03
1.943030267860745313e+06 1.084122246742599957e-03
2.027563273431514623e+06 1.077420912662454882e-03
2.115773951527012512e+06 1.071016675520601201e-03
2.207822302079902031e+06 1.064428204028533076e-03
2.303875285941275768e+06 1.058714136323164875e-03
2.404107127720690332e+06 1.053579765251014050e-03
2.508699631801488344e+06 1.048498403472741033e-03
2.617842512104606722e+06 1.043758668227879379e-03
2.731733736199009698e+06 1.039725202257477501e-03
2.850579884382903110e+06 1.035518168023217547e-03
2.974596524387058336e+06 1.031464745022391384e-03
3.104008602379877120e+06 1.027891744075565229e-03
3.239050850983437151e+06 1.024654197634328450e-03
3.379968215040580370e+06 1.021413919994723510e-03
3.527016295905329287e+06 1.018526914106277718e-03
3.680461815062484704e+06 1.015810894937915244e-03
3.840583097917342093e+06 1.013241785245705059e-03
4.007670578633065801e+06 1.010840964098182410e-03
4.182027326931377407e+06 1.008597765621511251e-03
4.363969597812118940e+06 1.006361366779023273e-03
4.553827405188770033e+06 1.004478089309200064e-03
4.751945120480441488e+06 1.002682022392308676e-03
4.958682097246030346e+06 1.001066811776464734e-03
5.174413322993571870e+06 9.994941536218414531e-04
5.399530099347066134e+06 9.980975833718444112e-04
5.634440751804464497e+06 9.966291267389912247e-04
5.879571370374217629e+06 9.952650175676501943e-04
6.135366582433775999e+06 9.940754362787488849e-04
6.402290359211891890e+06 9.929277365518540156e-04
6.680826857357543893e+06 9.918191684132873429e-04
6.971481297121950425e+06 9.907811206826221389e-04
7.274780878746563569e+06 9.898264983721001727e-04
7.591275738719213754e+06 9.889816338209465700e-04
7.921539947632909752e+06 9.881798395875403870e-04
8.266172551457234658e+06 9.873944547390510473e-04
8.625798658111047000e+06 9.866618934270955481e-04
9.001070571307353675e+06 9.859940111805055429e-04
9.392668973726961762e+06 9.853526205622529458e-04
9.801304161666996777e+06 9.847530851502842800e-04
1.022771733340373263e+07 9.841712208807117720e-04
1.067268193360666372e+07 9.836743617292155115e-04
1.113700505624227971e+07 9.833594984350749538e-04
1.162152890851223655e+07 9.831413820116715208e-04
1.212713233848131076e+07 9.829400841636388043e-04
1.265473242916593328e+07 9.828026501044334617e-04
1.320528616197475046e+07 9.826794979706275981e-04
1.377979215251847915e+07 9.826206640989644265e-04
1.437929246193742193e+07 9.826065263011901467e-04
1.500487448703214899e+07 9.826364918472849617e-04
1.565767293262583762e+07 9.827092076470284911e-04
1.633887186973565444e+07 9.828124315838298805e-04
1.704970688328647614e+07 9.829658678544037163e-04
1.779146731326251104e+07 9.831527828491613049e-04
1.856549859336193278e+07 9.833818142001946472e-04
1.937320469139645249e+07 9.836455151146735777e-04
2.021605065586232394e+07 9.839360758524739667e-04
2.109556527330185100e+07 9.842676270464258918e-04
