4.373462052840339311e+04 6.129532085543594813e-03
8.663872712536182371e+04 5.203271486781204519e-03
1.297612777633432561e+05 4.636290028981972580e-03
1.716321977237225219e+05 4.245935837753385053e-03
2.133352955044680566e+05 3.834126133127888688e-03
2.570584081843183085e+05 3.482951036274536515e-03
3.002659346223525354e+05 3.322143223761856324e-03
3.400051255699007888e+05 3.361270562678749484e-03
3.850036653648362262e+05 3.418627145005878436e-03
4.359576112151437555e+05 3.193181278611175594e-03
4.785516459628613084e+05 3.190299204284361301e-03
5.092353154750026879e+05 3.293798440587400456e-03
5.589887460015383549e+05 3.097090136479309884e-03
5.948298638579142280e+05 3.145244295217913214e-03
6.529460734121515416e+05 3.093769793074586591e-03
6.948115265870502917e+05 2.988693535014991676e-03
7.393612997095065657e+05 2.966914280256529104e-03
7.867675054173744284e+05 2.906368067544694983e-03
8.115985541599235730e+05 3.002652552453237856e-03
8.636364523104346590e+05 2.945125542648699239e-03
8.908935501131545752e+05 2.988920721805736220e-03
9.480156674285588088e+05 2.889347297296397579e-03
9.779358447166774422e+05 2.906714442365531705e-03
1.040638920793219935e+06 2.942544082576637431e-03
1.073482366395237856e+06 2.902558828269001089e-03
1.107362378953822656e+06 2.903633753451728174e-03
1.178363997175473720e+06 2.902743498301906845e-03
1.215554162820161553e+06 2.917711888219755908e-03
1.253918081586970249e+06 2.905002914593911301e-03
1.293492798118421575e+06 2.870409010728502269e-03
1.334316526217329316e+06 2.861216809434730373e-03
1.376428685746484902e+06 2.853502166435769628e-03
1.419869940692930249e+06 2.830625836461989758e-03
1.464682238433575025e+06 2.846093192068933301e-03
1.510908850240065483e+06 2.838947974354421450e-03
1.558594413062029285e+06 2.837097335439581289e-03
1.607784972629023949e+06 2.827107853677578424e-03
1.658528027912823018e+06 2.818585576572458368e-03
1.710872576992975082e+06 2.832955167297825181e-03
1.764869164369910955e+06 2.852714275469963364e-03
1.820569929771302268e+06 2.847825768661028500e-03
1.878028658498780802e+06 2.844947167130505630e-03
1.937300833363641519e+06 2.846199372579483102e-03
1.998443688261691248e+06 2.840283492606514477e-03
2.061516263438955182e+06 2.869463262998475477e-03
2.126579462501626462e+06 2.858890915835157493e-03
2.193696111225280445e+06 2.843162957236692896e-03
2.262931018220172729e+06 2.838057183219968443e-03
2.334351037511188537e+06 2.842616081442625280e-03
2.408025133092843927e+06 2.847262489183353690e-03
2.484024445521734189e+06 2.854942805536907213e-03
2.562422360610658303e+06 2.827831408141831364e-03
2.643294580290812068e+06 2.821891945023052416e-03
2.726719195710458793e+06 2.818735050990028336e-03
2.812776762640621979e+06 2.822848412273690211e-03
2.901550379260679241e+06 2.818712598104504852e-03
2.993125766398919281e+06 2.817443970196473711e-03
3.087591350305570289e+06 2.813805755652933407e-03
3.185038348038198892e+06 2.810668394754768911e-03
3.285560855541952420e+06 2.814906924691201046e-03
3.389255938509691972e+06 2.820203619426785331e-03
3.496223726109744050e+06 2.818391858714550807e-03
3.606567507671786007e+06 2.825355356307492072e-03
3.720393832424212713e+06 2.820482137441026032e-03
3.837812612379289698e+06 2.810330771349560386e-03
3.958937228465472348e+06 2.807476126891560782e-03
4.083884640009329189e+06 2.805687603405136038e-03
4.212775497672830708e+06 2.803669738499176261e-03
4.345734259955013171e+06 2.806453988468632452e-03
4.482889313370523974e+06 2.807780259249955876e-03
4.624373096421157010e+06 2.804263851947468283e-03
4.770322227479962632e+06 2.799205129042877868e-03
4.920877636711540632e+06 2.800289453378818072e-03
5.076184702155845240e+06 2.797538280159254324e-03
5.236393390106864274e+06 2.794414850281434076e-03
5.401658399921843782e+06 2.799389022800954918e-03
5.572139313400736079e+06 2.795339196453445509e-03
5.748000748880239204e+06 2.795373642220775560e-03
5.929412520191183314e+06 2.791968557166577339e-03
6.116549800632687286e+06 2.791636945165259544e-03
6.309593292121538892e+06 2.792643670753793689e-03
6.508729399680043571e+06 2.792406129992069073e-03
6.714150411430878565e+06 2.794001456080148424e-03
6.926054684272711165e+06 2.794651415565382446e-03
7.144646835415896028e+06 2.792164055284047063e-03
7.370137939963234589e+06 2.791396009563905031e-03
7.602745734726508148e+06 2.791577324354822462e-03
7.842694828475685790e+06 2.793316725740401050e-03
8.090216918823729269e+06 2.793417108017980707e-03
8.345551015956458636e+06 2.794244634095523899e-03
8.608943673423567787e+06 2.793971144076355575e-03
8.880649226213570684e+06 2.793196458898341162e-03
9.160930036342617124e+06 2.792974344647641740e-03
9.450056746194263920e+06 2.793504480169819743e-03
9.748308539854869246e+06 2.793113452780555082e-03
1.005597341269699484e+07 2.793582965443067688e-03
1.037334844947103225e+07 2.793056152729943200e-03
1.070074011117370427e+07 2.792609228193759612e-03
1.103846453097032011e+07 2.792403365449828978e-03
1.138684781945657544e+07 2.792613772622944135e-03
1.174622637955474481e+07 2.792781733008847019e-03
1.211694723134819791e+07 2.792537123219780617e-03
1.249936834716804884e+07 2.792704126243617576e-03
1.289385899725528806e+07 2.792602721025654912e-03
1.330080010633242689e+07 2.792623852616722170e-03
1.372058462142884918e+07 2.792580592879951966e-03
1.415361789131489024e+07 2.792495090468937770e-03
1.460031805791140534e+07 2.792486484017561981e-03
1.506111646005233191e+07 2.792493628826377746e-03
1.553645804999048449e+07 2.792583764074998542e-03
1.602680182304862514e+07 2.792642575161406477e-03
1.653262126083053835e+07 2.792719474429145206e-03
1.705440478842045739e+07 2.792769022022347555e-03
1.759265624601184949e+07 2.792761928448057093e-03
1.814789537542135641e+07 2.792708771141160125e-03
1.872065832195754722e+07 2.792675572945724390e-03
1.931149815212889016e+07 2.792663114253774326e-03
1.992098538769130781e+07 2.792709742160054322e-03
2.054970855655041710e+07 2.792794385890538193e-03
2.119827476105092838e+07 2.792873994936031536e-03
