2.374039742091349145e-02 6.321506109088659286e-03
4.736832031633308321e-02 6.052934564650058746e-03
6.846805405866014660e-02 5.798953119665384293e-03
9.451222445055411370e-02 5.604570265859365463e-03
1.136286860934795223e-01 5.451730918139219284e-03
1.366117280424966329e-01 5.317388568073511124e-03
1.642434219771199688e-01 5.192604847252368927e-03
1.885766797500710024e-01 5.076385103166103363e-03
2.067702176470289366e-01 4.968320950865745544e-03
2.374039742091349214e-01 4.867369774729013443e-03
2.603082813980555077e-01 4.771446809172630310e-03
2.725762327459708700e-01 4.679668694734573364e-03
2.988738959928071148e-01 4.591554868966341019e-03
3.277087103524789491e-01 4.506532568484544754e-03
3.431531460550240054e-01 4.424491897225379944e-03
3.762599425872716896e-01 4.345115739852190018e-03
3.939925273711246678e-01 4.268187098205089569e-03
4.125608231290300298e-01 4.193320870399475098e-03
4.320042157057852328e-01 4.120701458305120468e-03
4.736832031633308460e-01 4.049749113619327545e-03
4.960072047645178728e-01 3.980794921517372131e-03
5.193833041478548296e-01 3.913594409823417664e-03
5.438610851542219349e-01 3.847356885671615601e-03
5.694924684389270908e-01 3.750768955796957016e-03
5.963318216023762997e-01 3.657271387055516243e-03
6.244360745110443256e-01 3.596741938963532448e-03
6.538648400533531024e-01 3.537578275427222252e-03
6.846805405866013272e-01 3.451719181612133980e-03
7.169485403431529180e-01 3.368241013959050179e-03
7.507372840767374544e-01 3.287721425294876099e-03
7.861184422429497998e-01 3.209261223673820496e-03
8.231670630218950180e-01 3.133684163913130760e-03
8.619617315054403095e-01 3.036334645003080368e-03
9.025847363867310902e-01 2.965834457427263260e-03
9.451222445055416088e-01 2.897814614698290825e-03
9.896644836196951678e-01 2.810179954394698143e-03
1.036305933790234501e+00 2.726152073591947556e-03
1.085145527786299802e+00 2.645660191774368286e-03
1.136286860934794696e+00 2.549214521422982216e-03
1.189838410859966222e+00 2.457276917994022369e-03
1.245913767578986198e+00 2.386974403634667397e-03
1.304631874441609662e+00 2.302987501025199890e-03
1.366117280424966163e+00 2.207244047895073891e-03
1.430500404318638674e+00 2.116900170221924782e-03
1.497917811360400808e+00 2.031726762652397156e-03
1.568512502909397810e+00 1.950921956449747086e-03
1.642434219771200077e+00 1.873602508567273617e-03
1.719839759818128755e+00 1.800302416086196899e-03
1.800893310578565165e+00 1.719542196951806545e-03
1.885766797500710190e+00 1.633000560104846954e-03
1.974640248629512929e+00 1.552360597997903824e-03
2.067702176470289199e+00 1.477074110880494118e-03
2.165149977849019081e+00 1.406522234901785851e-03
2.267190352617480364e+00 1.340612303465604782e-03
2.374039742091349048e+00 1.271772198379039764e-03
2.485924788151246734e+00 1.200980739668011665e-03
2.603082813980555077e+00 1.135622151196002960e-03
2.725762327459708700e+00 1.069627585820853710e-03
2.854223548284725354e+00 1.008873339742422104e-03
2.988738959928070926e+00 9.528509690426290035e-04
3.129593887612636571e+00 8.916467777453362942e-04
3.277087103524790379e+00 8.358142804354429245e-04
3.431531460550241608e+00 7.854602299630641937e-04
3.593254555876957745e+00 7.358331349678337574e-04
3.762599425872718673e+00 6.907360511831939220e-04
3.939925273711248010e+00 6.465669721364974976e-04
4.125608231290302186e+00 6.041189190000295639e-04
4.320042157057854659e+00 5.639661685563623905e-04
4.523639471438666959e+00 5.257910233922302723e-04
4.736832031633308127e+00 4.915823810733854771e-04
4.960072047645175175e+00 4.589942400343716145e-04
5.193833041478544743e+00 4.266770847607403994e-04
5.438610851542216906e+00 3.974886494688689709e-04
5.694924684389268243e+00 3.704433620441704988e-04
5.963318216023761664e+00 3.441630396991968155e-04
6.244360745110442146e+00 3.213909512851387262e-04
6.538648400533531024e+00 2.998110721819102764e-04
6.846805405866013494e+00 2.796989865601062775e-04
7.169485403431528958e+00 2.604145847726613283e-04
7.507372840767374989e+00 2.419209777144715190e-04
7.861184422429498220e+00 2.252387057524174452e-04
8.231670630218948403e+00 2.093164803227409720e-04
8.619617315054401985e+00 1.940919755725190043e-04
9.025847363867310236e+00 1.804146886570379138e-04
9.451222445055416088e+00 1.681333815213292837e-04
9.896644836196950124e+00 1.560902164783328772e-04
1.036305933790234590e+01 1.443807268515229225e-04
1.085145527786299979e+01 1.342133182333782315e-04
1.136286860934795584e+01 1.246709143742918968e-04
1.189838410859966977e+01 1.157334991148672998e-04
1.245913767578986686e+01 1.079108478734269738e-04
1.304631874441610329e+01 9.981390030588954687e-05
1.366117280424967007e+01 9.224196401191875339e-05
1.430500404318639163e+01 8.588988566771149635e-05
1.497917811360400897e+01 8.044933929340913892e-05
1.568512502909397099e+01 7.571029709652066231e-05
1.642434219771199366e+01 7.043674122542142868e-05
1.719839759818128044e+01 6.506749923573806882e-05
1.800893310578564055e+01 6.062067404855042696e-05
1.885766797500709657e+01 5.627160498988814652e-05
1.974640248629512840e+01 5.265184518066234887e-05
2.067702176470289288e+01 4.925811663269996643e-05
2.165149977849018725e+01 4.585569695336744189e-05
2.267190352617480542e+01 4.335062476457096636e-05
2.374039742091349581e+01 4.023164001409895718e-05
2.485924788151246645e+01 3.795281736529432237e-05
2.603082813980554988e+01 3.567926614778116345e-05
2.725762327459708345e+01 3.222330269636586308e-05
2.854223548284724998e+01 2.924644104496110231e-05
2.988738959928070926e+01 2.685838990146294236e-05
3.129593887612636749e+01 2.504501208022702485e-05
3.277087103524790734e+01 2.386713458690792322e-05
3.431531460550241519e+01 2.175954796257428825e-05
3.593254555876957568e+01 1.983995025511831045e-05
3.762599425872718228e+01 1.803489612939301878e-05
3.939925273711248366e+01 1.671125937718898058e-05
4.125608231290302541e+01 1.474334567319601774e-05
4.320042157057854126e+01 1.365619573334697634e-05
4.523639471438667670e+01 1.225636515300720930e-05
4.736832031633310436e+01 1.034608703776029870e-05
4.960072047645179083e+01 9.232250704371836036e-06
5.193833041478545454e+01 9.328648047812748700e-06
5.438610851542216551e+01 8.956038982432801276e-06
5.694924684389268066e+01 8.508749488100875169e-06
5.963318216023762375e+01 7.376837402262026444e-06
6.244360745110442679e+01 6.434442639147164300e-06
6.538648400533530491e+01 4.768988219439052045e-06
6.846805405866012961e+01 4.218933554511750117e-06
7.169485403431528425e+01 4.364121195976622403e-06
7.507372840767374100e+01 3.623481688919127919e-06
7.861184422429498397e+01 2.926225533883552998e-06
8.231670630218950180e+01 2.198122274421621114e-06
8.619617315054402695e+01 1.779439116944558918e-06
9.025847363867310946e+01 1.337080448138294742e-06
9.451222445055417154e+01 9.415392128175881226e-07
9.896644836196954031e+01 6.147752742435841355e-07
1.036305933790234661e+02 1.451047182854381390e-06
1.085145527786299908e+02 1.072330064744164702e-06
1.136286860934795442e+02 5.283843620418338105e-07
1.189838410859966729e+02 8.368412522941071074e-07
1.245913767578986722e+02 1.093265655782715839e-08
1.304631874441610364e+02 1.831246976280453964e-08
1.366117280424967078e+02 2.461399617459392175e-07
1.430500404318639198e+02 4.476732158309459919e-07
1.497917811360401572e+02 5.413619419414317235e-07
1.568512502909396744e+02 -9.202769035709934542e-08
1.642434219771199082e+02 -2.350544576756874449e-07
1.719839759818127902e+02 -4.134128346322540892e-07
1.800893310578564126e+02 2.890587040837999666e-07
1.885766797500709799e+02 4.078401332208159147e-07
1.974640248629512769e+02 7.724154897914559115e-07
2.067702176470289146e+02 -4.426389637046668213e-07
2.165149977849018796e+02 -6.252178081922465935e-07
2.267190352617481608e+02 1.037057586472656112e-06
