2.374039742091349145e-02 6.366502959281206131e-03
4.736832031633308321e-02 6.096686236560344696e-03
6.846805405866014660e-02 5.841537378728389740e-03
9.451222445055411370e-02 5.645969416946172714e-03
1.136286860934795223e-01 5.492076743394136429e-03
1.366117280424966329e-01 5.357190966606140137e-03
1.642434219771199688e-01 5.231546238064765930e-03
1.885766797500710024e-01 5.114351399242877960e-03
2.067702176470289366e-01 5.005187354981899261e-03
2.374039742091349214e-01 4.903174005448818207e-03
2.603082813980555077e-01 4.806313663721084595e-03
2.725762327459708700e-01 4.713605158030986786e-03
2.988738959928071148e-01 4.624496679753065109e-03
3.277087103524789491e-01 4.538684617727994919e-03
3.431531460550240054e-01 4.455794114619493484e-03
3.762599425872716896e-01 4.375641699880361557e-03
3.939925273711246678e-01 4.298059269785881042e-03
4.125608231290300298e-01 4.222483374178409576e-03
4.320042157057852328e-01 4.149127751588821411e-03
4.736832031633308460e-01 4.077718593180179596e-03
4.960072047645178728e-01 4.008295480161905289e-03
5.193833041478548296e-01 3.940358757972717285e-03
5.438610851542219349e-01 3.873993409797549248e-03
5.694924684389270908e-01 3.777344478294253349e-03
5.963318216023762997e-01 3.683577757328748703e-03
6.244360745110443256e-01 3.622922347858548164e-03
6.538648400533531024e-01 3.563684644177556038e-03
6.846805405866013272e-01 3.477310296148061752e-03
7.169485403431529180e-01 3.393389983102679253e-03
7.507372840767374544e-01 3.312405198812484741e-03
7.861184422429497998e-01 3.233864670619368553e-03
8.231670630218950180e-01 3.158105537295341492e-03
8.619617315054403095e-01 3.060399089008569717e-03
9.025847363867310902e-01 2.989602275192737579e-03
9.451222445055416088e-01 2.921205479651689529e-03
9.896644836196951678e-01 2.832939382642507553e-03
1.036305933790234501e+00 2.748078200966119766e-03
1.085145527786299802e+00 2.666685497388243675e-03
1.136286860934794696e+00 2.569808857515454292e-03
1.189838410859966222e+00 2.477062866091728210e-03
1.245913767578986198e+00 2.406024839729070663e-03
1.304631874441609662e+00 2.321474254131317139e-03
1.366117280424966163e+00 2.224849769845604897e-03
1.430500404318638674e+00 2.133678412064909935e-03
1.497917811360400808e+00 2.047418849542737007e-03
1.568512502909397810e+00 1.964956754818558693e-03
1.642434219771200077e+00 1.886600628495216370e-03
1.719839759818128755e+00 1.812403439544141293e-03
1.800893310578565165e+00 1.731082331389188766e-03
1.885766797500710190e+00 1.643943833187222481e-03
1.974640248629512929e+00 1.562771154567599297e-03
2.067702176470289199e+00 1.486527267843484879e-03
2.165149977849019081e+00 1.415353384800255299e-03
2.267190352617480364e+00 1.348565099760890007e-03
2.374039742091349048e+00 1.278557232581079006e-03
2.485924788151246734e+00 1.206638175062835217e-03
2.603082813980555077e+00 1.140606822445988655e-03
2.725762327459708700e+00 1.073509571142494678e-03
2.854223548284725354e+00 1.011822023428976536e-03
2.988738959928070926e+00 9.553544223308563232e-04
3.129593887612636571e+00 8.938653045333921909e-04
3.277087103524790379e+00 8.372205193154513836e-04
3.431531460550241608e+00 7.859292090870440006e-04
3.593254555876957745e+00 7.353309774771332741e-04
3.762599425872718673e+00 6.892813253216445446e-04
3.939925273711248010e+00 6.450546788983047009e-04
4.125608231290302186e+00 6.028664647601544857e-04
4.320042157057854659e+00 5.626108031719923019e-04
4.523639471438666959e+00 5.240897880867123604e-04
4.736832031633308127e+00 4.899122868664562702e-04
4.960072047645175175e+00 4.568361619021743536e-04
5.193833041478544743e+00 4.250731435604393482e-04
5.438610851542216906e+00 3.967558150179684162e-04
5.694924684389268243e+00 3.702965623233467340e-04
5.963318216023761664e+00 3.444541944190859795e-04
6.244360745110442146e+00 3.212706651538610458e-04
6.538648400533531024e+00 2.985320461448282003e-04
6.846805405866013494e+00 2.776850014925003052e-04
7.169485403431528958e+00 2.582388406153768301e-04
7.507372840767374989e+00 2.396027557551860809e-04
7.861184422429498220e+00 2.224344789283350110e-04
8.231670630218948403e+00 2.062113198917359114e-04
8.619617315054401985e+00 1.911453582579270005e-04
9.025847363867310236e+00 1.772283430909737945e-04
9.451222445055416088e+00 1.655102678341791034e-04
9.896644836196950124e+00 1.542819809401407838e-04
1.036305933790234590e+01 1.428248069714754820e-04
1.085145527786299979e+01 1.319618459092453122e-04
1.136286860934795584e+01 1.212202696478925645e-04
1.189838410859966977e+01 1.124465488828718662e-04
1.245913767578986686e+01 1.046371617121621966e-04
1.304631874441610329e+01 9.740410314407199621e-05
1.366117280424967007e+01 8.997972327051684260e-05
1.430500404318639163e+01 8.350297866854816675e-05
1.497917811360400897e+01 7.774598634568974376e-05
1.568512502909397099e+01 7.273108349181711674e-05
1.642434219771199366e+01 6.828123878221958876e-05
1.719839759818128044e+01 6.419437704607844353e-05
1.800893310578564055e+01 6.052639582776464522e-05
1.885766797500709657e+01 5.591260560322552919e-05
1.974640248629512840e+01 5.130774297867901623e-05
2.067702176470289288e+01 4.734642789117060602e-05
2.165149977849018725e+01 4.451365020941011608e-05
2.267190352617480542e+01 4.216777597321197391e-05
2.374039742091349581e+01 3.869006104650907218e-05
2.485924788151246645e+01 3.556863521225750446e-05
2.603082813980554988e+01 3.305251084384508431e-05
2.725762327459708345e+01 3.095889042015187442e-05
2.854223548284724998e+01 3.004296740982681513e-05
2.988738959928070926e+01 2.857907929865177721e-05
3.129593887612636749e+01 2.495714215910993516e-05
3.277087103524790734e+01 2.302281245647463948e-05
3.431531460550241519e+01 2.165099613193888217e-05
3.593254555876957568e+01 2.046329973381944001e-05
3.762599425872718228e+01 1.839318247220944613e-05
3.939925273711248366e+01 1.621037154109217227e-05
4.125608231290302541e+01 1.489868282078532502e-05
4.320042157057854126e+01 1.282058383367257193e-05
4.523639471438667670e+01 1.077822344086598605e-05
4.736832031633310436e+01 1.110421726480126381e-05
4.960072047645179083e+01 1.065772903530159965e-05
5.193833041478545454e+01 9.516658792563248426e-06
5.438610851542216551e+01 9.167248208541423082e-06
5.694924684389268066e+01 7.663232281629461795e-06
5.963318216023762375e+01 7.050280601106351241e-06
6.244360745110442679e+01 6.669509730272693560e-06
6.538648400533530491e+01 7.006147370702819899e-06
6.846805405866012961e+01 6.600338565476704389e-06
7.169485403431528425e+01 5.077905370853841305e-06
7.507372840767374100e+01 4.066622295795241371e-06
7.861184422429498397e+01 3.658822379293269478e-06
8.231670630218950180e+01 2.951010401375242509e-06
8.619617315054402695e+01 3.545630761436768807e-06
9.025847363867310946e+01 1.497942321293521672e-06
9.451222445055417154e+01 1.186878193948359694e-06
9.896644836196954031e+01 5.950265631327056326e-07
1.036305933790234661e+02 -2.708575834731163923e-07
1.085145527786299908e+02 -1.093721152756188530e-06
1.136286860934795442e+02 -6.067893991712480783e-07
1.189838410859966729e+02 -3.248563302804541308e-07
1.245913767578986722e+02 -8.716116894902370404e-07
1.304631874441610364e+02 6.827422680544259492e-07
1.366117280424967078e+02 6.841613640062860213e-07
1.430500404318639198e+02 -6.719138809785363264e-07
1.497917811360401572e+02 4.806569791071524378e-07
1.568512502909396744e+02 -6.426000140891119372e-07
1.642434219771199082e+02 -8.242358262577909045e-07
1.719839759818127902e+02 -6.551199760451709153e-08
1.800893310578564126e+02 3.865776818656740943e-07
1.885766797500709799e+02 1.108295919038937427e-06
1.974640248629512769e+02 1.159416598284224165e-07
2.067702176470289146e+02 1.225217715727922041e-06
2.165149977849018796e+02 -4.954296173309558071e-07
2.267190352617481608e+02 -1.517955979579710402e-06
