2.374039742091349145e-02 6.374447606503963470e-03
4.736832031633308321e-02 6.104696076363325119e-03
6.846805405866014660e-02 5.849904380738735199e-03
9.451222445055411370e-02 5.654983222484588623e-03
1.136286860934795223e-01 5.501452833414077759e-03
1.366117280424966329e-01 5.366621538996696472e-03
1.642434219771199688e-01 5.241217557340860367e-03
1.885766797500710024e-01 5.123944021761417389e-03
2.067702176470289366e-01 5.015028174966573715e-03
2.374039742091349214e-01 4.913109354674816132e-03
2.603082813980555077e-01 4.816580098122358322e-03
2.725762327459708700e-01 4.724058788269758224e-03
2.988738959928071148e-01 4.635139834135770798e-03
3.277087103524789491e-01 4.549328703433275223e-03
3.431531460550240054e-01 4.466361831873655319e-03
3.762599425872716896e-01 4.386265762150287628e-03
3.939925273711246678e-01 4.308707080781459808e-03
4.125608231290300298e-01 4.233319777995347977e-03
4.320042157057852328e-01 4.159985575824975967e-03
4.736832031633308460e-01 4.088366869837045670e-03
4.960072047645178728e-01 4.018434323370456696e-03
5.193833041478548296e-01 3.949966747313737869e-03
5.438610851542219349e-01 3.883001161739230156e-03
5.694924684389270908e-01 3.785774111747741699e-03
5.963318216023762997e-01 3.691507270559668541e-03
6.244360745110443256e-01 3.630508668720722198e-03
6.538648400533531024e-01 3.570802044123411179e-03
6.846805405866013272e-01 3.483934793621301651e-03
7.169485403431529180e-01 3.399612382054328918e-03
7.507372840767374544e-01 3.318174974992871284e-03
7.861184422429497998e-01 3.239173209294676781e-03
8.231670630218950180e-01 3.163071116432547569e-03
8.619617315054403095e-01 3.065198194235563278e-03
9.025847363867310902e-01 2.994199283421039581e-03
9.451222445055416088e-01 2.925444860011339188e-03
9.896644836196951678e-01 2.836897736415266991e-03
1.036305933790234501e+00 2.751877997070550919e-03
1.085145527786299802e+00 2.670105546712875366e-03
1.136286860934794696e+00 2.572825876995921135e-03
1.189838410859966222e+00 2.480204915627837181e-03
1.245913767578986198e+00 2.409567125141620636e-03
1.304631874441609662e+00 2.325007459148764610e-03
1.366117280424966163e+00 2.228093333542346954e-03
1.430500404318638674e+00 2.136348513886332512e-03
1.497917811360400808e+00 2.049712231382727623e-03
1.568512502909397810e+00 1.967499265447258949e-03
1.642434219771200077e+00 1.889431499876081944e-03
1.719839759818128755e+00 1.815334893763065338e-03
1.800893310578565165e+00 1.733732060529291630e-03
1.885766797500710190e+00 1.646357704885303974e-03
1.974640248629512929e+00 1.564797013998031616e-03
2.067702176470289199e+00 1.488799229264259338e-03
2.165149977849019081e+00 1.417336286976933479e-03
2.267190352617480364e+00 1.350721111521124840e-03
2.374039742091349048e+00 1.280793221667408943e-03
2.485924788151246734e+00 1.208711415529251099e-03
2.603082813980555077e+00 1.142612425610423088e-03
2.725762327459708700e+00 1.075122621841728687e-03
2.854223548284725354e+00 1.012962078675627708e-03
2.988738959928070926e+00 9.561966289766132832e-04
3.129593887612636571e+00 8.947063470259308815e-04
3.277087103524790379e+00 8.386360132135450840e-04
3.431531460550241608e+00 7.873761351220309734e-04
3.593254555876957745e+00 7.372832624241709709e-04
3.762599425872718673e+00 6.916833808645606041e-04
3.939925273711248010e+00 6.473634275607764721e-04
4.125608231290302186e+00 6.040576263330876827e-04
4.320042157057854659e+00 5.629407824017107487e-04
4.523639471438666959e+00 5.243019550107419491e-04
4.736832031633308127e+00 4.889121046289801598e-04
4.960072047645175175e+00 4.554872866719961166e-04
5.193833041478544743e+00 4.226872406434267759e-04
5.438610851542216906e+00 3.941814065910875797e-04
5.694924684389268243e+00 3.670597507152706385e-04
5.963318216023761664e+00 3.408143238630145788e-04
6.244360745110442146e+00 3.176269528921693563e-04
6.538648400533531024e+00 2.968991757370531559e-04
6.846805405866013494e+00 2.779627102427184582e-04
7.169485403431528958e+00 2.590466465335339308e-04
7.507372840767374989e+00 2.410001907264813781e-04
7.861184422429498220e+00 2.253625571029260755e-04
8.231670630218948403e+00 2.096825046464800835e-04
8.619617315054401985e+00 1.947727869264781475e-04
9.025847363867310236e+00 1.799577876226976514e-04
9.451222445055416088e+00 1.656021922826766968e-04
9.896644836196950124e+00 1.523835526313632727e-04
1.036305933790234590e+01 1.407655217917636037e-04
1.085145527786299979e+01 1.306833582930266857e-04
1.136286860934795584e+01 1.209593756357207894e-04
1.189838410859966977e+01 1.119121225201524794e-04
1.245913767578986686e+01 1.033125226967968047e-04
1.304631874441610329e+01 9.510531526757404208e-05
1.366117280424967007e+01 8.800692012300714850e-05
1.430500404318639163e+01 8.145191532094031572e-05
1.497917811360400897e+01 7.508287671953439713e-05
1.568512502909397099e+01 7.033039582893252373e-05
1.642434219771199366e+01 6.638488412136211991e-05
1.719839759818128044e+01 6.279890658333897591e-05
1.800893310578564055e+01 5.943639189354144037e-05
1.885766797500709657e+01 5.642443647957406938e-05
1.974640248629512840e+01 5.363493983168154955e-05
2.067702176470289288e+01 5.080690607428550720e-05
2.165149977849018725e+01 4.826197255169972777e-05
2.267190352617480542e+01 4.391216862131841481e-05
2.374039742091349581e+01 3.935369386454112828e-05
2.485924788151246645e+01 3.589649350033141673e-05
2.603082813980554988e+01 3.260494850110262632e-05
2.725762327459708345e+01 3.047604877792764455e-05
2.854223548284724998e+01 2.864030648197513074e-05
2.988738959928070926e+01 2.729750121943652630e-05
3.129593887612636749e+01 2.429687629046384245e-05
3.277087103524790734e+01 2.135637987521477044e-05
3.431531460550241519e+01 1.988503572647459805e-05
3.593254555876957568e+01 1.882040851342026144e-05
3.762599425872718228e+01 1.865085141616873443e-05
3.939925273711248366e+01 1.771314418874680996e-05
4.125608231290302541e+01 1.501763017586199567e-05
4.320042157057854126e+01 1.336229524895315990e-05
4.523639471438667670e+01 1.225605410581920296e-05
4.736832031633310436e+01 1.233419970958493650e-05
4.960072047645179083e+01 1.066022468876326457e-05
5.193833041478545454e+01 9.640272764954715967e-06
5.438610851542216551e+01 9.230670912074856460e-06
5.694924684389268066e+01 6.944535925867967308e-06
5.963318216023762375e+01 6.555115305673098192e-06
6.244360745110442679e+01 6.892425062687834725e-06
6.538648400533530491e+01 5.337899438018212095e-06
6.846805405866012961e+01 4.673978310165693983e-06
7.169485403431528425e+01 4.672191153076710179e-06
7.507372840767374100e+01 4.570518285618163645e-06
7.861184422429498397e+01 3.609021632655640133e-06
8.231670630218950180e+01 3.332939286337932572e-06
8.619617315054402695e+01 2.644657342898426577e-06
9.025847363867310946e+01 2.015876589211984538e-06
9.451222445055417154e+01 1.977536157937720418e-06
9.896644836196954031e+01 2.320344492545700632e-06
1.036305933790234661e+02 9.113342116506828461e-07
1.085145527786299908e+02 -2.914844969836849486e-07
1.136286860934795442e+02 9.370118050355813466e-07
1.189838410859966729e+02 7.410882858494005632e-07
1.245913767578986722e+02 5.762248633800481912e-07
1.304631874441610364e+02 1.125295625570288394e-06
1.366117280424967078e+02 1.686289806457352825e-06
1.430500404318639198e+02 1.211011408486228902e-06
1.497917811360401572e+02 -4.280199448203347856e-07
1.568512502909396744e+02 9.944948260454111733e-07
1.642434219771199082e+02 1.756768597260816023e-07
1.719839759818127902e+02 -8.288005233225703705e-07
1.800893310578564126e+02 4.125278962874290301e-08
1.885766797500709799e+02 5.941520839769509621e-07
1.974640248629512769e+02 -7.669443675695220008e-07
2.067702176470289146e+02 1.595603862369898707e-06
2.165149977849018796e+02 1.565339402986865025e-06
2.267190352617481608e+02 1.856052335824642796e-06
