4.402668768255080977e+03 1.121103501643684781e-02
8.702291228692711229e+03 1.002820839773102199e-02
1.276695311178296106e+04 9.211184452534619885e-03
1.720090168377494410e+04 8.464391982515478627e-03
2.128263827136110558e+04 7.856274023136032916e-03
2.633296208052036673e+04 7.259787193890750862e-03
2.992156217165216367e+04 6.753741567435789933e-03
3.399920905420426425e+04 6.289257898214228176e-03
3.863254898524766031e+04 5.862855090513478806e-03
4.389731063208368141e+04 5.485804279438298396e-03
4.779996890100366727e+04 5.127673558374640055e-03
5.204959014657664375e+04 4.808044140282620622e-03
5.667702085826511029e+04 4.529107014741690605e-03
5.914279763961255958e+04 4.268175888885957815e-03
6.440084477124233672e+04 4.030512701321677799e-03
7.012635473421998904e+04 3.810528420765377927e-03
7.317725498701544711e+04 3.592278208767531438e-03
7.636088696938366047e+04 3.383393860463721706e-03
8.314969572923782107e+04 3.200424316954180674e-03
8.676718631008510420e+04 3.042278330699248624e-03
9.054205856247972406e+04 2.886161595071850671e-03
9.448115949541462760e+04 2.743635238672093718e-03
9.859163400220239419e+04 2.624638308593181275e-03
1.028809378201585205e+05 2.502321654341239238e-03
1.073568510541054857e+05 2.383691922176513819e-03
1.120274922882271785e+05 2.284271016409654496e-03
1.169013333118703304e+05 2.184313183856149716e-03
1.219872144860027474e+05 2.085879096132111071e-03
1.272943607782017789e+05 1.965729340509095140e-03
1.328323984952562314e+05 1.850045342105292910e-03
1.386113727437329653e+05 1.778530146697102771e-03
1.446417656501793244e+05 1.684192426322049865e-03
1.509345153740085370e+05 1.596952801499721417e-03
1.575010359475556761e+05 1.502106122489894544e-03
1.643532379792899883e+05 1.420416264565087586e-03
1.715035502577361767e+05 1.354539251191773635e-03
1.789649422952906461e+05 1.274662295832570003e-03
1.867509478528242907e+05 1.195001234539011048e-03
1.948756894877398154e+05 1.120899329301669554e-03
2.033539041700111702e+05 1.057450563723875232e-03
2.122009700126690441e+05 1.001276783313641977e-03
2.214329341652157309e+05 9.465517907205917708e-04
2.310665419205641083e+05 8.971650182148585562e-04
2.411192670882964449e+05 8.388046453302206449e-04
2.516093436893345497e+05 7.942515999172841939e-04
2.625557990295107011e+05 7.500315570317874110e-04
2.739784882120293914e+05 7.085068173797730469e-04
2.858981301514200168e+05 6.738702489692860757e-04
2.983363451543037081e+05 6.383170030887343541e-04
3.113156941351395799e+05 6.021064249019554560e-04
3.248597195380828343e+05 5.703447327118468975e-04
3.389929880391783081e+05 5.370925200776075804e-04
3.537411351063454640e+05 5.090418431019208588e-04
3.691309114979797741e+05 4.809082173131757525e-04
3.851902317845114740e+05 4.515885790142200340e-04
4.019482249809301575e+05 4.275510987159833313e-04
4.194352873821160174e+05 4.058122312977146206e-04
4.376831376968135592e+05 3.857838073670051223e-04
4.567248745802495396e+05 3.657817480089562887e-04
4.765950366697513382e+05 3.462181072471875011e-04
4.973296652322599548e+05 3.311193046307955769e-04
5.189663695373723749e+05 3.143005292203433255e-04
5.415443950744859176e+05 2.978245117943731845e-04
5.651046947377803735e+05 2.862432329866840264e-04
5.896900031081594061e+05 2.746548586855706089e-04
6.153449139668828575e+05 2.620584793104687197e-04
6.421159611814880045e+05 2.508173849328885910e-04
6.700517031107150251e+05 2.398892288472857326e-04
6.992028106815317878e+05 2.304599266796819070e-04
7.296221592980173882e+05 2.206920223025196203e-04
7.613649247488108231e+05 2.116456314297880377e-04
7.944886832870859653e+05 2.029041079742835744e-04
8.290535160645822762e+05 1.958469151816358863e-04
8.651221181091159815e+05 1.886946575626524333e-04
9.027599120432425989e+05 1.823174858935970957e-04
9.420351667503338540e+05 1.761039680496918306e-04
9.830191212033140473e+05 1.705498893814402491e-04
1.025786113680658164e+06 1.650488341816082252e-04
1.070413716604031390e+06 1.596774761089722302e-04
1.116982877242140938e+06 1.549451601570886287e-04
1.165578064536016202e+06 1.504488683506981976e-04
1.216287422312036389e+06 1.461361021430330435e-04
1.269202929160604253e+06 1.425159826480976979e-04
1.324420565270459978e+06 1.387339797906869936e-04
1.382040486521255691e+06 1.350609769725691128e-04
1.442167206150155980e+06 1.313185646987497890e-04
1.504909784321977990e+06 1.282567423087053213e-04
1.570382025946733309e+06 1.251166971028767384e-04
1.638702687103363918e+06 1.221963206866919166e-04
1.709995690444097621e+06 1.197719863249528801e-04
1.784390349970143754e+06 1.172648988871798260e-04
1.862021605586416787e+06 1.150080550116331144e-04
1.943030267860745313e+06 1.129525045005105665e-04
2.027563273431514623e+06 1.108137252570428688e-04
2.115773951527012512e+06 1.088170053716545628e-04
2.207822302079902031e+06 1.068340884097942567e-04
2.303875285941275768e+06 1.050556582969411042e-04
2.404107127720690332e+06 1.033377904286233821e-04
2.508699631801488344e+06 1.018313500636283344e-04
2.617842512104606722e+06 1.003330246149819309e-04
2.731733736199009698e+06 9.888186903886760559e-05
2.850579884382903110e+06 9.747520832907513924e-05
2.974596524387058336e+06 9.617737793815741123e-05
3.104008602379877120e+06 9.497595178510303388e-05
3.239050850983437151e+06 9.373449775791211172e-05
3.379968215040580370e+06 9.268184722337767837e-05
3.527016295905329287e+06 9.158435276069758831e-05
3.680461815062484704e+06 9.062329302637798600e-05
3.840583097917342093e+06 8.964382594941652219e-05
4.007670578633065801e+06 8.874542271625799836e-05
4.182027326931377407e+06 8.787937038376797080e-05
4.363969597812118940e+06 8.706413521681351361e-05
4.553827405188770033e+06 8.631959740532025216e-05
4.751945120480441488e+06 8.565426199454045952e-05
4.958682097246030346e+06 8.505627997390912136e-05
5.174413322993571870e+06 8.450850230760909281e-05
5.399530099347066134e+06 8.403375103743489314e-05
5.634440751804464497e+06 8.360924714495178022e-05
5.879571370374217629e+06 8.323339040290387366e-05
6.135366582433775999e+06 8.289071148718573712e-05
6.402290359211891890e+06 8.258766848907231198e-05
6.680826857357543893e+06 8.231426021324726944e-05
6.971481297121950425e+06 8.207241722648390828e-05
7.274780878746563569e+06 8.185985519354842667e-05
7.591275738719213754e+06 8.164516111252277273e-05
7.921539947632909752e+06 8.146855497598147087e-05
8.266172551457234658e+06 8.129834792847644154e-05
8.625798658111047000e+06 8.115256969476111748e-05
9.001070571307353675e+06 8.102032508268739277e-05
9.392668973726961762e+06 8.090142718224327704e-05
9.801304161666996777e+06 8.079950517378817383e-05
1.022771733340373263e+07 8.071241433629683533e-05
1.067268193360666372e+07 8.063918355942823499e-05
1.113700505624227971e+07 8.063179448998841379e-05
1.162152890851223655e+07 8.065127734651535304e-05
1.212713233848131076e+07 8.067984290274620850e-05
1.265473242916593328e+07 8.072041495825162463e-05
1.320528616197475046e+07 8.076795429723808190e-05
1.377979215251847915e+07 8.082742239695663564e-05
1.437929246193742193e+07 8.089309904248769814e-05
1.500487448703214899e+07 8.096310346672504622e-05
1.565767293262583762e+07 8.104115145307721048e-05
1.633887186973565444e+07 8.112586710699068145e-05
1.704970688328647614e+07 8.121571258953913443e-05
1.779146731326251104e+07 8.131111123781845724e-05
1.856549859336193278e+07 8.141156106283393902e-05
1.937320469139645249e+07 8.151623843054231499e-05
2.021605065586232394e+07 8.162739432913155917e-05
2.109556527330185100e+07 8.174236035985043051e-05
