2.374039742091349145e-02 6.306259824305360771e-03
4.736832031633308321e-02 6.045781527949490620e-03
6.846805405866014660e-02 5.794743738227515345e-03
9.451222445055411370e-02 5.600745981178657275e-03
1.136286860934795223e-01 5.449556235121835561e-03
1.366117280424966329e-01 5.318270059720202683e-03
1.642434219771199688e-01 5.195525881107582178e-03
1.885766797500710301e-01 5.079189615387542586e-03
2.067702176470289366e-01 4.969785427434770739e-03
2.374039742091349492e-01 4.867189947480168172e-03
2.603082813980555077e-01 4.770078735868196751e-03
2.725762327459708700e-01 4.676920449565274106e-03
2.988738959928071148e-01 4.586957513094467101e-03
3.277087103524790046e-01 4.499946589811430059e-03
3.431531460550240609e-01 4.415644145434655457e-03
3.762599425872716341e-01 4.334628758176934521e-03
3.939925273711246123e-01 4.257239342235197115e-03
4.125608231290300298e-01 4.183155423562207043e-03
4.320042157057852328e-01 4.111558140928169708e-03
4.736832031633308460e-01 4.040654231993464664e-03
4.960072047645178728e-01 3.969564596873645206e-03
5.193833041478548296e-01 3.899378620123783272e-03
5.438610851542220459e-01 3.831642793826656873e-03
5.694924684389270908e-01 3.736319466411035760e-03
5.963318216023762997e-01 3.645333259993043754e-03
6.244360745110443256e-01 3.585590392223857604e-03
6.538648400533532135e-01 3.526559174611372093e-03
6.846805405866014382e-01 3.440662828378757664e-03
7.169485403431529180e-01 3.356863104754392087e-03
7.507372840767374544e-01 3.278083682504890923e-03
7.861184422429497998e-01 3.205538636364152309e-03
8.231670630218950180e-01 3.136881252910462756e-03
8.619617315054403095e-01 3.042578585972323391e-03
9.025847363867310902e-01 2.969642630581384186e-03
9.451222445055416088e-01 2.897934140087076935e-03
9.896644836196950568e-01 2.807866969619382189e-03
1.036305933790234501e+00 2.722602198374366594e-03
1.085145527786299802e+00 2.640215284759540176e-03
1.136286860934794918e+00 2.544973435259903927e-03
1.189838410859966222e+00 2.454780965220448863e-03
1.245913767578986198e+00 2.384492493477271408e-03
1.304631874441609662e+00 2.299629057800880918e-03
1.366117280424966163e+00 2.203797805141019788e-03
1.430500404318638674e+00 2.110604319903910953e-03
1.497917811360400586e+00 2.030463772040268667e-03
1.568512502909397810e+00 1.955584881733144625e-03
1.642434219771200077e+00 1.884782903471530872e-03
1.719839759818128755e+00 1.824828602169364412e-03
1.800893310578565165e+00 1.755576064060579335e-03
1.885766797500710190e+00 1.673552097930940293e-03
1.974640248629512929e+00 1.586133750597170343e-03
2.067702176470289199e+00 1.500491275146415048e-03
2.165149977849019081e+00 1.427991792373942918e-03
2.267190352617480364e+00 1.366848316795932520e-03
2.374039742091349492e+00 1.302790068664971346e-03
2.485924788151246734e+00 1.233391453141805243e-03
2.603082813980555077e+00 1.160494711115540780e-03
2.725762327459708700e+00 1.097173104565849584e-03
2.854223548284725354e+00 1.042727835516111612e-03
2.988738959928070926e+00 9.894750046728446533e-04
3.129593887612636571e+00 9.349552494188771625e-04
3.277087103524790379e+00 8.740142514622610591e-04
3.431531460550242052e+00 8.189874219020822511e-04
3.593254555876957745e+00 7.644137691327053613e-04
3.762599425872718673e+00 7.147656274980151558e-04
3.939925273711248010e+00 6.576834146378258625e-04
4.125608231290302186e+00 6.088498908774469653e-04
4.320042157057854659e+00 5.634917220697869406e-04
4.523639471438666959e+00 5.174662087735642547e-04
4.736832031633308127e+00 4.768632737533023665e-04
4.960072047645176063e+00 4.194557410667321780e-04
5.193833041478546519e+00 3.756226049706684394e-04
5.438610851542217794e+00 3.574179995440373387e-04
5.694924684389268243e+00 3.312997887778087081e-04
5.963318216023761664e+00 3.069295764882797495e-04
6.244360745110442146e+00 2.742732050461475497e-04
6.538648400533531913e+00 2.475794088930404618e-04
6.846805405866014382e+00 2.211025365920066255e-04
7.169485403431528958e+00 2.187938295642966545e-04
7.507372840767374989e+00 2.205700705470878763e-04
7.861184422429498220e+00 2.149571108521902425e-04
8.231670630218950180e+00 2.007118934916081844e-04
8.619617315054403761e+00 1.918577874934506333e-04
9.025847363867310236e+00 1.802332042237335668e-04
9.451222445055416088e+00 1.732010329327056321e-04
9.896644836196951900e+00 1.575981056178098855e-04
1.036305933790234590e+01 1.458482503708493413e-04
1.085145527786299979e+01 1.436370088535902857e-04
1.136286860934795406e+01 1.377271120215842334e-04
1.189838410859966800e+01 1.415107661009314100e-04
1.245913767578986686e+01 1.415915837402514964e-04
1.304631874441610329e+01 1.319006322925297026e-04
1.366117280424967007e+01 1.101681505551778010e-04
1.430500404318639163e+01 1.114480011058375700e-04
1.497917811360400897e+01 1.075564886015635579e-04
1.568512502909397099e+01 1.119001659112497682e-04
1.642434219771199366e+01 9.220148960753420998e-05
1.719839759818128044e+01 7.361022119205387149e-05
1.800893310578564055e+01 6.469790488101481165e-05
1.885766797500709657e+01 5.470211127509922783e-05
1.974640248629512840e+01 1.851541151902839569e-05
2.067702176470289288e+01 5.308214119454188731e-06
2.165149977849018725e+01 3.460957275578854380e-06
2.267190352617480542e+01 1.763515478798355406e-05
2.374039742091349225e+01 1.401126354029179638e-05
2.485924788151246645e+01 4.245658446734798643e-06
2.603082813980555343e+01 8.282377336279716641e-08
2.725762327459708700e+01 -2.093249066791109324e-06
2.854223548284725354e+01 4.441866346817921573e-06
2.988738959928070926e+01 9.493368375527903730e-06
3.129593887612637104e+01 1.927964246668815976e-05
3.277087103524790734e+01 1.033343985392680785e-05
3.431531460550241519e+01 1.178418343425885032e-05
3.593254555876957568e+01 7.860129537389516811e-06
3.762599425872718939e+01 6.483986151319866258e-06
3.939925273711248366e+01 -4.417028658493578595e-06
4.125608231290302541e+01 4.424959325539059953e-06
4.320042157057854126e+01 6.879856525959865921e-06
4.523639471438667670e+01 1.946113183564516581e-05
4.736832031633310436e+01 3.917700910882650076e-05
4.960072047645179083e+01 2.295405106994346809e-05
5.193833041478545454e+01 -3.108114413451026010e-06
5.438610851542216551e+01 -3.060869068014680582e-05
5.694924684389268066e+01 -4.872029593816893007e-05
5.963318216023762375e+01 -3.531785310516764550e-05
6.244360745110443389e+01 -2.314651909728849809e-06
6.538648400533531913e+01 1.889423916929983227e-05
6.846805405866012961e+01 -1.330086429480737980e-06
7.169485403431529846e+01 1.968778336548745761e-05
7.507372840767375521e+01 -3.400485526502564237e-06
7.861184422429498397e+01 2.211273372748082938e-05
8.231670630218950180e+01 1.061466049647492380e-05
8.619617315054402695e+01 -3.443730007391149081e-06
9.025847363867310946e+01 1.938479363980645721e-07
9.451222445055415733e+01 -1.122380258902414296e-05
9.896644836196952610e+01 3.414549869203329198e-05
1.036305933790234661e+02 5.849633537335531129e-05
1.085145527786300050e+02 5.794010180724091879e-05
1.136286860934795442e+02 1.500600496537007811e-05
1.189838410859966871e+02 -1.587112667146584890e-05
1.245913767578986722e+02 1.464922165103447270e-05
1.304631874441610364e+02 4.092440701135229117e-05
1.366117280424967078e+02 8.953391217037495097e-06
1.430500404318639198e+02 2.077026276299865886e-05
1.497917811360401572e+02 1.069496294432644770e-05
1.568512502909397028e+02 -6.689641240446737847e-05
1.642434219771199366e+02 -8.710109292762375816e-05
1.719839759818127902e+02 4.413358682626832973e-05
1.800893310578564126e+02 3.857148381004428062e-05
1.885766797500709799e+02 -3.783630084690397692e-05
1.974640248629512769e+02 -4.713407634659392284e-05
2.067702176470289146e+02 1.702475785450665682e-05
2.165149977849018796e+02 -3.773515352385507728e-05
2.267190352617480471e+02 -3.915599753314912126e-05
