4.402668768255081886e+03 1.182066824667053935e-02
8.702291228692711229e+03 1.093816664982037376e-02
1.276695311178296288e+04 9.096017032070486535e-03
1.720090168377494410e+04 8.335774106190116384e-03
2.128263827136110922e+04 8.220210717928420202e-03
2.633296208052037036e+04 7.118627119666091907e-03
2.992156217165216731e+04 6.455008263618959921e-03
3.399920905420427152e+04 6.529822085956622259e-03
3.863254898524766031e+04 5.796008446063558549e-03
4.389731063208368869e+04 4.346385065889239729e-03
4.779996890100365999e+04 5.638837721535694750e-03
5.204959014657664375e+04 5.006284476369426278e-03
5.667702085826511757e+04 5.214967991556691829e-03
5.914279763961255958e+04 3.141192921743056130e-03
6.440084477124233672e+04 4.241223918968626584e-03
7.012635473421998904e+04 4.290173310667394144e-03
7.317725498701544711e+04 3.446006205692766361e-03
7.636088696938367502e+04 3.238134019459590340e-03
8.314969572923783562e+04 3.245869197332843393e-03
8.676718631008510420e+04 2.469682096487323727e-03
9.054205856247972406e+04 2.332933821381122114e-03
9.448115949541462760e+04 2.819460614713525937e-03
9.859163400220239419e+04 2.551505927386531203e-03
1.028809378201585205e+05 2.468608296937780961e-03
1.073568510541054857e+05 2.092138416868139731e-03
1.120274922882271931e+05 2.449509876004226077e-03
1.169013333118703304e+05 1.709241392275826638e-03
1.219872144860027474e+05 1.666369472190071775e-03
1.272943607782017789e+05 1.714996530730301385e-03
1.328323984952562314e+05 1.951997293241788511e-03
1.386113727437329653e+05 1.752291229479834445e-03
1.446417656501793244e+05 1.664897651243625251e-03
1.509345153740085370e+05 1.360154106114677295e-03
1.575010359475556761e+05 1.411245403767522229e-03
1.643532379792899883e+05 1.573915740555568857e-03
1.715035502577361767e+05 1.228390794262145848e-03
1.789649422952906752e+05 1.139198794164139085e-03
1.867509478528243199e+05 1.136196130933044696e-03
1.948756894877398154e+05 1.063974101816050032e-03
2.033539041700111702e+05 1.007730126273305264e-03
2.122009700126690441e+05 9.883078726725907752e-04
2.214329341652157309e+05 9.081915630522202241e-04
2.310665419205641374e+05 8.375761337323356761e-04
2.411192670882964740e+05 8.164429624232006103e-04
2.516093436893345497e+05 7.693553354795679491e-04
2.625557990295106429e+05 7.387326047677962538e-04
2.739784882120293914e+05 5.824787372029722674e-04
2.858981301514200750e+05 6.363974144413809793e-04
2.983363451543037081e+05 6.391530600875198640e-04
3.113156941351395799e+05 5.331010684400311122e-04
3.248597195380828343e+05 5.365022618738572420e-04
3.389929880391783081e+05 4.787352031314606976e-04
3.537411351063454640e+05 4.422906281344024786e-04
3.691309114979797741e+05 4.267817780139967522e-04
3.851902317845114740e+05 4.540245321170576398e-04
4.019482249809301575e+05 4.062355247250405070e-04
4.194352873821160174e+05 3.835604810581862536e-04
4.376831376968135592e+05 3.563049871835705616e-04
4.567248745802495978e+05 3.639385143738566161e-04
4.765950366697513964e+05 3.278472027067115850e-04
4.973296652322599548e+05 3.330682479764363177e-04
5.189663695373724331e+05 3.138905994533378171e-04
5.415443950744860340e+05 2.754012898182612288e-04
5.651046947377803735e+05 2.753695807340224744e-04
5.896900031081594061e+05 2.658016726427196524e-04
6.153449139668828575e+05 2.420191888584666544e-04
6.421159611814880045e+05 2.371800904370672885e-04
6.700517031107150251e+05 2.240533527637643440e-04
6.992028106815317878e+05 2.098066411600380020e-04
7.296221592980173882e+05 2.040266696648348978e-04
7.613649247488108231e+05 1.965810568623543777e-04
7.944886832870859653e+05 1.966451221024573075e-04
8.290535160645822762e+05 1.857204202902474060e-04
8.651221181091160979e+05 1.792490637329016104e-04
9.027599120432427153e+05 1.769479277700564167e-04
9.420351667503338540e+05 1.707180225798214093e-04
9.830191212033139309e+05 1.668630923983614549e-04
1.025786113680658164e+06 1.614777102278495535e-04
1.070413716604031390e+06 1.571934179945350053e-04
1.116982877242140938e+06 1.506772021844561018e-04
1.165578064536016202e+06 1.436650483513660570e-04
1.216287422312036389e+06 1.461805658851812837e-04
1.269202929160604253e+06 1.387392212040519570e-04
1.324420565270459978e+06 1.379005823126084425e-04
1.382040486521255923e+06 1.325462324159166593e-04
1.442167206150156213e+06 1.267958281666148161e-04
1.504909784321977990e+06 1.228375355474320473e-04
1.570382025946733309e+06 1.194557387778473294e-04
1.638702687103363918e+06 1.190231366468231313e-04
1.709995690444097621e+06 1.174854780546180991e-04
1.784390349970143754e+06 1.133057788931565290e-04
1.862021605586416787e+06 1.117956055301929324e-04
1.943030267860745313e+06 1.094956195828066854e-04
2.027563273431514390e+06 1.092473997902202495e-04
2.115773951527012512e+06 1.075733441155866878e-04
2.207822302079902031e+06 1.055815145660118882e-04
2.303875285941275768e+06 1.027080428171394619e-04
2.404107127720690332e+06 1.021740012187882552e-04
2.508699631801488344e+06 1.016990389051138072e-04
2.617842512104606722e+06 9.997710961475825102e-05
2.731733736199009698e+06 9.915006668592458874e-05
2.850579884382903576e+06 9.684030892460680328e-05
2.974596524387058336e+06 9.530331484110792916e-05
3.104008602379877120e+06 9.433234424145179513e-05
3.239050850983437616e+06 9.254433916408867362e-05
3.379968215040580835e+06 9.222407148185269405e-05
3.527016295905329287e+06 9.130402977212772101e-05
3.680461815062484704e+06 9.017715512698965083e-05
3.840583097917342559e+06 8.925449420171814618e-05
4.007670578633065801e+06 8.845771431239236805e-05
4.182027326931377407e+06 8.799354889078663238e-05
4.363969597812118940e+06 8.749367815957431098e-05
4.553827405188770033e+06 8.674750556972511033e-05
4.751945120480441488e+06 8.611789286736167264e-05
4.958682097246030346e+06 8.575283000650836269e-05
5.174413322993571870e+06 8.502714213464011470e-05
5.399530099347066134e+06 8.488088625944114761e-05
5.634440751804465428e+06 8.449114995888642847e-05
5.879571370374216698e+06 8.403248274283402674e-05
6.135366582433775067e+06 8.383975734448314177e-05
6.402290359211891890e+06 8.332698056306655663e-05
6.680826857357543893e+06 8.316775886620260926e-05
6.971481297121950425e+06 8.310103888081438303e-05
7.274780878746563569e+06 8.285732554687681934e-05
7.591275738719213754e+06 8.261436537080872763e-05
7.921539947632909752e+06 8.236878748687573846e-05
8.266172551457234658e+06 8.230422132551271650e-05
8.625798658111047000e+06 8.216956151985131977e-05
9.001070571307353675e+06 8.212257135528781328e-05
9.392668973726961762e+06 8.203648311009756593e-05
9.801304161666996777e+06 8.194304692477111425e-05
1.022771733340373263e+07 8.182184994779342240e-05
1.067268193360666372e+07 8.179672048569986982e-05
1.113700505624227971e+07 8.219020609075443134e-05
1.162152890851223469e+07 8.275462124650934191e-05
1.212713233848130889e+07 8.335174833951219269e-05
1.265473242916593328e+07 8.398255773953962149e-05
1.320528616197475232e+07 8.465086620280137830e-05
1.377979215251848102e+07 8.537587794181619900e-05
1.437929246193742193e+07 8.611784098704054790e-05
1.500487448703214899e+07 8.689015971491761839e-05
1.565767293262583762e+07 8.770317609651250457e-05
1.633887186973565444e+07 8.855062903383609805e-05
1.704970688328647614e+07 8.943722574259610220e-05
1.779146731326251104e+07 9.036594861411720932e-05
1.856549859336193278e+07 9.133913240639795323e-05
1.937320469139645621e+07 9.235490618594262627e-05
2.021605065586232394e+07 9.341427071535658223e-05
2.109556527330185100e+07 9.452260030812421497e-05
