4.402668768255080977e+03 1.250330719694694136e-02
8.702291228692711229e+03 1.190125398687869561e-02
1.276695311178296106e+04 1.118657508277770378e-02
1.720090168377494410e+04 1.071246508539277532e-02
2.128263827136110558e+04 1.014616130439189093e-02
2.633296208052036673e+04 9.837290499346547021e-03
2.992156217165216367e+04 9.538330735253657683e-03
3.399920905420426425e+04 9.194338839745439668e-03
3.863254898524766031e+04 8.843282479656242728e-03
4.389731063208368141e+04 8.568651433463090120e-03
4.779996890100366727e+04 8.315380853629707539e-03
5.204959014657664375e+04 8.127145358915175907e-03
5.667702085826511029e+04 7.941392043463396319e-03
5.914279763961255958e+04 7.716511620888421956e-03
6.440084477124233672e+04 7.538146506407152232e-03
7.012635473421998904e+04 7.386713859192200506e-03
7.317725498701544711e+04 7.155620673169431345e-03
7.636088696938366047e+04 6.999071932582518092e-03
8.314969572923782107e+04 6.827455132920368791e-03
8.676718631008510420e+04 6.751797283336369478e-03
9.054205856247972406e+04 6.615904315121291616e-03
9.448115949541462760e+04 6.462024775024152734e-03
9.859163400220239419e+04 6.373781093852156319e-03
1.028809378201585205e+05 6.296016608516270124e-03
1.073568510541054857e+05 6.233089495912350064e-03
1.120274922882271785e+05 6.127559617834946702e-03
1.169013333118703304e+05 6.028182143552735656e-03
1.219872144860027474e+05 5.935567669236620214e-03
1.272943607782017789e+05 5.828413055044303487e-03
1.328323984952562314e+05 5.705757746922696105e-03
1.386113727437329653e+05 5.625233134072770563e-03
1.446417656501793244e+05 5.544976582868843540e-03
1.509345153740085370e+05 5.433329266420368168e-03
1.575010359475556761e+05 5.336961085750527647e-03
1.643532379792899883e+05 5.293382673642182956e-03
1.715035502577361767e+05 5.234829537200804545e-03
1.789649422952906461e+05 5.146748891088008537e-03
1.867509478528242907e+05 5.083263329050974159e-03
1.948756894877398154e+05 4.979269124836191440e-03
2.033539041700111702e+05 4.923359062242468540e-03
2.122009700126690441e+05 4.876458367111565287e-03
2.214329341652157309e+05 4.809969632871776563e-03
2.310665419205641083e+05 4.760572251843877591e-03
2.411192670882964449e+05 4.709777064713081308e-03
2.516093436893345497e+05 4.663715279854415384e-03
2.625557990295107011e+05 4.602703164308367782e-03
2.739784882120293914e+05 4.546685046215350953e-03
2.858981301514200168e+05 4.514790044655804524e-03
2.983363451543037081e+05 4.466822445189643463e-03
3.113156941351395799e+05 4.422516181661027834e-03
3.248597195380828343e+05 4.390673423184494710e-03
3.389929880391783081e+05 4.351267075795609181e-03
3.537411351063454640e+05 4.318779339732949259e-03
3.691309114979797741e+05 4.281641583180325304e-03
3.851902317845114740e+05 4.247737115151944964e-03
4.019482249809301575e+05 4.215571661667453889e-03
4.194352873821160174e+05 4.195696962104630834e-03
4.376831376968135592e+05 4.171140036838753666e-03
4.567248745802495396e+05 4.147646823207817510e-03
4.765950366697513382e+05 4.123116843989707569e-03
4.973296652322599548e+05 4.104917771099479869e-03
5.189663695373723749e+05 4.080983245518191548e-03
5.415443950744859176e+05 4.064553456538690795e-03
5.651046947377803735e+05 4.051512137867275924e-03
5.896900031081594061e+05 4.038703005314175573e-03
6.153449139668828575e+05 4.023236721084317603e-03
6.421159611814880045e+05 4.012248090922508614e-03
6.700517031107150251e+05 4.002156854402925783e-03
6.992028106815317878e+05 3.993009759305642288e-03
7.296221592980173882e+05 3.985740523648722243e-03
7.613649247488108231e+05 3.973553972033645743e-03
7.944886832870859653e+05 3.964409604456401934e-03
8.290535160645822762e+05 3.955554456881000928e-03
8.651221181091159815e+05 3.948143859631180787e-03
9.027599120432425989e+05 3.942641815952887055e-03
9.420351667503338540e+05 3.935421818016355752e-03
9.830191212033140473e+05 3.928922204170681720e-03
1.025786113680658164e+06 3.921308793700814359e-03
1.070413716604031390e+06 3.914886968577791990e-03
1.116982877242140938e+06 3.909847105866840616e-03
1.165578064536016202e+06 3.904706065707409107e-03
1.216287422312036389e+06 3.899695831471676564e-03
1.269202929160604253e+06 3.895945097347212806e-03
1.324420565270459978e+06 3.891385088111136252e-03
1.382040486521255691e+06 3.887159031572739922e-03
1.442167206150155980e+06 3.883143337581526459e-03
1.504909784321977990e+06 3.879987948052650813e-03
1.570382025946733309e+06 3.876830056791767849e-03
1.638702687103363918e+06 3.874031455003000557e-03
1.709995690444097621e+06 3.871577295490359356e-03
1.784390349970143754e+06 3.868899550578820245e-03
1.862021605586416787e+06 3.865963955484193106e-03
1.943030267860745313e+06 3.864066349920805207e-03
2.027563273431514623e+06 3.861773602410443346e-03
2.115773951527012512e+06 3.859354032950443325e-03
2.207822302079902031e+06 3.857177306977012648e-03
2.303875285941275768e+06 3.855203349336026007e-03
2.404107127720690332e+06 3.853418726624734288e-03
2.508699631801488344e+06 3.851813534340572595e-03
2.617842512104606722e+06 3.849977686204364251e-03
2.731733736199009698e+06 3.848522690028641918e-03
2.850579884382903110e+06 3.846757882257014101e-03
2.974596524387058336e+06 3.845268315318838958e-03
3.104008602379877120e+06 3.844335677417084606e-03
3.239050850983437151e+06 3.842932523080849760e-03
3.379968215040580370e+06 3.841635781115227983e-03
3.527016295905329287e+06 3.840584208622281094e-03
3.680461815062484704e+06 3.839490127042546278e-03
3.840583097917342093e+06 3.838679898544500313e-03
4.007670578633065801e+06 3.837586398719159721e-03
4.182027326931377407e+06 3.836920247253758874e-03
4.363969597812118940e+06 3.836052657199957167e-03
4.553827405188770033e+06 3.835432040892911183e-03
4.751945120480441488e+06 3.834618651013343201e-03
4.958682097246030346e+06 3.833969840234195160e-03
5.174413322993571870e+06 3.833367812016005502e-03
5.399530099347066134e+06 3.832786488907908001e-03
5.634440751804464497e+06 3.832108751996973674e-03
5.879571370374217629e+06 3.831635237984671802e-03
6.135366582433775999e+06 3.831138999846474269e-03
6.402290359211891890e+06 3.830590812718583007e-03
6.680826857357543893e+06 3.830063697798302951e-03
6.971481297121950425e+06 3.829559281802889358e-03
7.274780878746563569e+06 3.829131781480135319e-03
7.591275738719213754e+06 3.828686959667849943e-03
7.921539947632909752e+06 3.828301207636416407e-03
8.266172551457234658e+06 3.827923995077296172e-03
8.625798658111047000e+06 3.827592199524534802e-03
9.001070571307353675e+06 3.827328780130147181e-03
9.392668973726961762e+06 3.827079721336524958e-03
9.801304161666996777e+06 3.826860326304553760e-03
1.022771733340373263e+07 3.826671576269016252e-03
1.067268193360666372e+07 3.826516475666171240e-03
1.113700505624227971e+07 3.826375782752218426e-03
1.162152890851223655e+07 3.826243095281084677e-03
1.212713233848131076e+07 3.826147023661145320e-03
1.265473242916593328e+07 3.826061762201161953e-03
1.320528616197475046e+07 3.825991285922463597e-03
1.377979215251847915e+07 3.825931462478753941e-03
1.437929246193742193e+07 3.825881366461325855e-03
1.500487448703214899e+07 3.825836147186199854e-03
1.565767293262583762e+07 3.825793091109580026e-03
1.633887186973565444e+07 3.825755823404229910e-03
1.704970688328647614e+07 3.825724511943026564e-03
1.779146731326251104e+07 3.825695690501310694e-03
1.856549859336193278e+07 3.825665115496906538e-03
1.937320469139645249e+07 3.825637908756466567e-03
2.021605065586232394e+07 3.825612469882428042e-03
2.109556527330185100e+07 3.825588289031955479e-03
