4.402668768255080977e+03 1.242254770887044057e-02
8.702291228692711229e+03 1.174534623481180567e-02
1.276695311178296106e+04 1.119870490871020634e-02
1.720090168377494410e+04 1.067560544645101972e-02
2.128263827136110558e+04 1.035174044250075469e-02
2.633296208052036673e+04 9.911563033677567650e-03
2.992156217165216367e+04 9.576155360397490754e-03
3.399920905420426425e+04 9.222748274293741597e-03
3.863254898524766031e+04 8.936699183906252411e-03
4.389731063208368141e+04 8.745425318621049063e-03
4.779996890100366727e+04 8.487095106263010599e-03
5.204959014657664375e+04 8.248117250108847817e-03
5.667702085826511029e+04 7.973440611941608538e-03
5.914279763961255958e+04 7.741137900955384447e-03
6.440084477124233672e+04 7.575042804798527013e-03
7.012635473421998904e+04 7.371553325791136563e-03
7.317725498701544711e+04 7.228412216699369418e-03
7.636088696938366047e+04 7.146048458596578577e-03
8.314969572923782107e+04 6.977148635253564019e-03
8.676718631008510420e+04 6.835669215886438881e-03
9.054205856247972406e+04 6.731947913158103231e-03
9.448115949541462760e+04 6.609835242403563904e-03
9.859163400220239419e+04 6.457667585188133462e-03
1.028809378201585205e+05 6.378642146155300875e-03
1.073568510541054857e+05 6.250961925801061005e-03
1.120274922882271785e+05 6.178874896376091407e-03
1.169013333118703304e+05 6.094044472014351933e-03
1.219872144860027474e+05 6.007441190989844249e-03
1.272943607782017789e+05 5.877735393933934335e-03
1.328323984952562314e+05 5.765856444422069217e-03
1.386113727437329653e+05 5.712016989729674400e-03
1.446417656501793244e+05 5.611839183613115574e-03
1.509345153740085370e+05 5.508243361021694651e-03
1.575010359475556761e+05 5.449482330217813447e-03
1.643532379792899883e+05 5.347874664215265111e-03
1.715035502577361767e+05 5.278650590008678381e-03
1.789649422952906461e+05 5.203623342403840626e-03
1.867509478528242907e+05 5.139555685044952700e-03
1.948756894877398154e+05 5.052833660675793218e-03
2.033539041700111702e+05 4.976471889278709371e-03
2.122009700126690441e+05 4.909251576223540997e-03
2.214329341652157309e+05 4.860846581703640382e-03
2.310665419205641083e+05 4.805606272356740052e-03
2.411192670882964449e+05 4.757043265193189319e-03
2.516093436893345497e+05 4.697084932257652827e-03
2.625557990295107011e+05 4.654334421725816150e-03
2.739784882120293914e+05 4.620469554713185420e-03
2.858981301514200168e+05 4.574562914797738328e-03
2.983363451543037081e+05 4.539381865805799769e-03
3.113156941351395799e+05 4.497804530150638878e-03
3.248597195380828343e+05 4.454700407850870937e-03
3.389929880391783081e+05 4.424439660156033634e-03
3.537411351063454640e+05 4.391205443534625281e-03
3.691309114979797741e+05 4.359600045906122587e-03
3.851902317845114740e+05 4.325305542417143961e-03
4.019482249809301575e+05 4.303511241304027422e-03
4.194352873821160174e+05 4.279644313987134019e-03
4.376831376968135592e+05 4.249845119796332935e-03
4.567248745802495396e+05 4.226400012668241404e-03
4.765950366697513382e+05 4.208306633980931320e-03
4.973296652322599548e+05 4.186645024637353912e-03
5.189663695373723749e+05 4.164210596892295793e-03
5.415443950744859176e+05 4.150407593681816436e-03
5.651046947377803735e+05 4.133942819870647760e-03
5.896900031081594061e+05 4.120092607944731561e-03
6.153449139668828575e+05 4.106687851559594898e-03
6.421159611814880045e+05 4.092383838468612901e-03
6.700517031107150251e+05 4.082090151144535280e-03
6.992028106815317878e+05 4.072253626621171255e-03
7.296221592980173882e+05 4.058823346750614798e-03
7.613649247488108231e+05 4.045966648602741626e-03
7.944886832870859653e+05 4.036211451773068226e-03
8.290535160645822762e+05 4.028147137048824697e-03
8.651221181091159815e+05 4.020278199444182049e-03
9.027599120432425989e+05 4.013711329255586872e-03
9.420351667503338540e+05 4.007661847024637965e-03
9.830191212033140473e+05 3.999862767454588457e-03
1.025786113680658164e+06 3.993983203585419785e-03
1.070413716604031390e+06 3.987510717277477530e-03
1.116982877242140938e+06 3.983327919832088150e-03
1.165578064536016202e+06 3.978662618812450931e-03
1.216287422312036389e+06 3.974224847111964935e-03
1.269202929160604253e+06 3.969804527025016898e-03
1.324420565270459978e+06 3.965411592213351558e-03
1.382040486521255691e+06 3.962061377534724198e-03
1.442167206150155980e+06 3.957157916025679130e-03
1.504909784321977990e+06 3.952695494679328743e-03
1.570382025946733309e+06 3.950372696717749203e-03
1.638702687103363918e+06 3.947304276226462280e-03
1.709995690444097621e+06 3.943795691412719552e-03
1.784390349970143754e+06 3.942383122562502507e-03
1.862021605586416787e+06 3.939866669349958474e-03
1.943030267860745313e+06 3.937343546194850032e-03
2.027563273431514623e+06 3.935121373806080465e-03
2.115773951527012512e+06 3.933335667482616531e-03
2.207822302079902031e+06 3.931073564261157970e-03
2.303875285941275768e+06 3.928962234179121660e-03
2.404107127720690332e+06 3.927222208590289317e-03
2.508699631801488344e+06 3.925511290941447601e-03
2.617842512104606722e+06 3.923908749005919176e-03
2.731733736199009698e+06 3.922298768965777616e-03
2.850579884382903110e+06 3.921112252511922865e-03
2.974596524387058336e+06 3.919734430092113205e-03
3.104008602379877120e+06 3.918309395191840218e-03
3.239050850983437151e+06 3.916969591426348180e-03
3.379968215040580370e+06 3.915817001818843943e-03
3.527016295905329287e+06 3.914912184677175888e-03
3.680461815062484704e+06 3.913868784208771739e-03
3.840583097917342093e+06 3.912461462436196864e-03
4.007670578633065801e+06 3.911597480145041945e-03
4.182027326931377407e+06 3.910964631656761899e-03
4.363969597812118940e+06 3.910183167302785576e-03
4.553827405188770033e+06 3.909467969117805773e-03
4.751945120480441488e+06 3.908780388210945748e-03
4.958682097246030346e+06 3.907994878108706112e-03
5.174413322993571870e+06 3.907227288427897113e-03
5.399530099347066134e+06 3.906642721760153480e-03
5.634440751804464497e+06 3.906071674767576992e-03
5.879571370374217629e+06 3.905451163090151515e-03
6.135366582433775999e+06 3.905018403171913507e-03
6.402290359211891890e+06 3.904623991375303759e-03
6.680826857357543893e+06 3.904147368939099062e-03
6.971481297121950425e+06 3.903644811198800357e-03
7.274780878746563569e+06 3.903242908718384304e-03
7.591275738719213754e+06 3.902855276647671130e-03
7.921539947632909752e+06 3.902509494862588160e-03
8.266172551457234658e+06 3.902161775995983961e-03
8.625798658111047000e+06 3.901858060243334429e-03
9.001070571307353675e+06 3.901577693534110172e-03
9.392668973726961762e+06 3.901309992699419568e-03
9.801304161666996777e+06 3.901074628956321087e-03
1.022771733340373263e+07 3.900873611808701371e-03
1.067268193360666372e+07 3.900700878691551812e-03
1.113700505624227971e+07 3.900556271503341846e-03
1.162152890851223655e+07 3.900453566049672752e-03
1.212713233848131076e+07 3.900383282474735765e-03
1.265473242916593328e+07 3.900329789126402800e-03
1.320528616197475046e+07 3.900298727470001732e-03
1.377979215251847915e+07 3.900275081286685205e-03
1.437929246193742193e+07 3.900259642251953981e-03
1.500487448703214899e+07 3.900244818244524847e-03
1.565767293262583762e+07 3.900234183559940504e-03
1.633887186973565444e+07 3.900228430028959865e-03
1.704970688328647614e+07 3.900232692709889454e-03
1.779146731326251104e+07 3.900241188482765891e-03
1.856549859336193278e+07 3.900253153517811103e-03
1.937320469139645249e+07 3.900267573132893805e-03
2.021605065586232394e+07 3.900283273558016565e-03
2.109556527330185100e+07 3.900303171250142469e-03
