4.402668768255081886e+03 1.429564997672025557e-02
8.702291228692711229e+03 1.428743894518564282e-02
1.276695311178296288e+04 1.235185184350917446e-02
1.720090168377494410e+04 1.095108481294603323e-02
2.128263827136110922e+04 1.138432401164033402e-02
2.633296208052037036e+04 1.000693794171495649e-02
2.992156217165216731e+04 9.514974532937226295e-03
3.399920905420427152e+04 9.036783224611395077e-03
3.863254898524766031e+04 9.495584741196659226e-03
4.389731063208368869e+04 9.038589813666324940e-03
4.779996890100365999e+04 9.446274483492955037e-03
5.204959014657664375e+04 8.445807277123910245e-03
5.667702085826511757e+04 7.396499491521231658e-03
5.914279763961255958e+04 7.708517429110029427e-03
6.440084477124233672e+04 7.831138842960102403e-03
7.012635473421998904e+04 8.422668227590060855e-03
7.317725498701544711e+04 7.968583148108660322e-03
7.636088696938367502e+04 7.922572555009744014e-03
8.314969572923783562e+04 7.267114495681607604e-03
8.676718631008510420e+04 7.301084612462904397e-03
9.054205856247972406e+04 7.190605230517669276e-03
9.448115949541462760e+04 6.541938822843877850e-03
9.859163400220239419e+04 6.911812083483715417e-03
1.028809378201585205e+05 7.381369496344703657e-03
1.073568510541054857e+05 7.237348493884699849e-03
1.120274922882271931e+05 6.347127482521777893e-03
1.169013333118703304e+05 6.742557098633572381e-03
1.219872144860027474e+05 6.659656352424344825e-03
1.272943607782017789e+05 6.829730401177211245e-03
1.328323984952562314e+05 6.793150950651717472e-03
1.386113727437329653e+05 6.887033030096456447e-03
1.446417656501793244e+05 6.242834035977978466e-03
1.509345153740085370e+05 6.238881187329293511e-03
1.575010359475556761e+05 6.335170326089841972e-03
1.643532379792899883e+05 6.421277374525339102e-03
1.715035502577361767e+05 6.341341133805777561e-03
1.789649422952906752e+05 6.380017814160096959e-03
1.867509478528243199e+05 6.073085792403158482e-03
1.948756894877398154e+05 6.098929421816187343e-03
2.033539041700111702e+05 6.192601365920934881e-03
2.122009700126690441e+05 6.185987765123505781e-03
2.214329341652157309e+05 5.867866474601745284e-03
2.310665419205641374e+05 5.566060386915530275e-03
2.411192670882964740e+05 5.510029749732989722e-03
2.516093436893345497e+05 5.652577049230849207e-03
2.625557990295106429e+05 5.419556014699351831e-03
2.739784882120293914e+05 5.328085897466654577e-03
2.858981301514200750e+05 5.421244070060085747e-03
2.983363451543037081e+05 5.356423424312292680e-03
3.113156941351395799e+05 5.217968214579277002e-03
3.248597195380828343e+05 5.186093818211938433e-03
3.389929880391783081e+05 5.149550113033742223e-03
3.537411351063454640e+05 5.059317068011306463e-03
3.691309114979797741e+05 5.077111291301856372e-03
3.851902317845114740e+05 5.072884365892847865e-03
4.019482249809301575e+05 5.002040195516976873e-03
4.194352873821160174e+05 4.968175038482704892e-03
4.376831376968135592e+05 4.990534057293483788e-03
4.567248745802495978e+05 4.975519891600867217e-03
4.765950366697513964e+05 4.924491856286117124e-03
4.973296652322599548e+05 4.894708278963951116e-03
5.189663695373724331e+05 4.947302834179119653e-03
5.415443950744860340e+05 4.845222498961227961e-03
5.651046947377803735e+05 4.885061813087073802e-03
5.896900031081594061e+05 4.899618758559758092e-03
6.153449139668828575e+05 4.892278782247921724e-03
6.421159611814880045e+05 4.872102836985249888e-03
6.700517031107150251e+05 4.831014507740636656e-03
6.992028106815317878e+05 4.820582653796582316e-03
7.296221592980173882e+05 4.835548580109295079e-03
7.613649247488108231e+05 4.807138658229103030e-03
7.944886832870859653e+05 4.818923264933796385e-03
8.290535160645822762e+05 4.830799935329799927e-03
8.651221181091160979e+05 4.793773148757026967e-03
9.027599120432427153e+05 4.748048581806987509e-03
9.420351667503338540e+05 4.756040744869070511e-03
9.830191212033139309e+05 4.742798150581685468e-03
1.025786113680658164e+06 4.743170793620213495e-03
1.070413716604031390e+06 4.744178147298267270e-03
1.116982877242140938e+06 4.741965954650631011e-03
1.165578064536016202e+06 4.726848156398518776e-03
1.216287422312036389e+06 4.725672167877813419e-03
1.269202929160604253e+06 4.731410809091791958e-03
1.324420565270459978e+06 4.721238217065778543e-03
1.382040486521255923e+06 4.723582982617166061e-03
1.442167206150156213e+06 4.719408135736632461e-03
1.504909784321977990e+06 4.711703119797202785e-03
1.570382025946733309e+06 4.695669133089973475e-03
1.638702687103363918e+06 4.708494847171116812e-03
1.709995690444097621e+06 4.704790255891817645e-03
1.784390349970143754e+06 4.704792893949496201e-03
1.862021605586416787e+06 4.697325059740453494e-03
1.943030267860745313e+06 4.696579375799270380e-03
2.027563273431514390e+06 4.697222105479978080e-03
2.115773951527012512e+06 4.693117796734479728e-03
2.207822302079902031e+06 4.695968085387401160e-03
2.303875285941275768e+06 4.688453702937628656e-03
2.404107127720690332e+06 4.690195634114549365e-03
2.508699631801488344e+06 4.690493815092267559e-03
2.617842512104606722e+06 4.693471312577445105e-03
2.731733736199009698e+06 4.691944306213725359e-03
2.850579884382903576e+06 4.685914383505533111e-03
2.974596524387058336e+06 4.685086072449749089e-03
3.104008602379877120e+06 4.683101739748224759e-03
3.239050850983437616e+06 4.681772044950731348e-03
3.379968215040580835e+06 4.682207100675482569e-03
3.527016295905329287e+06 4.678971145788955212e-03
3.680461815062484704e+06 4.681548410461170914e-03
3.840583097917342559e+06 4.675440139635604619e-03
4.007670578633065801e+06 4.679519828041505194e-03
4.182027326931377407e+06 4.675960537295635773e-03
4.363969597812118940e+06 4.676214477678616865e-03
4.553827405188770033e+06 4.675082196858753800e-03
4.751945120480441488e+06 4.674719628019552951e-03
4.958682097246030346e+06 4.673120168086289036e-03
5.174413322993571870e+06 4.671851781012579564e-03
5.399530099347066134e+06 4.672325162821033308e-03
5.634440751804465428e+06 4.671531837870728128e-03
5.879571370374216698e+06 4.670432328978861916e-03
6.135366582433775067e+06 4.669428794029649964e-03
6.402290359211891890e+06 4.668978806319942082e-03
6.680826857357543893e+06 4.669518103522045209e-03
6.971481297121950425e+06 4.668335526841697024e-03
7.274780878746563569e+06 4.668399891512847212e-03
7.591275738719213754e+06 4.667897248876255387e-03
7.921539947632909752e+06 4.667784349966522250e-03
8.266172551457234658e+06 4.667338128813531932e-03
8.625798658111047000e+06 4.666859769858357383e-03
9.001070571307353675e+06 4.667202331253377662e-03
9.392668973726961762e+06 4.667004769829104747e-03
9.801304161666996777e+06 4.666838027065777113e-03
1.022771733340373263e+07 4.666605262659330802e-03
1.067268193360666372e+07 4.666539752393821655e-03
1.113700505624227971e+07 4.666244420670318839e-03
1.162152890851223469e+07 4.666120328894580137e-03
1.212713233848130889e+07 4.665825546594734932e-03
1.265473242916593328e+07 4.665612519473657203e-03
1.320528616197475232e+07 4.665371096802232651e-03
1.377979215251848102e+07 4.665181985392113408e-03
1.437929246193742193e+07 4.664967706315735832e-03
1.500487448703214899e+07 4.664736546123537074e-03
1.565767293262583762e+07 4.664529342165256789e-03
1.633887186973565444e+07 4.664312358629954178e-03
1.704970688328647614e+07 4.664093546940427208e-03
1.779146731326251104e+07 4.663868742994872058e-03
1.856549859336193278e+07 4.663632626992638384e-03
1.937320469139645621e+07 4.663393002302894906e-03
2.021605065586232394e+07 4.663148790484482331e-03
2.109556527330185100e+07 4.662897985502087103e-03
