2.374039742091349145e-02 6.383904255926609039e-03
4.736832031633308321e-02 6.101768463850021362e-03
6.846805405866014660e-02 5.837769247591495514e-03
9.451222445055411370e-02 5.635858047753572464e-03
1.136286860934795223e-01 5.475959274917840958e-03
1.366117280424966329e-01 5.334675777703523636e-03
1.642434219771199688e-01 5.202820990234613419e-03
1.885766797500710024e-01 5.079810973256826401e-03
2.067702176470289366e-01 4.965493921190500259e-03
2.374039742091349214e-01 4.858656786382198334e-03
2.603082813980555077e-01 4.757017828524112701e-03
2.725762327459708700e-01 4.659620113670825958e-03
2.988738959928071148e-01 4.566018469631671906e-03
3.277087103524789491e-01 4.475968424230813980e-03
3.431531460550240054e-01 4.388735163956880569e-03
3.762599425872716896e-01 4.304351285099983215e-03
3.939925273711246678e-01 4.222311545163393021e-03
4.125608231290300298e-01 4.142836201936006546e-03
4.320042157057852328e-01 4.065487068146467209e-03
4.736832031633308460e-01 3.990300465375185013e-03
4.960072047645178728e-01 3.917285706847906113e-03
5.193833041478548296e-01 3.846290986984968185e-03
5.438610851542219349e-01 3.776865778490900993e-03
5.694924684389270908e-01 3.676089458167552948e-03
5.963318216023762997e-01 3.578745760023593903e-03
6.244360745110443256e-01 3.515957389026880264e-03
6.538648400533531024e-01 3.454518504440784454e-03
6.846805405866013272e-01 3.365198848769068718e-03
7.169485403431529180e-01 3.278555115684866905e-03
7.507372840767374544e-01 3.195003140717744827e-03
7.861184422429497998e-01 3.114011138677597046e-03
8.231670630218950180e-01 3.036126494407653809e-03
8.619617315054403095e-01 2.936469390988349915e-03
9.025847363867310902e-01 2.864335430786013603e-03
9.451222445055416088e-01 2.794730477035045624e-03
9.896644836196951678e-01 2.705061808228492737e-03
1.036305933790234501e+00 2.619291422888636589e-03
1.085145527786299802e+00 2.537341788411140442e-03
1.136286860934794696e+00 2.439876319840550423e-03
1.189838410859966222e+00 2.346672350540757179e-03
1.245913767578986198e+00 2.275419887155294418e-03
1.304631874441609662e+00 2.190442057326436043e-03
1.366117280424966163e+00 2.093881135806441307e-03
1.430500404318638674e+00 2.002551453188061714e-03
1.497917811360400808e+00 1.916157430969178677e-03
1.568512502909397810e+00 1.834643539041280746e-03
1.642434219771200077e+00 1.757517457008361816e-03
1.719839759818128755e+00 1.684729009866714478e-03
1.800893310578565165e+00 1.604764489457011223e-03
1.885766797500710190e+00 1.519423793070018291e-03
1.974640248629512929e+00 1.440386520698666573e-03
2.067702176470289199e+00 1.366889220662415028e-03
2.165149977849019081e+00 1.298426184803247452e-03
2.267190352617480364e+00 1.234442228451371193e-03
2.374039742091349048e+00 1.167753478512167931e-03
2.485924788151246734e+00 1.099768676795065403e-03
2.603082813980555077e+00 1.037364825606346130e-03
2.725762327459708700e+00 9.740816894918680191e-04
2.854223548284725354e+00 9.161107009276747704e-04
2.988738959928070926e+00 8.629271178506314754e-04
3.129593887612636571e+00 8.067519520409405231e-04
3.277087103524790379e+00 7.556164055131375790e-04
3.431531460550241608e+00 7.089047576300799847e-04
3.593254555876957745e+00 6.630642456002533436e-04
3.762599425872718673e+00 6.214445456862449646e-04
3.939925273711248010e+00 5.813753814436495304e-04
4.125608231290302186e+00 5.425823619589209557e-04
4.320042157057854659e+00 5.053879576735198498e-04
4.523639471438666959e+00 4.699582932516932487e-04
4.736832031633308127e+00 4.376967845018953085e-04
4.960072047645175175e+00 4.071468138135969639e-04
5.193833041478544743e+00 3.768661117646843195e-04
5.438610851542216906e+00 3.509211528580635786e-04
5.694924684389268243e+00 3.264440165366977453e-04
5.963318216023761664e+00 3.024951729457825422e-04
6.244360745110442146e+00 2.818627981469035149e-04
6.538648400533531024e+00 2.624402986839413643e-04
6.846805405866013494e+00 2.443008415866643190e-04
7.169485403431528958e+00 2.266001829411834478e-04
7.507372840767374989e+00 2.100002893712371588e-04
7.861184422429498220e+00 1.949073484865948558e-04
8.231670630218948403e+00 1.802494516596198082e-04
8.619617315054401985e+00 1.663289731368422508e-04
9.025847363867310236e+00 1.545241975691169500e-04
9.451222445055416088e+00 1.433280558558180928e-04
9.896644836196950124e+00 1.325434714090079069e-04
1.036305933790234590e+01 1.236745738424360752e-04
1.085145527786299979e+01 1.159160674433223903e-04
1.136286860934795584e+01 1.084491959773004055e-04
1.189838410859966977e+01 1.017671747831627727e-04
1.245913767578986686e+01 9.632862202124670148e-05
1.304631874441610329e+01 9.018582932185381651e-05
1.366117280424967007e+01 8.380998770007863641e-05
1.430500404318639163e+01 7.741020090179517865e-05
1.497917811360400897e+01 7.056059985188767314e-05
1.568512502909397099e+01 6.426616891985759139e-05
1.642434219771199366e+01 5.952290666755288839e-05
1.719839759818128044e+01 5.386004340834915638e-05
1.800893310578564055e+01 4.955695476382970810e-05
1.885766797500709657e+01 4.522987728705629706e-05
1.974640248629512840e+01 4.282599547877907753e-05
2.067702176470289288e+01 4.027828981634229422e-05
2.165149977849018725e+01 3.741016189451329410e-05
2.267190352617480542e+01 3.375778396730311215e-05
2.374039742091349581e+01 3.058682705159299076e-05
2.485924788151246645e+01 2.832679638231638819e-05
2.603082813980554988e+01 2.565419890743214637e-05
2.725762327459708345e+01 2.214683627244085073e-05
2.854223548284724998e+01 2.026126639975700527e-05
2.988738959928070926e+01 1.764278931659646332e-05
3.129593887612636749e+01 1.561340468470007181e-05
3.277087103524790734e+01 1.471350060455733910e-05
3.431531460550241519e+01 1.180728031613398343e-05
3.593254555876957568e+01 8.834662367007695138e-06
3.762599425872718228e+01 8.204091500374488533e-06
3.939925273711248366e+01 8.661001629661768675e-06
4.125608231290302541e+01 8.154521310643758625e-06
4.320042157057854126e+01 6.761028998880647123e-06
4.523639471438667670e+01 6.163118996482808143e-06
4.736832031633310436e+01 5.925450750510208309e-06
4.960072047645179083e+01 4.950687070959247649e-06
5.193833041478545454e+01 3.621663609010283835e-06
5.438610851542216551e+01 3.560811819625087082e-06
5.694924684389268066e+01 3.517525101415230893e-06
5.963318216023762375e+01 2.124066440956084989e-06
6.244360745110442679e+01 3.990839729794970481e-07
6.538648400533530491e+01 7.167737976487842388e-07
6.846805405866012961e+01 7.356356377385964151e-07
7.169485403431528425e+01 1.057264739756647032e-06
7.507372840767374100e+01 6.927314188942546025e-07
7.861184422429498397e+01 3.136217507915262104e-09
8.231670630218950180e+01 -7.978260896379651967e-07
8.619617315054402695e+01 -7.303333973140979651e-07
9.025847363867310946e+01 -6.075021588003437500e-07
9.451222445055417154e+01 7.844832339287677314e-08
9.896644836196954031e+01 2.813250432609493146e-07
1.036305933790234661e+02 1.875806674433988519e-07
1.085145527786299908e+02 2.998243644469766878e-07
1.136286860934795442e+02 -2.701667938254104229e-07
1.189838410859966729e+02 -5.346563511920976453e-07
1.245913767578986722e+02 -1.745419126564229373e-06
1.304631874441610364e+02 -1.304726083617424592e-06
1.366117280424967078e+02 -1.107623688767489512e-06
1.430500404318639198e+02 3.358525475505302893e-07
1.497917811360401572e+02 1.004108369784262322e-07
1.568512502909396744e+02 2.009734544117236510e-06
1.642434219771199082e+02 1.191515821119537577e-06
1.719839759818127902e+02 -8.181077078006637748e-07
1.800893310578564126e+02 -6.424406819860450923e-07
1.885766797500709799e+02 -2.207377747254213318e-07
1.974640248629512769e+02 -1.983249376280582510e-06
2.067702176470289146e+02 -5.328938641468994319e-07
2.165149977849018796e+02 -4.856525492868968286e-07
2.267190352617481608e+02 -4.293783149478258565e-06
