2.374039742091349145e-02 6.322528013158652989e-03
4.736832031633308321e-02 6.041477842728673261e-03
6.846805405866014660e-02 5.777824107549981922e-03
9.451222445055411370e-02 5.576078452793351362e-03
1.136286860934795223e-01 5.416857612547351132e-03
1.366117280424966329e-01 5.275784802688429122e-03
1.642434219771199688e-01 5.142385793629412373e-03
1.885766797500710024e-01 5.017119336723680628e-03
2.067702176470289366e-01 4.901806982722885578e-03
2.374039742091349214e-01 4.795005866031879643e-03
2.603082813980555077e-01 4.693093518699051336e-03
2.725762327459708700e-01 4.593863681047243887e-03
2.988738959928071148e-01 4.498142962408279918e-03
3.277087103524789491e-01 4.406940457735362450e-03
3.431531460550240054e-01 4.319352218335104597e-03
3.762599425872716896e-01 4.234257212129779839e-03
3.939925273711246678e-01 4.150738625903266886e-03
4.125608231290300298e-01 4.068403510101402908e-03
4.320042157057852328e-01 3.988667648303027141e-03
4.736832031633308460e-01 3.912482082650251339e-03
4.960072047645178728e-01 3.838932690944610749e-03
5.193833041478548296e-01 3.766276307758040665e-03
5.438610851542219349e-01 3.693683605451348034e-03
5.694924684389270908e-01 3.588360786159121817e-03
5.963318216023762997e-01 3.488177257134851463e-03
6.244360745110443256e-01 3.423942164920092471e-03
6.538648400533531024e-01 3.361658311661408494e-03
6.846805405866013272e-01 3.270471158069524972e-03
7.169485403431529180e-01 3.182190550440130647e-03
7.507372840767374544e-01 3.099994022261116141e-03
7.861184422429497998e-01 3.020018493594271540e-03
8.231670630218950180e-01 2.939649625002985905e-03
8.619617315054403095e-01 2.834209866474334850e-03
9.025847363867310902e-01 2.760567048357736013e-03
9.451222445055416088e-01 2.691565996712256062e-03
9.896644836196951678e-01 2.602290152593478810e-03
1.036305933790234501e+00 2.516772012109693042e-03
1.085145527786299802e+00 2.436255564374489868e-03
1.136286860934794696e+00 2.341324300318830664e-03
1.189838410859966222e+00 2.253341645574888537e-03
1.245913767578986198e+00 2.187263545249775072e-03
1.304631874441609662e+00 2.101581439132441716e-03
1.366117280424966163e+00 2.003852773808747958e-03
1.430500404318638674e+00 1.913103386095482391e-03
1.497917811360400808e+00 1.830758266567281307e-03
1.568512502909397810e+00 1.747639246361622775e-03
1.642434219771200077e+00 1.669943152144531470e-03
1.719839759818128755e+00 1.600652105289542644e-03
1.800893310578565165e+00 1.523544433183360866e-03
1.885766797500710190e+00 1.438531780603911642e-03
1.974640248629512929e+00 1.359258241215263816e-03
2.067702176470289199e+00 1.282148990145619890e-03
2.165149977849019081e+00 1.217870383853315039e-03
2.267190352617480364e+00 1.159956564244431741e-03
2.374039742091349048e+00 1.095542415920811811e-03
2.485924788151246734e+00 1.021895192376763486e-03
2.603082813980555077e+00 9.576251335833481934e-04
2.725762327459708700e+00 8.912423897869426207e-04
2.854223548284725354e+00 8.202415207698002036e-04
2.988738959928070926e+00 7.626896936255554184e-04
3.129593887612636571e+00 6.952092490685902060e-04
3.277087103524790379e+00 6.238449304994562669e-04
3.431531460550241608e+00 5.655652537081371509e-04
3.593254555876957745e+00 5.133170148532175108e-04
3.762599425872718673e+00 4.743256570767800809e-04
3.939925273711248010e+00 4.467287122089144799e-04
4.125608231290302186e+00 4.220160170005576384e-04
4.320042157057854659e+00 4.014550442133619189e-04
4.523639471438666959e+00 3.743972355107220355e-04
4.736832031633308127e+00 3.431502723073594067e-04
4.960072047645175175e+00 3.187478477060362559e-04
5.193833041478544743e+00 2.979450397759673312e-04
5.438610851542216906e+00 2.886773256009937455e-04
5.694924684389268243e+00 2.914550082267435937e-04
5.963318216023761664e+00 2.890310270759061649e-04
6.244360745110442146e+00 2.767677344850661119e-04
6.538648400533531024e+00 2.599204375381137231e-04
6.846805405866013494e+00 2.414929186688315698e-04
7.169485403431528958e+00 2.149784193192759982e-04
7.507372840767374989e+00 1.880414859141135632e-04
7.861184422429498220e+00 1.717196414723833227e-04
8.231670630218948403e+00 1.556713104020636656e-04
8.619617315054401985e+00 1.465492666064403978e-04
9.025847363867310236e+00 1.293918135860551563e-04
9.451222445055416088e+00 1.169600369500503107e-04
9.896644836196950124e+00 1.047995720591191206e-04
1.036305933790234590e+01 9.240356150095673600e-05
1.085145527786299979e+01 9.151434051549362826e-05
1.136286860934795584e+01 9.627768901436236997e-05
1.189838410859966977e+01 1.046475846759031949e-04
1.245913767578986686e+01 1.143756193586173599e-04
1.304631874441610329e+01 1.154638087016991960e-04
1.366117280424967007e+01 1.131031945934369361e-04
1.430500404318639163e+01 9.804528544698678106e-05
1.497917811360400897e+01 9.544343419191900538e-05
1.568512502909397099e+01 7.496246309012586219e-05
1.642434219771199366e+01 5.090615453384174735e-05
1.719839759818128044e+01 5.037135575362180871e-05
1.800893310578564055e+01 5.658470578736310230e-05
1.885766797500709657e+01 6.161050952841163827e-05
1.974640248629512840e+01 7.581526352122230461e-05
2.067702176470289288e+01 8.856501387623897411e-05
2.165149977849018725e+01 6.761440022091944123e-05
2.267190352617480542e+01 3.086283689909890090e-05
2.374039742091349581e+01 1.589783205147121033e-05
2.485924788151246645e+01 2.022065361498200922e-05
2.603082813980554988e+01 3.995733003353536236e-05
2.725762327459708345e+01 3.348454260405294309e-05
2.854223548284724998e+01 3.783283411954087999e-05
2.988738959928070926e+01 5.027439328399953744e-05
3.129593887612636749e+01 3.498732114450131396e-05
3.277087103524790734e+01 2.416388246041314573e-05
3.431531460550241519e+01 8.552328021121104694e-06
3.593254555876957568e+01 1.855920148752025114e-05
3.762599425872718228e+01 2.192723954432371670e-05
3.939925273711248366e+01 9.796475732050769237e-06
4.125608231290302541e+01 -2.006288399787501900e-06
4.320042157057854126e+01 1.303944212731785173e-05
4.523639471438667670e+01 1.092476933454167241e-05
4.736832031633310436e+01 2.513717976076331891e-05
4.960072047645179083e+01 7.834769998099738709e-06
5.193833041478545454e+01 8.514184409674198657e-06
5.438610851542216551e+01 1.623982125317690860e-05
5.694924684389268066e+01 4.263022902332150370e-06
5.963318216023762375e+01 -1.557399010003730118e-05
6.244360745110442679e+01 -1.070605131050030134e-05
6.538648400533530491e+01 -8.672604715602165080e-06
6.846805405866012961e+01 -1.658286840365811403e-05
7.169485403431528425e+01 -1.313146824310362651e-05
7.507372840767374100e+01 -1.128276491171386675e-05
7.861184422429498397e+01 -8.967451057530860035e-06
8.231670630218950180e+01 -3.105619197417842491e-05
8.619617315054402695e+01 -3.708197022483214848e-06
9.025847363867310946e+01 -1.216297875122214535e-05
9.451222445055417154e+01 -9.595462657976202328e-06
9.896644836196954031e+01 -4.225075648312144526e-06
1.036305933790234661e+02 5.056883806087778598e-06
1.085145527786299908e+02 -6.440572260840338283e-08
1.136286860934795442e+02 4.426953282471986101e-06
1.189838410859966729e+02 -1.954913226114389711e-06
1.245913767578986722e+02 -6.664317671108388160e-06
1.304631874441610364e+02 5.002247823598652910e-06
1.366117280424967078e+02 -2.753897542538858928e-05
1.430500404318639198e+02 -1.188342927095938223e-06
1.497917811360401572e+02 1.280453482929190153e-06
1.568512502909396744e+02 -2.761239782493238914e-05
1.642434219771199082e+02 -1.119805180978574713e-05
1.719839759818127902e+02 -3.121765796931178226e-05
1.800893310578564126e+02 -4.933170684845850074e-05
1.885766797500709799e+02 2.323728570476115066e-05
1.974640248629512769e+02 1.623209263864246069e-05
2.067702176470289146e+02 7.564515303124545486e-06
2.165149977849018796e+02 -5.076312884949945144e-05
2.267190352617481608e+02 -1.187564839555293100e-05
