2.374039742091349145e-02 6.386769319743787476e-03
4.736832031633308321e-02 6.107208635052380728e-03
6.846805405866014660e-02 5.846626169291184102e-03
9.451222445055411370e-02 5.647561578289248679e-03
1.136286860934795223e-01 5.488480050974461205e-03
1.366117280424966329e-01 5.346132524255827086e-03
1.642434219771199688e-01 5.213555177422508902e-03
1.885766797500710024e-01 5.090406747988626343e-03
2.067702176470289366e-01 4.975942202279294568e-03
2.374039742091349214e-01 4.868743340300348693e-03
2.603082813980555077e-01 4.767119702364371742e-03
2.725762327459708700e-01 4.669769957783807823e-03
2.988738959928071148e-01 4.574975625919596757e-03
3.277087103524789491e-01 4.481804878265524365e-03
3.431531460550240054e-01 4.391006538776259099e-03
3.762599425872716896e-01 4.303653011889493028e-03
3.939925273711246678e-01 4.219272515006262068e-03
4.125608231290300298e-01 4.136003662126601886e-03
4.320042157057852328e-01 4.052815530395998365e-03
4.736832031633308460e-01 3.970980646677860389e-03
4.960072047645178728e-01 3.892530756171195920e-03
5.193833041478548296e-01 3.817839170098729761e-03
5.438610851542219349e-01 3.746325397872913437e-03
5.694924684389270908e-01 3.643354696020349118e-03
5.963318216023762997e-01 3.543579318604096490e-03
6.244360745110443256e-01 3.480236614068326403e-03
6.538648400533531024e-01 3.419865188306564149e-03
6.846805405866013272e-01 3.331215171451318638e-03
7.169485403431529180e-01 3.241564573168262148e-03
7.507372840767374544e-01 3.151671230466429781e-03
7.861184422429497998e-01 3.063043463436437332e-03
8.231670630218950180e-01 2.978704366267339795e-03
8.619617315054403095e-01 2.879219269322967276e-03
9.025847363867310902e-01 2.811342856042934983e-03
9.451222445055416088e-01 2.742962574969739185e-03
9.896644836196951678e-01 2.649973619608716243e-03
1.036305933790234501e+00 2.556781086906635692e-03
1.085145527786299802e+00 2.464828910593524700e-03
1.136286860934794696e+00 2.354655757671782288e-03
1.189838410859966222e+00 2.252008749795950809e-03
1.245913767578986198e+00 2.177504485799872797e-03
1.304631874441609662e+00 2.084971802553816072e-03
1.366117280424966163e+00 1.971893101945746719e-03
1.430500404318638674e+00 1.867591635289526540e-03
1.497917811360400808e+00 1.774313750437607690e-03
1.568512502909397810e+00 1.693542012851095542e-03
1.642434219771200077e+00 1.618820674851527072e-03
1.719839759818128755e+00 1.554219608853922921e-03
1.800893310578565165e+00 1.478712203051026162e-03
1.885766797500710190e+00 1.393931566264295600e-03
1.974640248629512929e+00 1.317519235202767921e-03
2.067702176470289199e+00 1.253132751604597254e-03
2.165149977849019081e+00 1.196914696326652249e-03
2.267190352617480364e+00 1.142735823110141435e-03
2.374039742091349048e+00 1.084077794933928059e-03
2.485924788151246734e+00 1.022341595728465001e-03
2.603082813980555077e+00 9.673992918127240215e-04
2.725762327459708700e+00 9.199424307499682284e-04
2.854223548284725354e+00 8.702187105891336181e-04
2.988738959928070926e+00 8.244645260864720332e-04
3.129593887612636571e+00 7.856606607083031551e-04
3.277087103524790379e+00 7.406311508093400093e-04
3.431531460550241608e+00 6.922282960900469307e-04
3.593254555876957745e+00 6.405703877754535943e-04
3.762599425872718673e+00 5.925024064487215353e-04
3.939925273711248010e+00 5.456325567401008490e-04
4.125608231290302186e+00 4.980676921589603963e-04
4.320042157057854659e+00 4.547671645439034234e-04
4.523639471438666959e+00 4.071325698459819700e-04
4.736832031633308127e+00 3.583689162108171433e-04
4.960072047645175175e+00 3.231358938409733530e-04
5.193833041478544743e+00 2.863749142118040170e-04
5.438610851542216906e+00 2.578509763687178154e-04
5.694924684389268243e+00 2.346605143980661412e-04
5.963318216023761664e+00 2.158894039789995098e-04
6.244360745110442146e+00 2.060659269723847428e-04
6.538648400533531024e+00 1.948602095170293646e-04
6.846805405866013494e+00 1.793594811877253549e-04
7.169485403431528958e+00 1.511098196789823151e-04
7.507372840767374989e+00 1.343527566400258793e-04
7.861184422429498220e+00 1.299144817713591515e-04
8.231670630218948403e+00 1.172359393929382320e-04
8.619617315054401985e+00 1.094136362490772725e-04
9.025847363867310236e+00 1.107013154638394003e-04
9.451222445055416088e+00 1.111712927750830774e-04
9.896644836196950124e+00 1.097061255946104187e-04
1.036305933790234590e+01 1.066104507139785742e-04
1.085145527786299979e+01 1.020919220772087177e-04
1.136286860934795584e+01 9.128720095048011452e-05
1.189838410859966977e+01 5.643343473748318155e-05
1.245913767578986686e+01 4.611564344298759306e-05
1.304631874441610329e+01 4.728710542953848178e-05
1.366117280424967007e+01 4.788695963671295742e-05
1.430500404318639163e+01 6.255717710333579874e-05
1.497917811360400897e+01 6.720914855453320356e-05
1.568512502909397099e+01 4.964813927051077636e-05
1.642434219771199366e+01 2.524990604801948704e-05
1.719839759818128044e+01 2.080370620045646438e-05
1.800893310578564055e+01 4.042252219056560953e-05
1.885766797500709657e+01 5.750785537790685531e-05
1.974640248629512840e+01 7.146830981839858452e-05
2.067702176470289288e+01 6.567558727062719904e-05
2.165149977849018725e+01 4.899080412899291573e-05
2.267190352617480542e+01 2.942408489112173175e-05
2.374039742091349581e+01 9.586756599101950641e-06
2.485924788151246645e+01 1.155839751610192775e-05
2.603082813980554988e+01 2.638382152851291644e-05
2.725762327459708345e+01 3.264220368796843239e-05
2.854223548284724998e+01 1.804139641457899751e-05
2.988738959928070926e+01 2.150844327286046946e-05
3.129593887612636749e+01 1.623085734676328761e-05
3.277087103524790734e+01 7.789259709529733100e-06
3.431531460550241519e+01 -6.013547041819431497e-06
3.593254555876957568e+01 -3.884579127323505841e-06
3.762599425872718228e+01 -1.340141579716301715e-06
3.939925273711248366e+01 1.104166128937957681e-05
4.125608231290302541e+01 -2.074860584152122953e-05
4.320042157057854126e+01 -1.965959452032102402e-05
4.523639471438667670e+01 -9.902998455621720380e-06
4.736832031633310436e+01 -9.843338311760647455e-06
4.960072047645179083e+01 -1.770461578234082376e-05
5.193833041478545454e+01 5.231056523469285824e-07
5.438610851542216551e+01 9.338129587844953982e-07
5.694924684389268066e+01 -1.486464867389724401e-05
5.963318216023762375e+01 -6.683478716949190121e-06
6.244360745110442679e+01 -5.637802275428797869e-07
6.538648400533530491e+01 4.953971620550992063e-07
6.846805405866012961e+01 1.230934836156167054e-05
7.169485403431528425e+01 -3.559987336518982164e-08
7.507372840767374100e+01 5.840232963864199593e-06
7.861184422429498397e+01 6.923373174574971002e-06
8.231670630218950180e+01 -5.555898405764287640e-06
8.619617315054402695e+01 -2.057945634470355922e-05
9.025847363867310946e+01 -1.691790058499314682e-05
9.451222445055417154e+01 -8.513466003165475000e-06
9.896644836196954031e+01 2.301397861046878480e-06
1.036305933790234661e+02 4.190717459447303145e-06
1.085145527786299908e+02 -1.319122645596884978e-05
1.136286860934795442e+02 1.125072598226620481e-05
1.189838410859966729e+02 1.179299564101336890e-05
1.245913767578986722e+02 -2.574638361941829078e-06
1.304631874441610364e+02 -2.059170717022662292e-05
1.366117280424967078e+02 -2.239339266473398395e-05
1.430500404318639198e+02 8.198637284577618118e-07
1.497917811360401572e+02 -4.759996490030919171e-05
1.568512502909396744e+02 -2.826930962433933059e-05
1.642434219771199082e+02 -6.773083081933280738e-06
1.719839759818127902e+02 2.006894423859171265e-05
1.800893310578564126e+02 1.682139858060402844e-05
1.885766797500709799e+02 2.265595885146150964e-05
1.974640248629512769e+02 1.125765490247869549e-05
2.067702176470289146e+02 9.953639414415184968e-06
2.165149977849018796e+02 3.976401288284066228e-05
2.267190352617481608e+02 7.701024735548668901e-05
