2.374039742091349145e-02 6.378769408911466599e-03
4.736832031633308321e-02 6.096560508012771606e-03
6.846805405866014660e-02 5.832565948367118835e-03
9.451222445055411370e-02 5.630531348288059235e-03
1.136286860934795223e-01 5.470796488225460052e-03
1.366117280424966329e-01 5.329681560397148132e-03
1.642434219771199688e-01 5.198207683861255646e-03
1.885766797500710024e-01 5.075521301478147507e-03
2.067702176470289366e-01 4.961533471941947937e-03
2.374039742091349214e-01 4.854711703956127167e-03
2.603082813980555077e-01 4.753168672323226929e-03
2.725762327459708700e-01 4.655979108065366745e-03
2.988738959928071148e-01 4.562321119010448456e-03
3.277087103524789491e-01 4.472275264561176300e-03
3.431531460550240054e-01 4.385222215205430984e-03
3.762599425872716896e-01 4.300907254219055176e-03
3.939925273711246678e-01 4.219068679958581924e-03
4.125608231290300298e-01 4.139406140893697739e-03
4.320042157057852328e-01 4.062008578330278397e-03
4.736832031633308460e-01 3.986515570431947708e-03
4.960072047645178728e-01 3.912969026714563370e-03
5.193833041478548296e-01 3.841579193249344826e-03
5.438610851542219349e-01 3.771913470700383186e-03
5.694924684389270908e-01 3.671140642836689949e-03
5.963318216023762997e-01 3.573797643184661865e-03
6.244360745110443256e-01 3.510939888656139374e-03
6.538648400533531024e-01 3.449743147939443588e-03
6.846805405866013272e-01 3.360840259119868279e-03
7.169485403431529180e-01 3.274594200775027275e-03
7.507372840767374544e-01 3.191355150192975998e-03
7.861184422429497998e-01 3.110432531684637070e-03
8.231670630218950180e-01 3.032665466889739037e-03
8.619617315054403095e-01 2.932722214609384537e-03
9.025847363867310902e-01 2.860550535842776299e-03
9.451222445055416088e-01 2.791040576994419098e-03
9.896644836196951678e-01 2.701846417039632797e-03
1.036305933790234501e+00 2.616371726617217064e-03
1.085145527786299802e+00 2.534221857786178589e-03
1.136286860934794696e+00 2.436289330944418907e-03
1.189838410859966222e+00 2.342693740501999855e-03
1.245913767578986198e+00 2.271327655762434006e-03
1.304631874441609662e+00 2.186398254707455635e-03
1.366117280424966163e+00 2.089495072141289711e-03
1.430500404318638674e+00 1.997647108510136604e-03
1.497917811360400808e+00 1.911010476760566235e-03
1.568512502909397810e+00 1.829610206186771393e-03
1.642434219771200077e+00 1.753001473844051361e-03
1.719839759818128755e+00 1.680544461123645306e-03
1.800893310578565165e+00 1.601115916855633259e-03
1.885766797500710190e+00 1.516218879260122776e-03
1.974640248629512929e+00 1.437140977941453457e-03
2.067702176470289199e+00 1.363602699711918831e-03
2.165149977849019081e+00 1.294860849156975746e-03
2.267190352617480364e+00 1.231147092767059803e-03
2.374039742091349048e+00 1.164724584668874741e-03
2.485924788151246734e+00 1.096415333449840546e-03
2.603082813980555077e+00 1.033171312883496284e-03
2.725762327459708700e+00 9.693021420389413834e-04
2.854223548284725354e+00 9.105296921916306019e-04
2.988738959928070926e+00 8.571273647248744965e-04
3.129593887612636571e+00 7.996971835382282734e-04
3.277087103524790379e+00 7.476643077097833157e-04
3.431531460550241608e+00 7.005188381299376488e-04
3.593254555876957745e+00 6.541659240610897541e-04
3.762599425872718673e+00 6.128898821771144867e-04
3.939925273711248010e+00 5.730934208258986473e-04
4.125608231290302186e+00 5.348393460735678673e-04
4.320042157057854659e+00 4.991221940144896507e-04
4.523639471438666959e+00 4.646308370865881443e-04
4.736832031633308127e+00 4.339382285252213478e-04
4.960072047645175175e+00 4.052719159517437220e-04
5.193833041478544743e+00 3.765432047657668591e-04
5.438610851542216906e+00 3.503951011225581169e-04
5.694924684389268243e+00 3.261045494582504034e-04
5.963318216023761664e+00 3.021292795892804861e-04
6.244360745110442146e+00 2.806828997563570738e-04
6.538648400533531024e+00 2.605978224892169237e-04
6.846805405866013494e+00 2.419866068521514535e-04
7.169485403431528958e+00 2.246012154500931501e-04
7.507372840767374989e+00 2.086246677208691835e-04
7.861184422429498220e+00 1.952271995833143592e-04
8.231670630218948403e+00 1.814085262594744563e-04
8.619617315054401985e+00 1.672307262197136879e-04
9.025847363867310236e+00 1.555992348585277796e-04
9.451222445055416088e+00 1.448029070161283016e-04
9.896644836196950124e+00 1.355068670818582177e-04
1.036305933790234590e+01 1.265297905774787068e-04
1.085145527786299979e+01 1.168407834484241903e-04
1.136286860934795584e+01 1.084728210116736591e-04
1.189838410859966977e+01 1.005255835480056703e-04
1.245913767578986686e+01 9.402279829373583198e-05
1.304631874441610329e+01 8.844758849591016769e-05
1.366117280424967007e+01 8.227763464674353600e-05
1.430500404318639163e+01 7.612339686602354050e-05
1.497917811360400897e+01 7.059561903588473797e-05
1.568512502909397099e+01 6.581675552297383547e-05
1.642434219771199366e+01 6.135909643489867449e-05
1.719839759818128044e+01 5.662413968821056187e-05
1.800893310578564055e+01 5.112287544761784375e-05
1.885766797500709657e+01 4.705468018073588610e-05
1.974640248629512840e+01 4.394948700792156160e-05
2.067702176470289288e+01 4.050575444125570357e-05
2.165149977849018725e+01 3.641382500063627958e-05
2.267190352617480542e+01 3.347712117829360068e-05
2.374039742091349581e+01 2.939057594630867243e-05
2.485924788151246645e+01 2.691133522603195161e-05
2.603082813980554988e+01 2.470732033543754369e-05
2.725762327459708345e+01 2.284307447553146631e-05
2.854223548284724998e+01 2.044835127890110016e-05
2.988738959928070926e+01 1.850061198638286442e-05
3.129593887612636749e+01 1.632837847864720970e-05
3.277087103524790734e+01 1.382168284180806950e-05
3.431531460550241519e+01 1.205687567562563345e-05
3.593254555876957568e+01 1.087568944058148190e-05
3.762599425872718228e+01 9.221977961715310812e-06
3.939925273711248366e+01 8.315011655213311315e-06
4.125608231290302541e+01 7.680105227336753160e-06
4.320042157057854126e+01 6.243420102691743523e-06
4.523639471438667670e+01 6.157282768981531262e-06
4.736832031633310436e+01 5.048060302215162665e-06
4.960072047645179083e+01 3.734957545020733960e-06
5.193833041478545454e+01 3.272433559686760418e-06
5.438610851542216551e+01 3.226395165256690234e-06
5.694924684389268066e+01 2.828046717695542611e-06
5.963318216023762375e+01 1.975077111637801863e-06
6.244360745110442679e+01 1.934030933625763282e-06
6.538648400533530491e+01 1.612300934539234731e-06
6.846805405866012961e+01 6.386153472703881562e-07
7.169485403431528425e+01 1.560076384521380533e-06
7.507372840767374100e+01 6.361825057865644339e-07
7.861184422429498397e+01 5.509688776328403037e-07
8.231670630218950180e+01 -5.103257763039437123e-07
8.619617315054402695e+01 3.726170234585879371e-07
9.025847363867310946e+01 8.530054742550419178e-07
9.451222445055417154e+01 -7.522117471125966404e-07
9.896644836196954031e+01 2.314664548919154186e-08
1.036305933790234661e+02 1.788254024859270430e-07
1.085145527786299908e+02 1.584801623266685056e-07
1.136286860934795442e+02 1.383971266477601603e-07
1.189838410859966729e+02 1.452895332931802841e-07
1.245913767578986722e+02 6.517006454487273004e-07
1.304631874441610364e+02 -9.589139153831638396e-07
1.366117280424967078e+02 -3.628859133186779218e-07
1.430500404318639198e+02 1.108689815509933396e-07
1.497917811360401572e+02 -7.732419362582731992e-07
1.568512502909396744e+02 -1.648851224445024855e-07
1.642434219771199082e+02 -4.926248493575258180e-07
1.719839759818127902e+02 1.144555540122382808e-06
1.800893310578564126e+02 6.901922802171611693e-07
1.885766797500709799e+02 1.799313054107187781e-07
1.974640248629512769e+02 2.444151050440268591e-06
2.067702176470289146e+02 3.678144935292948503e-07
2.165149977849018796e+02 2.614576942505664192e-06
2.267190352617481608e+02 -2.489553253326448612e-06
