2.374039742091349145e-02 6.380883976817131042e-03
4.736832031633308321e-02 6.098558194935321808e-03
6.846805405866014660e-02 5.834568291902542114e-03
9.451222445055411370e-02 5.632639862596988678e-03
1.136286860934795223e-01 5.472686141729354858e-03
1.366117280424966329e-01 5.330963991582393646e-03
1.642434219771199688e-01 5.198804661631584167e-03
1.885766797500710024e-01 5.075414665043354034e-03
2.067702176470289366e-01 4.960780963301658630e-03
2.374039742091349214e-01 4.853602964431047440e-03
2.603082813980555077e-01 4.751844331622123718e-03
2.725762327459708700e-01 4.654508084058761597e-03
2.988738959928071148e-01 4.560770001262426376e-03
3.277087103524789491e-01 4.470283165574073792e-03
3.431531460550240054e-01 4.382839892059564590e-03
3.762599425872716896e-01 4.298114217817783356e-03
3.939925273711246678e-01 4.216140136122703552e-03
4.125608231290300298e-01 4.136702045798301697e-03
4.320042157057852328e-01 4.059462342411279678e-03
4.736832031633308460e-01 3.984324634075164795e-03
4.960072047645178728e-01 3.911234904080629349e-03
5.193833041478548296e-01 3.840035293251276016e-03
5.438610851542219349e-01 3.770475974306464195e-03
5.694924684389270908e-01 3.669545287266373634e-03
5.963318216023762997e-01 3.572081215679645538e-03
6.244360745110443256e-01 3.509255591779947281e-03
6.538648400533531024e-01 3.447927301749587059e-03
6.846805405866013272e-01 3.358561778441071510e-03
7.169485403431529180e-01 3.271891269832849503e-03
7.507372840767374544e-01 3.188735339790582657e-03
7.861184422429497998e-01 3.108124015852808952e-03
8.231670630218950180e-01 3.030516672879457474e-03
8.619617315054403095e-01 2.930797170847654343e-03
9.025847363867310902e-01 2.858710475265979767e-03
9.451222445055416088e-01 2.789034973829984665e-03
9.896644836196951678e-01 2.699541859328746796e-03
1.036305933790234501e+00 2.613748889416456223e-03
1.085145527786299802e+00 2.531480044126510620e-03
1.136286860934794696e+00 2.433519111946225166e-03
1.189838410859966222e+00 2.339665312319993973e-03
1.245913767578986198e+00 2.268046140670776367e-03
1.304631874441609662e+00 2.182904863730072975e-03
1.366117280424966163e+00 2.086315071210265160e-03
1.430500404318638674e+00 1.995376544073224068e-03
1.497917811360400808e+00 1.909216865897178650e-03
1.568512502909397810e+00 1.827739994041621685e-03
1.642434219771200077e+00 1.750725903548300266e-03
1.719839759818128755e+00 1.677952590398490429e-03
1.800893310578565165e+00 1.598267699591815472e-03
1.885766797500710190e+00 1.512595801614224911e-03
1.974640248629512929e+00 1.433019293472170830e-03
2.067702176470289199e+00 1.359296846203505993e-03
2.165149977849019081e+00 1.290752319619059563e-03
2.267190352617480364e+00 1.226751250214874744e-03
2.374039742091349048e+00 1.159598468802869320e-03
2.485924788151246734e+00 1.090984093025326729e-03
2.603082813980555077e+00 1.028062542900443077e-03
2.725762327459708700e+00 9.649072890169918537e-04
2.854223548284725354e+00 9.069591760635375977e-04
2.988738959928070926e+00 8.538915426470339298e-04
3.129593887612636571e+00 7.971338345669209957e-04
3.277087103524790379e+00 7.458475301973521709e-04
3.431531460550241608e+00 6.990022957324981689e-04
3.593254555876957745e+00 6.533762207254767418e-04
3.762599425872718673e+00 6.120320176705718040e-04
3.939925273711248010e+00 5.721612833440303802e-04
4.125608231290302186e+00 5.344167002476751804e-04
4.320042157057854659e+00 4.981468664482235909e-04
4.523639471438666959e+00 4.638100799638777971e-04
4.736832031633308127e+00 4.328523064032196999e-04
4.960072047645175175e+00 4.038425104226917028e-04
5.193833041478544743e+00 3.751114127226173878e-04
5.438610851542216906e+00 3.496914578136056662e-04
5.694924684389268243e+00 3.254538751207292080e-04
5.963318216023761664e+00 3.007107297889888287e-04
6.244360745110442146e+00 2.790041326079517603e-04
6.538648400533531024e+00 2.590618096292018890e-04
6.846805405866013494e+00 2.405105624347925186e-04
7.169485403431528958e+00 2.227318036602810025e-04
7.507372840767374989e+00 2.057069068541750312e-04
7.861184422429498220e+00 1.904665114125236869e-04
8.231670630218948403e+00 1.769192167557775974e-04
8.619617315054401985e+00 1.643671857891604304e-04
9.025847363867310236e+00 1.539905788376927376e-04
9.451222445055416088e+00 1.443846995243802667e-04
9.896644836196950124e+00 1.354353880742564797e-04
1.036305933790234590e+01 1.267271727556362748e-04
1.085145527786299979e+01 1.182594933197833598e-04
1.136286860934795584e+01 1.101118687074631453e-04
1.189838410859966977e+01 1.030654093483462930e-04
1.245913767578986686e+01 9.633134322939440608e-05
1.304631874441610329e+01 8.899830572772771120e-05
1.366117280424967007e+01 8.262885239673778415e-05
1.430500404318639163e+01 7.696245302213355899e-05
1.497917811360400897e+01 7.092435407685115933e-05
1.568512502909397099e+01 6.501722964458167553e-05
1.642434219771199366e+01 6.056464189896360040e-05
1.719839759818128044e+01 5.705859439331106842e-05
1.800893310578564055e+01 5.299023541738279164e-05
1.885766797500709657e+01 4.887605246040038764e-05
1.974640248629512840e+01 4.439735494088381529e-05
2.067702176470289288e+01 4.083086241735145450e-05
2.165149977849018725e+01 3.782999192480929196e-05
2.267190352617480542e+01 3.445637048571370542e-05
2.374039742091349581e+01 3.203144660801626742e-05
2.485924788151246645e+01 2.787489029287826270e-05
2.603082813980554988e+01 2.489649523340631276e-05
2.725762327459708345e+01 2.290231532242614776e-05
2.854223548284724998e+01 2.149216925317887217e-05
2.988738959928070926e+01 1.890388193714898080e-05
3.129593887612636749e+01 1.645437805564142764e-05
3.277087103524790734e+01 1.539552795293275267e-05
3.431531460550241519e+01 1.413747850165236741e-05
3.593254555876957568e+01 1.321941817877814174e-05
3.762599425872718228e+01 1.076520857168361545e-05
3.939925273711248366e+01 8.949188668339047581e-06
4.125608231290302541e+01 8.181835255527403206e-06
4.320042157057854126e+01 8.032224286580458283e-06
4.523639471438667670e+01 8.235370842157863081e-06
4.736832031633310436e+01 5.698382210539421067e-06
4.960072047645179083e+01 4.778095444635255262e-06
5.193833041478545454e+01 4.404921583045506850e-06
5.438610851542216551e+01 2.893025111916358583e-06
5.694924684389268066e+01 3.128810476482613012e-06
5.963318216023762375e+01 2.764123792076134123e-06
6.244360745110442679e+01 1.919362830449244939e-06
6.538648400533530491e+01 2.651979002621374093e-06
6.846805405866012961e+01 2.909301429099286906e-06
7.169485403431528425e+01 2.786504182950011455e-06
7.507372840767374100e+01 5.787547365798673127e-07
7.861184422429498397e+01 4.746167689972935477e-07
8.231670630218950180e+01 9.963973752746824175e-07
8.619617315054402695e+01 2.023198021561256610e-06
9.025847363867310946e+01 1.390918328070256393e-06
9.451222445055417154e+01 1.747558968645535060e-07
9.896644836196954031e+01 -8.502913146912760567e-07
1.036305933790234661e+02 8.402915909755392931e-07
1.085145527786299908e+02 9.791109505385975353e-07
1.136286860934795442e+02 3.615622006236662855e-07
1.189838410859966729e+02 5.948107286712911446e-07
1.245913767578986722e+02 8.142362730723107234e-07
1.304631874441610364e+02 4.283214138922630809e-07
1.366117280424967078e+02 4.815881879949301947e-07
1.430500404318639198e+02 -5.235946218817844056e-07
1.497917811360401572e+02 -1.023597860694280826e-06
1.568512502909396744e+02 1.709812096351015498e-07
1.642434219771199082e+02 -6.832792109889851417e-07
1.719839759818127902e+02 1.255644633602059912e-06
1.800893310578564126e+02 -1.934326974151190370e-06
1.885766797500709799e+02 -2.629036998769151978e-06
1.974640248629512769e+02 8.002922413652413525e-08
2.067702176470289146e+02 4.207732217764714733e-06
2.165149977849018796e+02 3.332176447656820528e-06
2.267190352617481608e+02 -1.496594450145494193e-06
