4.402668768255080977e+03 1.109897285181741383e-02
8.702291228692711229e+03 1.036076190206029757e-02
1.276695311178296106e+04 8.396217380080468057e-03
1.720090168377494410e+04 8.235822824708957657e-03
2.128263827136110558e+04 7.563487800087660869e-03
2.633296208052036673e+04 7.288775568056285112e-03
2.992156217165216367e+04 6.202422729454584380e-03
3.399920905420426425e+04 6.085236718418629218e-03
3.863254898524766031e+04 5.925655175244348705e-03
4.389731063208368141e+04 5.597663704012077919e-03
4.779996890100366727e+04 4.851815674210586439e-03
5.204959014657664375e+04 5.392349594887706210e-03
5.667702085826511029e+04 5.011416802756922008e-03
5.914279763961255958e+04 3.609507259323114711e-03
6.440084477124233672e+04 3.856855253072275121e-03
7.012635473421998904e+04 3.440395864599738764e-03
7.317725498701544711e+04 3.431655704662517174e-03
7.636088696938366047e+04 3.315861276791505323e-03
8.314969572923782107e+04 3.156925804215616940e-03
8.676718631008510420e+04 3.026685771411168329e-03
9.054205856247972406e+04 3.027790976468565983e-03
9.448115949541462760e+04 2.771344365997869836e-03
9.859163400220239419e+04 2.772067494894570657e-03
1.028809378201585205e+05 2.816658527511977771e-03
1.073568510541054857e+05 2.721934423247881693e-03
1.120274922882271785e+05 2.624669419624147543e-03
1.169013333118703304e+05 2.228157753889888591e-03
1.219872144860027474e+05 1.980039174162763049e-03
1.272943607782017789e+05 2.078941446793641529e-03
1.328323984952562314e+05 2.158724371880735293e-03
1.386113727437329653e+05 1.848587992888244989e-03
1.446417656501793244e+05 1.714049051330704919e-03
1.509345153740085370e+05 1.763326794800992555e-03
1.575010359475556761e+05 1.541477673744861198e-03
1.643532379792899883e+05 1.545928515450771925e-03
1.715035502577361767e+05 1.446368389865694808e-03
1.789649422952906461e+05 1.369106716691698752e-03
1.867509478528242907e+05 1.268685631341446001e-03
1.948756894877398154e+05 1.218623486144542432e-03
2.033539041700111702e+05 1.048716808737578093e-03
2.122009700126690441e+05 1.107463729045432034e-03
2.214329341652157309e+05 1.047894558493036492e-03
2.310665419205641083e+05 9.512105181349844295e-04
2.411192670882964449e+05 8.668903489086802030e-04
2.516093436893345497e+05 8.690364175892279592e-04
2.625557990295107011e+05 8.004256015668244654e-04
2.739784882120293914e+05 7.796665360486583008e-04
2.858981301514200168e+05 6.962393530350942947e-04
2.983363451543037081e+05 6.838010682335745466e-04
3.113156941351395799e+05 6.630433223754245197e-04
3.248597195380828343e+05 5.981754538912078742e-04
3.389929880391783081e+05 5.751838098110484583e-04
3.537411351063454640e+05 5.561812600673276923e-04
3.691309114979797741e+05 5.072680720575713448e-04
3.851902317845114740e+05 5.118504980035718660e-04
4.019482249809301575e+05 4.634659302340220092e-04
4.194352873821160174e+05 4.264368263276730972e-04
4.376831376968135592e+05 4.457271831939870897e-04
4.567248745802495396e+05 4.270213646380113847e-04
4.765950366697513382e+05 3.971355686827536232e-04
4.973296652322599548e+05 3.665444398004738774e-04
5.189663695373723749e+05 3.387718914549823416e-04
5.415443950744859176e+05 3.225442216734959321e-04
5.651046947377803735e+05 3.048475438951843332e-04
5.896900031081594061e+05 2.934980649528409584e-04
6.153449139668828575e+05 2.861939980593806543e-04
6.421159611814880045e+05 2.594087783784323814e-04
6.700517031107150251e+05 2.546243593440920328e-04
6.992028106815317878e+05 2.371164984635035710e-04
7.296221592980173882e+05 2.287121656011628027e-04
7.613649247488108231e+05 2.288887156616699076e-04
7.944886832870859653e+05 2.181912656135682614e-04
8.290535160645822762e+05 2.117354870727640166e-04
8.651221181091159815e+05 2.081106091252812320e-04
9.027599120432425989e+05 2.072611470206861864e-04
9.420351667503338540e+05 1.875393125973732469e-04
9.830191212033140473e+05 1.817796167703039330e-04
1.025786113680658164e+06 1.759754086277172023e-04
1.070413716604031390e+06 1.690501530837686865e-04
1.116982877242140938e+06 1.609948648989755968e-04
1.165578064536016202e+06 1.570200541092589953e-04
1.216287422312036389e+06 1.495567649462580179e-04
1.269202929160604253e+06 1.426192214924066075e-04
1.324420565270459978e+06 1.402631726023675473e-04
1.382040486521255691e+06 1.371145691737490956e-04
1.442167206150155980e+06 1.345024093457182588e-04
1.504909784321977990e+06 1.307457475632661553e-04
1.570382025946733309e+06 1.290105948323021343e-04
1.638702687103363918e+06 1.238909885502877790e-04
1.709995690444097621e+06 1.185763090360258390e-04
1.784390349970143754e+06 1.168339067642973941e-04
1.862021605586416787e+06 1.135976694432576134e-04
1.943030267860745313e+06 1.109210354442163323e-04
2.027563273431514623e+06 1.098920018566011740e-04
2.115773951527012512e+06 1.082850582949752084e-04
2.207822302079902031e+06 1.062467392296633753e-04
2.303875285941275768e+06 1.035836640136767400e-04
2.404107127720690332e+06 1.008715804780947945e-04
2.508699631801488344e+06 9.973334976490333512e-05
2.617842512104606722e+06 9.906206439118470726e-05
2.731733736199009698e+06 9.822261791243584099e-05
2.850579884382903110e+06 9.715425825510170990e-05
2.974596524387058336e+06 9.520160942921324250e-05
3.104008602379877120e+06 9.405502927101079276e-05
3.239050850983437151e+06 9.315810632532119237e-05
3.379968215040580370e+06 9.134699176592507032e-05
3.527016295905329287e+06 9.034993729834128902e-05
3.680461815062484704e+06 8.916641426311088209e-05
3.840583097917342093e+06 8.848520337932377574e-05
4.007670578633065801e+06 8.743739181567320524e-05
4.182027326931377407e+06 8.654030103649918999e-05
4.363969597812118940e+06 8.589461856485451738e-05
4.553827405188770033e+06 8.529994143719130399e-05
4.751945120480441488e+06 8.450139254475400887e-05
4.958682097246030346e+06 8.412465926730032062e-05
5.174413322993571870e+06 8.349554632001442741e-05
5.399530099347066134e+06 8.315036536327130969e-05
5.634440751804464497e+06 8.273143678373543267e-05
5.879571370374217629e+06 8.224396884210661695e-05
6.135366582433775999e+06 8.191539325630477620e-05
6.402290359211891890e+06 8.172259629820623466e-05
6.680826857357543893e+06 8.144864062786131632e-05
6.971481297121950425e+06 8.129027280899627547e-05
7.274780878746563569e+06 8.098909935433021680e-05
7.591275738719213754e+06 8.080525700834778689e-05
7.921539947632909752e+06 8.054511123217208230e-05
8.266172551457234658e+06 8.037948598312331591e-05
8.625798658111047000e+06 8.024201093812609168e-05
9.001070571307353675e+06 8.016236019009458384e-05
9.392668973726961762e+06 8.003410161065622238e-05
9.801304161666996777e+06 7.994270750990502034e-05
1.022771733340373263e+07 7.985833386951174243e-05
1.067268193360666372e+07 7.974848197250057526e-05
1.113700505624227971e+07 7.934256461765250485e-05
1.162152890851223655e+07 7.881325229200029892e-05
1.212713233848131076e+07 7.826072000782103709e-05
1.265473242916593328e+07 7.768691900954323068e-05
1.320528616197475046e+07 7.710411550332019128e-05
1.377979215251847915e+07 7.649844100197095566e-05
1.437929246193742193e+07 7.587379056367799478e-05
1.500487448703214899e+07 7.522439351237840042e-05
1.565767293262583762e+07 7.454968592483272806e-05
1.633887186973565444e+07 7.385263507639693123e-05
1.704970688328647614e+07 7.312578293866134739e-05
1.779146731326251104e+07 7.236755436047628603e-05
1.856549859336193278e+07 7.157903960727119840e-05
1.937320469139645249e+07 7.075621048807745968e-05
2.021605065586232394e+07 6.989974717159567444e-05
2.109556527330185100e+07 6.900408524292199301e-05
