4.402668768255080977e+03 1.191641254814441823e-02
8.702291228692711229e+03 9.577014907644764916e-03
1.276695311178296106e+04 8.635505204697347531e-03
1.720090168377494410e+04 9.140918983885731181e-03
2.128263827136110558e+04 9.000980263146851970e-03
2.633296208052036673e+04 7.642869584033899419e-03
2.992156217165216367e+04 6.600041367868196042e-03
3.399920905420426425e+04 7.461884513077561565e-03
3.863254898524766031e+04 6.704185606616589084e-03
4.389731063208368141e+04 7.067255106288840294e-03
4.779996890100366727e+04 5.070070579102993295e-03
5.204959014657664375e+04 5.032336442783745534e-03
5.667702085826511029e+04 4.272111557753650000e-03
5.914279763961255958e+04 4.344528334444795054e-03
6.440084477124233672e+04 4.135110607017285396e-03
7.012635473421998904e+04 4.006678150943218490e-03
7.317725498701544711e+04 3.904265985641650841e-03
7.636088696938366047e+04 3.838178871549259227e-03
8.314969572923782107e+04 3.626049300336414271e-03
8.676718631008510420e+04 3.531860273384934430e-03
9.054205856247972406e+04 2.927189471771879121e-03
9.448115949541462760e+04 2.924715092163630067e-03
9.859163400220239419e+04 2.746857768487790882e-03
1.028809378201585205e+05 2.625621704351166659e-03
1.073568510541054857e+05 2.413991177320646327e-03
1.120274922882271785e+05 2.028468093245464152e-03
1.169013333118703304e+05 2.142300550337991952e-03
1.219872144860027474e+05 2.116837131841907502e-03
1.272943607782017789e+05 2.005461098317988348e-03
1.328323984952562314e+05 1.776252620312540565e-03
1.386113727437329653e+05 1.845628515323862774e-03
1.446417656501793244e+05 1.764130770168884652e-03
1.509345153740085370e+05 1.769570744047051442e-03
1.575010359475556761e+05 1.600522713393615938e-03
1.643532379792899883e+05 1.551447803018123637e-03
1.715035502577361767e+05 1.375740189796929771e-03
1.789649422952906461e+05 1.293826262908751501e-03
1.867509478528242907e+05 1.326386411199428385e-03
1.948756894877398154e+05 1.255021983640621040e-03
2.033539041700111702e+05 1.265480955960230497e-03
2.122009700126690441e+05 1.083147534716295129e-03
2.214329341652157309e+05 9.628616576530380075e-04
2.310665419205641083e+05 9.327877290420880096e-04
2.411192670882964449e+05 8.454078630970745557e-04
2.516093436893345497e+05 8.968870080186148184e-04
2.625557990295107011e+05 8.064962060519122655e-04
2.739784882120293914e+05 7.642945395033221142e-04
2.858981301514200168e+05 6.792591681342071688e-04
2.983363451543037081e+05 7.050645030002548755e-04
3.113156941351395799e+05 6.615182538825533720e-04
3.248597195380828343e+05 6.082302074535494247e-04
3.389929880391783081e+05 5.255991928674262062e-04
3.537411351063454640e+05 6.024190706463150580e-04
3.691309114979797741e+05 5.541886652256132560e-04
3.851902317845114740e+05 4.704147203562076261e-04
4.019482249809301575e+05 5.106761662221529592e-04
4.194352873821160174e+05 4.317249355794787729e-04
4.376831376968135592e+05 4.147261849721073194e-04
4.567248745802495396e+05 3.692230884006431546e-04
4.765950366697513382e+05 3.504879122329997718e-04
4.973296652322599548e+05 3.401229213812469545e-04
5.189663695373723749e+05 3.350185028175869072e-04
5.415443950744859176e+05 2.984402120573051149e-04
5.651046947377803735e+05 2.937384681340155326e-04
5.896900031081594061e+05 2.701389676845992885e-04
6.153449139668828575e+05 2.793405057367520021e-04
6.421159611814880045e+05 2.530069935247290769e-04
6.700517031107150251e+05 2.304256243455381095e-04
6.992028106815317878e+05 2.311129667414180166e-04
7.296221592980173882e+05 2.367321179940237545e-04
7.613649247488108231e+05 2.099157811439133321e-04
7.944886832870859653e+05 2.137158994705920122e-04
8.290535160645822762e+05 2.087796540050117146e-04
8.651221181091159815e+05 1.990204333236564186e-04
9.027599120432425989e+05 1.960358890055754295e-04
9.420351667503338540e+05 1.836188284647197893e-04
9.830191212033140473e+05 1.728091552607866272e-04
1.025786113680658164e+06 1.752229929351583812e-04
1.070413716604031390e+06 1.642047489370938623e-04
1.116982877242140938e+06 1.659081349467848778e-04
1.165578064536016202e+06 1.583121249292915192e-04
1.216287422312036389e+06 1.549721978932881749e-04
1.269202929160604253e+06 1.490140810218789236e-04
1.324420565270459978e+06 1.391812657581222902e-04
1.382040486521255691e+06 1.375214228456061994e-04
1.442167206150155980e+06 1.351153747084146294e-04
1.504909784321977990e+06 1.316242791553741084e-04
1.570382025946733309e+06 1.300917176243414461e-04
1.638702687103363918e+06 1.233441349175915338e-04
1.709995690444097621e+06 1.200218381102782219e-04
1.784390349970143754e+06 1.175064266807606929e-04
1.862021605586416787e+06 1.127074855295449987e-04
1.943030267860745313e+06 1.088470839612944293e-04
2.027563273431514623e+06 1.059577028048562790e-04
2.115773951527012512e+06 1.033230377677123922e-04
2.207822302079902031e+06 9.917613556109411595e-05
2.303875285941275768e+06 9.639053885094539455e-05
2.404107127720690332e+06 9.735867090046889966e-05
2.508699631801488344e+06 9.698936197360023901e-05
2.617842512104606722e+06 9.694034358631768516e-05
2.731733736199009698e+06 9.538588961639088426e-05
2.850579884382903110e+06 9.592088580156136318e-05
2.974596524387058336e+06 9.683929011108012325e-05
3.104008602379877120e+06 9.451146689426934383e-05
3.239050850983437151e+06 9.301060526245405371e-05
3.379968215040580370e+06 9.075481813923166050e-05
3.527016295905329287e+06 8.968968987931620477e-05
3.680461815062484704e+06 8.858813865409799536e-05
3.840583097917342093e+06 8.716235129106000596e-05
4.007670578633065801e+06 8.622067598074884562e-05
4.182027326931377407e+06 8.577424751450601122e-05
4.363969597812118940e+06 8.409508482016491663e-05
4.553827405188770033e+06 8.252932754397365582e-05
4.751945120480441488e+06 8.233411743409366017e-05
4.958682097246030346e+06 8.252486966253751123e-05
5.174413322993571870e+06 8.244985642548965834e-05
5.399530099347066134e+06 8.186342568853857617e-05
5.634440751804464497e+06 8.165636571749189973e-05
5.879571370374217629e+06 8.155530476375268741e-05
6.135366582433775999e+06 8.108240752331424166e-05
6.402290359211891890e+06 8.089036068536774207e-05
6.680826857357543893e+06 8.061696744003044534e-05
6.971481297121950425e+06 8.036150128555131589e-05
7.274780878746563569e+06 8.000965395600977235e-05
7.591275738719213754e+06 7.971050794193687789e-05
7.921539947632909752e+06 7.953049347316163147e-05
8.266172551457234658e+06 7.952421186093937505e-05
8.625798658111047000e+06 7.941676157213190923e-05
9.001070571307353675e+06 7.919740677708802742e-05
9.392668973726961762e+06 7.899249639534356359e-05
9.801304161666996777e+06 7.888053354162702054e-05
1.022771733340373263e+07 7.881756360978717853e-05
1.067268193360666372e+07 7.874812581554061549e-05
1.113700505624227971e+07 7.896417329728857258e-05
1.162152890851223655e+07 7.928726780944116972e-05
1.212713233848131076e+07 7.967305420403482310e-05
1.265473242916593328e+07 8.009549304994056788e-05
1.320528616197475046e+07 8.058032483459565479e-05
1.377979215251847915e+07 8.105887096926964273e-05
1.437929246193742193e+07 8.155900650241774106e-05
1.500487448703214899e+07 8.206240326344223950e-05
1.565767293262583762e+07 8.260548996672158640e-05
1.633887186973565444e+07 8.319877864262944351e-05
1.704970688328647614e+07 8.383351781976075242e-05
1.779146731326251104e+07 8.448132018088810250e-05
1.856549859336193278e+07 8.514125301097380202e-05
1.937320469139645249e+07 8.583472700715253647e-05
2.021605065586232394e+07 8.657426173669939995e-05
2.109556527330185100e+07 8.735229417848247710e-05
