4.402668768255080977e+03 1.081266666124421245e-02
8.702291228692711229e+03 9.613827153036894058e-03
1.276695311178296106e+04 8.806037659389876968e-03
1.720090168377494410e+04 8.054572426737434745e-03
2.128263827136110558e+04 7.441673954318577498e-03
2.633296208052036673e+04 7.009417932036471864e-03
2.992156217165216367e+04 6.504409039670289681e-03
3.399920905420426425e+04 6.082891305498963792e-03
3.863254898524766031e+04 5.703406186944080282e-03
4.389731063208368141e+04 5.333607076960297268e-03
4.779996890100366727e+04 5.001495998995381977e-03
5.204959014657664375e+04 4.765827518028509235e-03
5.667702085826511029e+04 4.462143544113217168e-03
5.914279763961255958e+04 4.232163056139874591e-03
6.440084477124233672e+04 3.987845487041002425e-03
7.012635473421998904e+04 3.770719390245545147e-03
7.317725498701544711e+04 3.571372731663696384e-03
7.636088696938366047e+04 3.390350099385288501e-03
8.314969572923782107e+04 3.233258749820026087e-03
8.676718631008510420e+04 3.046280351593209142e-03
9.054205856247972406e+04 2.926581889619582141e-03
9.448115949541462760e+04 2.799010424252479281e-03
9.859163400220239419e+04 2.655190553293379843e-03
1.028809378201585205e+05 2.534379418792222487e-03
1.073568510541054857e+05 2.431193015042642375e-03
1.120274922882271785e+05 2.334669868063368302e-03
1.169013333118703304e+05 2.219595753182429174e-03
1.219872144860027474e+05 2.135484656173724290e-03
1.272943607782017789e+05 2.001148572701269990e-03
1.328323984952562314e+05 1.888236663959716151e-03
1.386113727437329653e+05 1.817399460687235679e-03
1.446417656501793244e+05 1.714257236548723598e-03
1.509345153740085370e+05 1.627138487224324232e-03
1.575010359475556761e+05 1.554593263221013943e-03
1.643532379792899883e+05 1.475523119922317805e-03
1.715035502577361767e+05 1.404154040241415140e-03
1.789649422952906461e+05 1.309685640533445397e-03
1.867509478528242907e+05 1.238731621166257613e-03
1.948756894877398154e+05 1.161110384207806982e-03
2.033539041700111702e+05 1.091439541985158180e-03
2.122009700126690441e+05 1.038841202399782681e-03
2.214329341652157309e+05 9.854003035582130626e-04
2.310665419205641083e+05 9.355074972984352057e-04
2.411192670882964449e+05 8.806113930601628705e-04
2.516093436893345497e+05 8.299931582626876841e-04
2.625557990295107011e+05 7.874829156181399484e-04
2.739784882120293914e+05 7.426975640376391394e-04
2.858981301514200168e+05 7.055506388367723198e-04
2.983363451543037081e+05 6.663291529259790730e-04
3.113156941351395799e+05 6.299552596073552209e-04
3.248597195380828343e+05 5.958665494603713163e-04
3.389929880391783081e+05 5.615712749027278270e-04
3.537411351063454640e+05 5.279854421598250509e-04
3.691309114979797741e+05 4.994764011405960005e-04
3.851902317845114740e+05 4.716174802659345191e-04
4.019482249809301575e+05 4.437910041536303682e-04
4.194352873821160174e+05 4.220309235686427293e-04
4.376831376968135592e+05 4.011903590504276268e-04
4.567248745802495396e+05 3.805645004270693144e-04
4.765950366697513382e+05 3.628825215501787224e-04
4.973296652322599548e+05 3.469747128387855599e-04
5.189663695373723749e+05 3.292363250353594166e-04
5.415443950744859176e+05 3.124070131982416591e-04
5.651046947377803735e+05 2.991020855677660722e-04
5.896900031081594061e+05 2.861162955738835614e-04
6.153449139668828575e+05 2.732854888673371383e-04
6.421159611814880045e+05 2.595292659247415792e-04
6.700517031107150251e+05 2.483423815454717325e-04
6.992028106815317878e+05 2.384518158167934175e-04
7.296221592980173882e+05 2.284002243653953713e-04
7.613649247488108231e+05 2.188589456721770111e-04
7.944886832870859653e+05 2.092205061393520615e-04
8.290535160645822762e+05 2.013001682101903111e-04
8.651221181091159815e+05 1.938102461137923668e-04
9.027599120432425989e+05 1.873092891149654533e-04
9.420351667503338540e+05 1.806547620021235724e-04
9.830191212033140473e+05 1.748037302484710268e-04
1.025786113680658164e+06 1.688369969489472320e-04
1.070413716604031390e+06 1.642322315316026152e-04
1.116982877242140938e+06 1.588211478245366720e-04
1.165578064536016202e+06 1.540013044163189126e-04
1.216287422312036389e+06 1.494696188120691336e-04
1.269202929160604253e+06 1.453140590483566294e-04
1.324420565270459978e+06 1.413402501224840296e-04
1.382040486521255691e+06 1.374908668399744884e-04
1.442167206150155980e+06 1.338316181895574054e-04
1.504909784321977990e+06 1.307205130515560142e-04
1.570382025946733309e+06 1.272829441726060576e-04
1.638702687103363918e+06 1.242529419953941931e-04
1.709995690444097621e+06 1.214397731212917589e-04
1.784390349970143754e+06 1.188213260536101024e-04
1.862021605586416787e+06 1.167024970851116608e-04
1.943030267860745313e+06 1.144573368405639240e-04
2.027563273431514623e+06 1.123389183091859031e-04
2.115773951527012512e+06 1.104758374171821086e-04
2.207822302079902031e+06 1.082768998572673726e-04
2.303875285941275768e+06 1.062976837485788355e-04
2.404107127720690332e+06 1.045216502260968536e-04
2.508699631801488344e+06 1.029657804484127655e-04
2.617842512104606722e+06 1.012976939581849457e-04
2.731733736199009698e+06 9.976829779625485690e-05
2.850579884382903110e+06 9.831143426428841652e-05
2.974596524387058336e+06 9.703724231601962541e-05
3.104008602379877120e+06 9.574703661292498897e-05
3.239050850983437151e+06 9.458663743436973841e-05
3.379968215040580370e+06 9.342569099077888530e-05
3.527016295905329287e+06 9.231715543877600384e-05
3.680461815062484704e+06 9.131689864552160782e-05
3.840583097917342093e+06 9.041477696169603593e-05
4.007670578633065801e+06 8.949938806934616675e-05
4.182027326931377407e+06 8.859206718278396183e-05
4.363969597812118940e+06 8.776327069752128986e-05
4.553827405188770033e+06 8.694324836432542768e-05
4.751945120480441488e+06 8.625912811958642097e-05
4.958682097246030346e+06 8.564277608065489096e-05
5.174413322993571870e+06 8.506451113034406105e-05
5.399530099347066134e+06 8.457723231891417417e-05
5.634440751804464497e+06 8.412993488381365417e-05
5.879571370374217629e+06 8.373270691838288467e-05
6.135366582433775999e+06 8.337185670698166705e-05
6.402290359211891890e+06 8.306559050896128709e-05
6.680826857357543893e+06 8.279176496799742148e-05
6.971481297121950425e+06 8.252549181141570305e-05
7.274780878746563569e+06 8.229856828404796983e-05
7.591275738719213754e+06 8.209443856388974354e-05
7.921539947632909752e+06 8.191423883302023027e-05
8.266172551457234658e+06 8.172698929227120051e-05
8.625798658111047000e+06 8.157223364038492289e-05
9.001070571307353675e+06 8.143155675653738481e-05
9.392668973726961762e+06 8.131035419689561477e-05
9.801304161666996777e+06 8.121115876865380150e-05
1.022771733340373263e+07 8.112256032432562096e-05
1.067268193360666372e+07 8.104701218190381307e-05
1.113700505624227971e+07 8.092671251967962782e-05
1.162152890851223655e+07 8.078512993996263215e-05
1.212713233848131076e+07 8.065088221977609621e-05
1.265473242916593328e+07 8.052025106364012793e-05
1.320528616197475046e+07 8.039006242247563009e-05
1.377979215251847915e+07 8.026027100650867771e-05
1.437929246193742193e+07 8.013112879272631670e-05
1.500487448703214899e+07 8.000151571572920392e-05
1.565767293262583762e+07 7.986946461378643979e-05
1.633887186973565444e+07 7.973298176264535710e-05
1.704970688328647614e+07 7.959405093313407745e-05
1.779146731326251104e+07 7.945036383986786804e-05
1.856549859336193278e+07 7.930329866504549062e-05
1.937320469139645249e+07 7.915030720644848465e-05
2.021605065586232394e+07 7.899089472581931359e-05
2.109556527330185100e+07 7.882475790352082940e-05
