4.402668768255080977e+03 1.053551610781829073e-02
8.702291228692711229e+03 1.052560595844635044e-02
1.276695311178296106e+04 9.417883893971846360e-03
1.720090168377494410e+04 9.215124907321013345e-03
2.128263827136110558e+04 7.791996623870936500e-03
2.633296208052036673e+04 7.349102973369372668e-03
2.992156217165216367e+04 6.301773630753720185e-03
3.399920905420426425e+04 6.378197496327088316e-03
3.863254898524766031e+04 6.064280618197505357e-03
4.389731063208368141e+04 5.518171682562465416e-03
4.779996890100366727e+04 5.241591627468671945e-03
5.204959014657664375e+04 5.274413617461190182e-03
5.667702085826511029e+04 4.639317855587454624e-03
5.914279763961255958e+04 3.874708278399339751e-03
6.440084477124233672e+04 3.830927553956101506e-03
7.012635473421998904e+04 3.472961698695423670e-03
7.317725498701544711e+04 3.815876236143273502e-03
7.636088696938366047e+04 3.555397408778384043e-03
8.314969572923782107e+04 3.167321560367206048e-03
8.676718631008510420e+04 3.141002065179377030e-03
9.054205856247972406e+04 2.904003926632769267e-03
9.448115949541462760e+04 2.645383666428883281e-03
9.859163400220239419e+04 2.679327201894217501e-03
1.028809378201585205e+05 2.529700510294182088e-03
1.073568510541054857e+05 2.444926992533155534e-03
1.120274922882271785e+05 2.292627439327358987e-03
1.169013333118703304e+05 2.193850045588685398e-03
1.219872144860027474e+05 2.033637560815709875e-03
1.272943607782017789e+05 1.927138318492203212e-03
1.328323984952562314e+05 1.837435944217504641e-03
1.386113727437329653e+05 1.670221696227989485e-03
1.446417656501793244e+05 1.697417671059889624e-03
1.509345153740085370e+05 1.660996868626981844e-03
1.575010359475556761e+05 1.579531219324533265e-03
1.643532379792899883e+05 1.353870332707812112e-03
1.715035502577361767e+05 1.472461681729550845e-03
1.789649422952906461e+05 1.196897921201347127e-03
1.867509478528242907e+05 1.230792810201310856e-03
1.948756894877398154e+05 1.204299529211508638e-03
2.033539041700111702e+05 1.003158945144041027e-03
2.122009700126690441e+05 1.016131583142812879e-03
2.214329341652157309e+05 1.012496739318888544e-03
2.310665419205641083e+05 9.203586711802535462e-04
2.411192670882964449e+05 8.550042821350301026e-04
2.516093436893345497e+05 8.405733644104158549e-04
2.625557990295107011e+05 7.828105075119851227e-04
2.739784882120293914e+05 6.804462301709117596e-04
2.858981301514200168e+05 6.919017895779105152e-04
2.983363451543037081e+05 6.603606027149440611e-04
3.113156941351395799e+05 5.928818245705020111e-04
3.248597195380828343e+05 5.709973588797909649e-04
3.389929880391783081e+05 5.607049884561944759e-04
3.537411351063454640e+05 4.865781395104300526e-04
3.691309114979797741e+05 4.865634357457994928e-04
3.851902317845114740e+05 4.625653747614477999e-04
4.019482249809301575e+05 4.362693672422311795e-04
4.194352873821160174e+05 4.075521697090287755e-04
4.376831376968135592e+05 3.992976596518763716e-04
4.567248745802495396e+05 3.749949122125621282e-04
4.765950366697513382e+05 3.501776686842612472e-04
4.973296652322599548e+05 3.463461019577284273e-04
5.189663695373723749e+05 3.210385267277876867e-04
5.415443950744859176e+05 2.922638126735676721e-04
5.651046947377803735e+05 2.845904642971539304e-04
5.896900031081594061e+05 2.803041189847928758e-04
6.153449139668828575e+05 2.614273495729474146e-04
6.421159611814880045e+05 2.575233920946788896e-04
6.700517031107150251e+05 2.437941037685600193e-04
6.992028106815317878e+05 2.290345606221365533e-04
7.296221592980173882e+05 2.361742902939881672e-04
7.613649247488108231e+05 2.219278810460859324e-04
7.944886832870859653e+05 2.126192328518561694e-04
8.290535160645822762e+05 2.017948645844017791e-04
8.651221181091159815e+05 1.953176127298129872e-04
9.027599120432425989e+05 1.886948713429834361e-04
9.420351667503338540e+05 1.832148171993343093e-04
9.830191212033140473e+05 1.725879661347883346e-04
1.025786113680658164e+06 1.660536517101198612e-04
1.070413716604031390e+06 1.565738566847619411e-04
1.116982877242140938e+06 1.578258595839984637e-04
1.165578064536016202e+06 1.532116805945705768e-04
1.216287422312036389e+06 1.496974108185142847e-04
1.269202929160604253e+06 1.427175433540793092e-04
1.324420565270459978e+06 1.386818475382700980e-04
1.382040486521255691e+06 1.354910046428751491e-04
1.442167206150155980e+06 1.319287765737563514e-04
1.504909784321977990e+06 1.284789459222465495e-04
1.570382025946733309e+06 1.274676129874981678e-04
1.638702687103363918e+06 1.249734620412634148e-04
1.709995690444097621e+06 1.223031219567465250e-04
1.784390349970143754e+06 1.205388773843363981e-04
1.862021605586416787e+06 1.169521282696403259e-04
1.943030267860745313e+06 1.140150462041853737e-04
2.027563273431514623e+06 1.103031944561553922e-04
2.115773951527012512e+06 1.083787148587425522e-04
2.207822302079902031e+06 1.070836259905427317e-04
2.303875285941275768e+06 1.048698359430917003e-04
2.404107127720690332e+06 1.043752820279405548e-04
2.508699631801488344e+06 1.019386837407265656e-04
2.617842512104606722e+06 9.980936948189629717e-05
2.731733736199009698e+06 9.892209569133243415e-05
2.850579884382903110e+06 9.713422905011388623e-05
2.974596524387058336e+06 9.565478329439012725e-05
3.104008602379877120e+06 9.548908633115888974e-05
3.239050850983437151e+06 9.403427594499359527e-05
3.379968215040580370e+06 9.279535462463541092e-05
3.527016295905329287e+06 9.192332962007839111e-05
3.680461815062484704e+06 9.029783487060327990e-05
3.840583097917342093e+06 8.959270079269549935e-05
4.007670578633065801e+06 8.878936379633297650e-05
4.182027326931377407e+06 8.772985666740914287e-05
4.363969597812118940e+06 8.691125266000865985e-05
4.553827405188770033e+06 8.600782666716915792e-05
4.751945120480441488e+06 8.539210683275191241e-05
4.958682097246030346e+06 8.475730265305614233e-05
5.174413322993571870e+06 8.411594168775146196e-05
5.399530099347066134e+06 8.360044833068782700e-05
5.634440751804464497e+06 8.313358942894919011e-05
5.879571370374217629e+06 8.279616358327614113e-05
6.135366582433775999e+06 8.255335777242887765e-05
6.402290359211891890e+06 8.206069109560416212e-05
6.680826857357543893e+06 8.177258262204769581e-05
6.971481297121950425e+06 8.165380401227633823e-05
7.274780878746563569e+06 8.132762821913827936e-05
7.591275738719213754e+06 8.113230751878059029e-05
7.921539947632909752e+06 8.095957128627635053e-05
8.266172551457234658e+06 8.073132914309802735e-05
8.625798658111047000e+06 8.060105608395819318e-05
9.001070571307353675e+06 8.044171163524331200e-05
9.392668973726961762e+06 8.029585743657213174e-05
9.801304161666996777e+06 8.020272224317661724e-05
1.022771733340373263e+07 8.008938470381406411e-05
1.067268193360666372e+07 7.999779991248461182e-05
1.113700505624227971e+07 7.947231706507230454e-05
1.162152890851223655e+07 7.877567967746965116e-05
1.212713233848131076e+07 7.805209211086632892e-05
1.265473242916593328e+07 7.731750565102035494e-05
1.320528616197475046e+07 7.655340414357915445e-05
1.377979215251847915e+07 7.576340834887015246e-05
1.437929246193742193e+07 7.494579293093096579e-05
1.500487448703214899e+07 7.409277178953235668e-05
1.565767293262583762e+07 7.320465002780908491e-05
1.633887186973565444e+07 7.228372038954483680e-05
1.704970688328647614e+07 7.132464796989601140e-05
1.779146731326251104e+07 7.032743887116191153e-05
1.856549859336193278e+07 6.928643897909902961e-05
1.937320469139645249e+07 6.820179805167029998e-05
2.021605065586232394e+07 6.707053720785048981e-05
2.109556527330185100e+07 6.588890784607777645e-05
