4.402668768255081886e+03 1.178705718405839882e-02
8.702291228692711229e+03 1.040040569018554038e-02
1.276695311178296288e+04 9.937954619311592172e-03
1.720090168377494410e+04 8.874804998651432408e-03
2.128263827136110922e+04 9.111656029936484810e-03
2.633296208052037036e+04 8.677905831979196988e-03
2.992156217165216731e+04 8.789637513934769192e-03
3.399920905420427152e+04 8.547596654271146996e-03
3.863254898524766031e+04 8.458334024172535145e-03
4.389731063208368869e+04 8.541832587798019530e-03
4.779996890100365999e+04 8.752519271895345052e-03
5.204959014657664375e+04 8.102370351319790331e-03
5.667702085826511757e+04 8.192860054138247430e-03
5.914279763961255958e+04 7.824702209472528952e-03
6.440084477124233672e+04 7.659411731994240045e-03
7.012635473421998904e+04 7.481403062470302553e-03
7.317725498701544711e+04 7.571437554488225606e-03
7.636088696938367502e+04 7.518619847026245841e-03
8.314969572923783562e+04 7.507216374938768116e-03
8.676718631008510420e+04 7.704073899723667615e-03
9.054205856247972406e+04 7.484757363595693352e-03
9.448115949541462760e+04 7.432689420419179641e-03
9.859163400220239419e+04 7.125432608005450794e-03
1.028809378201585205e+05 6.659443720775012725e-03
1.073568510541054857e+05 6.417762632736743675e-03
1.120274922882271931e+05 6.223160458607757822e-03
1.169013333118703304e+05 6.207328387699887623e-03
1.219872144860027474e+05 5.838675548269901469e-03
1.272943607782017789e+05 5.886893143824368027e-03
1.328323984952562314e+05 5.734436543362048805e-03
1.386113727437329653e+05 5.549116908941284856e-03
1.446417656501793244e+05 5.440097250598423598e-03
1.509345153740085370e+05 5.540293007536317878e-03
1.575010359475556761e+05 5.253539962993682838e-03
1.643532379792899883e+05 5.167863334116199955e-03
1.715035502577361767e+05 5.279392446223227578e-03
1.789649422952906752e+05 5.427238774277190134e-03
1.867509478528243199e+05 5.268390906995572796e-03
1.948756894877398154e+05 5.192100261524999413e-03
2.033539041700111702e+05 5.134739949844000471e-03
2.122009700126690441e+05 5.022069059413969069e-03
2.214329341652157309e+05 5.058290409816146305e-03
2.310665419205641374e+05 4.996188231525559506e-03
2.411192670882964740e+05 4.783175490875722635e-03
2.516093436893345497e+05 4.744171793544884469e-03
2.625557990295106429e+05 4.787680153120623706e-03
2.739784882120293914e+05 4.771218355573314529e-03
2.858981301514200750e+05 4.621032405852356674e-03
2.983363451543037081e+05 4.600077920257055614e-03
3.113156941351395799e+05 4.576027111619178182e-03
3.248597195380828343e+05 4.409051276799202251e-03
3.389929880391783081e+05 4.487232514562444589e-03
3.537411351063454640e+05 4.445731978006814931e-03
3.691309114979797741e+05 4.455967945462696762e-03
3.851902317845114740e+05 4.374194340740576031e-03
4.019482249809301575e+05 4.320571508292102465e-03
4.194352873821160174e+05 4.312361430403567619e-03
4.376831376968135592e+05 4.300809770274564674e-03
4.567248745802495978e+05 4.341837977625372449e-03
4.765950366697513964e+05 4.283502267106375008e-03
4.973296652322599548e+05 4.257033546592719347e-03
5.189663695373724331e+05 4.194247036072598807e-03
5.415443950744860340e+05 4.198114491782943547e-03
5.651046947377803735e+05 4.166374292988125547e-03
5.896900031081594061e+05 4.175817376335994556e-03
6.153449139668828575e+05 4.144436569220834136e-03
6.421159611814880045e+05 4.101035028364661585e-03
6.700517031107150251e+05 4.097485182543479133e-03
6.992028106815317878e+05 4.101609634498923872e-03
7.296221592980173882e+05 4.098448728851650236e-03
7.613649247488108231e+05 4.089439704883277883e-03
7.944886832870859653e+05 4.060397210561955336e-03
8.290535160645822762e+05 4.045844043169658649e-03
8.651221181091160979e+05 4.047626126579721012e-03
9.027599120432427153e+05 4.049946850859459727e-03
9.420351667503338540e+05 4.040631613242595850e-03
9.830191212033139309e+05 4.020830666935016305e-03
1.025786113680658164e+06 4.023618194589509943e-03
1.070413716604031390e+06 4.023519775892806308e-03
1.116982877242140938e+06 4.001988724166392376e-03
1.165578064536016202e+06 3.991143168363909567e-03
1.216287422312036389e+06 4.000421023547322610e-03
1.269202929160604253e+06 3.993196339088708573e-03
1.324420565270459978e+06 3.984149595296159786e-03
1.382040486521255923e+06 3.975129435494951721e-03
1.442167206150156213e+06 3.979465566954982700e-03
1.504909784321977990e+06 3.966642979451877500e-03
1.570382025946733309e+06 3.964898520384870298e-03
1.638702687103363918e+06 3.963686252713941038e-03
1.709995690444097621e+06 3.956787719053308020e-03
1.784390349970143754e+06 3.955350684610664871e-03
1.862021605586416787e+06 3.955281144978972131e-03
1.943030267860745313e+06 3.949321779263364335e-03
2.027563273431514390e+06 3.948145007516238626e-03
2.115773951527012512e+06 3.947851012196142151e-03
2.207822302079902031e+06 3.946244883552707354e-03
2.303875285941275768e+06 3.942179745836451275e-03
2.404107127720690332e+06 3.943006517280449146e-03
2.508699631801488344e+06 3.939235200283244115e-03
2.617842512104606722e+06 3.938781368286157353e-03
2.731733736199009698e+06 3.934292073522767559e-03
2.850579884382903576e+06 3.935178350635170318e-03
2.974596524387058336e+06 3.932056682983135938e-03
3.104008602379877120e+06 3.931719325618156756e-03
3.239050850983437616e+06 3.929970892675343878e-03
3.379968215040580835e+06 3.930450087518838793e-03
3.527016295905329287e+06 3.928178536098480764e-03
3.680461815062484704e+06 3.926915947127263343e-03
3.840583097917342559e+06 3.926347966425892608e-03
4.007670578633065801e+06 3.925028783818104716e-03
4.182027326931377407e+06 3.924057408567765450e-03
4.363969597812118940e+06 3.923864210443410959e-03
4.553827405188770033e+06 3.923195620481940982e-03
4.751945120480441488e+06 3.922636014310720322e-03
4.958682097246030346e+06 3.920891148300237675e-03
5.174413322993571870e+06 3.920225454208760285e-03
5.399530099347066134e+06 3.919492016161947763e-03
5.634440751804465428e+06 3.919251435614752935e-03
5.879571370374216698e+06 3.919183668917464516e-03
6.135366582433775067e+06 3.918058994753241889e-03
6.402290359211891890e+06 3.917625864845173007e-03
6.680826857357543893e+06 3.917240825276646285e-03
6.971481297121950425e+06 3.916543261683514028e-03
7.274780878746563569e+06 3.916454808507612191e-03
7.591275738719213754e+06 3.916113385234023213e-03
7.921539947632909752e+06 3.915653942224070309e-03
8.266172551457234658e+06 3.915116765936908251e-03
8.625798658111047000e+06 3.914769345099887270e-03
9.001070571307353675e+06 3.914646061963350174e-03
9.392668973726961762e+06 3.914240869821363628e-03
9.801304161666996777e+06 3.913993658661576829e-03
1.022771733340373263e+07 3.913755791872770146e-03
1.067268193360666372e+07 3.913621466577693088e-03
1.113700505624227971e+07 3.913326321878158633e-03
1.162152890851223469e+07 3.912934784014983000e-03
1.212713233848130889e+07 3.912552070696770183e-03
1.265473242916593328e+07 3.912161062223513605e-03
1.320528616197475232e+07 3.911819459709610196e-03
1.377979215251848102e+07 3.911454948827826177e-03
1.437929246193742193e+07 3.911068353251386659e-03
1.500487448703214899e+07 3.910677746043046341e-03
1.565767293262583762e+07 3.910285787940157021e-03
1.633887186973565444e+07 3.909891223959364483e-03
1.704970688328647614e+07 3.909475524936956679e-03
1.779146731326251104e+07 3.909058231722314924e-03
1.856549859336193278e+07 3.908622684150257764e-03
1.937320469139645621e+07 3.908176785831625651e-03
2.021605065586232394e+07 3.907707497296095643e-03
2.109556527330185100e+07 3.907220300611767561e-03
