4.402668768255080977e+03 1.032287631215213740e-02
8.702291228692711229e+03 9.549915762844191428e-03
1.276695311178296106e+04 8.603676745111020832e-03
1.720090168377494410e+04 8.336281812836739830e-03
2.128263827136110558e+04 8.557300801255357525e-03
2.633296208052036673e+04 8.553687294158686047e-03
2.992156217165216367e+04 8.069912396777323069e-03
3.399920905420426425e+04 7.745676619854657136e-03
3.863254898524766031e+04 7.589254074931867274e-03
4.389731063208368141e+04 7.582135872449098472e-03
4.779996890100366727e+04 7.413584229275067654e-03
5.204959014657664375e+04 6.883886853997077566e-03
5.667702085826511029e+04 6.489239050375798096e-03
5.914279763961255958e+04 6.521562009563637921e-03
6.440084477124233672e+04 6.421173388172377559e-03
7.012635473421998904e+04 6.280439480631797890e-03
7.317725498701544711e+04 5.863198311403061344e-03
7.636088696938366047e+04 6.086794696984500902e-03
8.314969572923782107e+04 5.913510210450921740e-03
8.676718631008510420e+04 6.115809971584082981e-03
9.054205856247972406e+04 5.938213795354321811e-03
9.448115949541462760e+04 5.357859726416691962e-03
9.859163400220239419e+04 5.394804193602856408e-03
1.028809378201585205e+05 5.658754140281289403e-03
1.073568510541054857e+05 5.172326361976298421e-03
1.120274922882271785e+05 5.158777778575617846e-03
1.169013333118703304e+05 5.043228608375048549e-03
1.219872144860027474e+05 4.879354057312387284e-03
1.272943607782017789e+05 4.964154848638917088e-03
1.328323984952562314e+05 4.790605010932978344e-03
1.386113727437329653e+05 4.679960212576942530e-03
1.446417656501793244e+05 4.679051719109851570e-03
1.509345153740085370e+05 4.815019993218715849e-03
1.575010359475556761e+05 4.554176659026203458e-03
1.643532379792899883e+05 4.515821128044271091e-03
1.715035502577361767e+05 4.440547393116953470e-03
1.789649422952906461e+05 4.350448444306984248e-03
1.867509478528242907e+05 4.304426059557289741e-03
1.948756894877398154e+05 4.085670236318735861e-03
2.033539041700111702e+05 3.992846717070643731e-03
2.122009700126690441e+05 3.880999516275177117e-03
2.214329341652157309e+05 3.842310259027116853e-03
2.310665419205641083e+05 3.777852903977624906e-03
2.411192670882964449e+05 3.837185696656624217e-03
2.516093436893345497e+05 3.742581589317261689e-03
2.625557990295107011e+05 3.669974270178610280e-03
2.739784882120293914e+05 3.654123044316265941e-03
2.858981301514200168e+05 3.586584467682646382e-03
2.983363451543037081e+05 3.605948571989582314e-03
3.113156941351395799e+05 3.446798300822804650e-03
3.248597195380828343e+05 3.385625115669585201e-03
3.389929880391783081e+05 3.450940992534488189e-03
3.537411351063454640e+05 3.466663434136583056e-03
3.691309114979797741e+05 3.416195952816790220e-03
3.851902317845114740e+05 3.394756429707015272e-03
4.019482249809301575e+05 3.286177675480232881e-03
4.194352873821160174e+05 3.276122392973606582e-03
4.376831376968135592e+05 3.289785215544462418e-03
4.567248745802495396e+05 3.276379641559283400e-03
4.765950366697513382e+05 3.219206273562202035e-03
4.973296652322599548e+05 3.187104761502681290e-03
5.189663695373723749e+05 3.166253460224026373e-03
5.415443950744859176e+05 3.112245350689151792e-03
5.651046947377803735e+05 3.118423209727255903e-03
5.896900031081594061e+05 3.122525828319440075e-03
6.153449139668828575e+05 3.104315680811070566e-03
6.421159611814880045e+05 3.090865935354319537e-03
6.700517031107150251e+05 3.082137972100401028e-03
6.992028106815317878e+05 3.068770754077979491e-03
7.296221592980173882e+05 3.047179690417190119e-03
7.613649247488108231e+05 3.026752125832553320e-03
7.944886832870859653e+05 3.021224205520883603e-03
8.290535160645822762e+05 3.007377964964596390e-03
8.651221181091159815e+05 2.990766593081872846e-03
9.027599120432425989e+05 2.999503156485902513e-03
9.420351667503338540e+05 2.977361380602225934e-03
9.830191212033140473e+05 2.964581563487685752e-03
1.025786113680658164e+06 2.965950477419131322e-03
1.070413716604031390e+06 2.954966566584736436e-03
1.116982877242140938e+06 2.953422524940605125e-03
1.165578064536016202e+06 2.947599829644308514e-03
1.216287422312036389e+06 2.945333711047343900e-03
1.269202929160604253e+06 2.944143676829009699e-03
1.324420565270459978e+06 2.938049930652408305e-03
1.382040486521255691e+06 2.933491583972344750e-03
1.442167206150155980e+06 2.928212976847712010e-03
1.504909784321977990e+06 2.923512355308257281e-03
1.570382025946733309e+06 2.924557773849558590e-03
1.638702687103363918e+06 2.918809948523118196e-03
1.709995690444097621e+06 2.916074510600864377e-03
1.784390349970143754e+06 2.914203215803195385e-03
1.862021605586416787e+06 2.909148283828428064e-03
1.943030267860745313e+06 2.908177292752044032e-03
2.027563273431514623e+06 2.905670191112993440e-03
2.115773951527012512e+06 2.903868331318786630e-03
2.207822302079902031e+06 2.903034393520065575e-03
2.303875285941275768e+06 2.899618944452595198e-03
2.404107127720690332e+06 2.896252890332151522e-03
2.508699631801488344e+06 2.895742089549625722e-03
2.617842512104606722e+06 2.894407152889244116e-03
2.731733736199009698e+06 2.891016899152634018e-03
2.850579884382903110e+06 2.888551480320737230e-03
2.974596524387058336e+06 2.887973168498672756e-03
3.104008602379877120e+06 2.885872649058524204e-03
3.239050850983437151e+06 2.884846370489515741e-03
3.379968215040580370e+06 2.883561676942919018e-03
3.527016295905329287e+06 2.881880638899643118e-03
3.680461815062484704e+06 2.880093747535018931e-03
3.840583097917342093e+06 2.879851387949646912e-03
4.007670578633065801e+06 2.879646481325521569e-03
4.182027326931377407e+06 2.877993734222321961e-03
4.363969597812118940e+06 2.876737027740775259e-03
4.553827405188770033e+06 2.876389358344803946e-03
4.751945120480441488e+06 2.875395538223465570e-03
4.958682097246030346e+06 2.874251778482779952e-03
5.174413322993571870e+06 2.873691102136400732e-03
5.399530099347066134e+06 2.872854560021307745e-03
5.634440751804464497e+06 2.872322213007347507e-03
5.879571370374217629e+06 2.871554698164836394e-03
6.135366582433775999e+06 2.870910568760649643e-03
6.402290359211891890e+06 2.870618170912381164e-03
6.680826857357543893e+06 2.869925337090234365e-03
6.971481297121950425e+06 2.869394972261346891e-03
7.274780878746563569e+06 2.869176344643441581e-03
7.591275738719213754e+06 2.868825269640644209e-03
7.921539947632909752e+06 2.868548447558235976e-03
8.266172551457234658e+06 2.868070420735079496e-03
8.625798658111047000e+06 2.867674378726259299e-03
9.001070571307353675e+06 2.867262549173810356e-03
9.392668973726961762e+06 2.866943242569427053e-03
9.801304161666996777e+06 2.866701235604473142e-03
1.022771733340373263e+07 2.866505635896520864e-03
1.067268193360666372e+07 2.866325756462605959e-03
1.113700505624227971e+07 2.866157189960539739e-03
1.162152890851223655e+07 2.866012281848577276e-03
1.212713233848131076e+07 2.865907473211346847e-03
1.265473242916593328e+07 2.865762592359284450e-03
1.320528616197475046e+07 2.865709506142111434e-03
1.377979215251847915e+07 2.865632276093062810e-03
1.437929246193742193e+07 2.865557976935937442e-03
1.500487448703214899e+07 2.865504931912715887e-03
1.565767293262583762e+07 2.865450536661599129e-03
1.633887186973565444e+07 2.865409495720652212e-03
1.704970688328647614e+07 2.865362227518216710e-03
1.779146731326251104e+07 2.865317215023934026e-03
1.856549859336193278e+07 2.865277224675951296e-03
1.937320469139645249e+07 2.865245070391697450e-03
2.021605065586232394e+07 2.865208071620434140e-03
2.109556527330185100e+07 2.865176845788561244e-03
