2.374039742091349145e-02 5.696302093565463846e-03
4.736832031633308321e-02 5.439905682578682899e-03
6.846805405866014660e-02 5.194648029282688748e-03
9.451222445055411370e-02 5.004957364872097796e-03
1.136286860934795223e-01 4.855996696278452873e-03
1.366117280424966329e-01 4.726815130561589848e-03
1.642434219771199688e-01 4.608356859534978867e-03
1.885766797500710024e-01 4.499636916443705212e-03
2.067702176470289366e-01 4.400480352342128580e-03
2.374039742091349214e-01 4.309122357517481197e-03
2.603082813980555077e-01 4.223461681976914579e-03
2.725762327459708700e-01 4.142283229157328606e-03
2.988738959928071148e-01 4.064981127157807350e-03
3.277087103524789491e-01 3.990986943244933735e-03
3.431531460550240054e-01 3.919911943376064647e-03
3.762599425872716896e-01 3.851136355660855597e-03
3.939925273711246678e-01 3.784130839630961245e-03
4.125608231290300298e-01 3.718941821716725826e-03
4.320042157057852328e-01 3.655464597977697936e-03
4.736832031633308460e-01 3.593442193232476538e-03
4.960072047645178728e-01 3.532882430590689182e-03
5.193833041478548296e-01 3.473660489544272249e-03
5.438610851542219349e-01 3.415791457518935117e-03
5.694924684389270908e-01 3.331989864818751812e-03
5.963318216023762997e-01 3.251183126121759241e-03
6.244360745110443256e-01 3.199218329973518762e-03
6.538648400533531024e-01 3.148645465262234384e-03
6.846805405866013272e-01 3.075154637917876157e-03
7.169485403431529180e-01 3.003809112124145118e-03
7.507372840767374544e-01 2.934887423180043697e-03
7.861184422429497998e-01 2.867484046146273440e-03
8.231670630218950180e-01 2.801966597326099959e-03
8.619617315054403095e-01 2.718326495960354892e-03
9.025847363867310902e-01 2.657146146520972425e-03
9.451222445055416088e-01 2.597631118260323828e-03
9.896644836196951678e-01 2.522300975397229021e-03
1.036305933790234501e+00 2.451002178713679140e-03
1.085145527786299802e+00 2.382258698344230478e-03
1.136286860934794696e+00 2.298043342307209969e-03
1.189838410859966222e+00 2.216828637756407261e-03
1.245913767578986198e+00 2.154755988158285618e-03
1.304631874441609662e+00 2.081872068811207836e-03
1.366117280424966163e+00 2.001581608783453876e-03
1.430500404318638674e+00 1.927368273027241273e-03
1.497917811360400808e+00 1.854267274029552893e-03
1.568512502909397810e+00 1.783824618905782786e-03
1.642434219771200077e+00 1.717144099529832602e-03
1.719839759818128755e+00 1.653769949916750106e-03
1.800893310578565165e+00 1.583263115026056723e-03
1.885766797500710190e+00 1.507587940432131377e-03
1.974640248629512929e+00 1.436189666856080380e-03
2.067702176470289199e+00 1.369568961672484961e-03
2.165149977849019081e+00 1.307881053071468982e-03
2.267190352617480364e+00 1.250525854993611661e-03
2.374039742091349048e+00 1.187999302055686799e-03
2.485924788151246734e+00 1.118219865020364523e-03
2.603082813980555077e+00 1.055560301756486210e-03
2.725762327459708700e+00 9.937981900293379155e-04
2.854223548284725354e+00 9.324203594587743716e-04
2.988738959928070926e+00 8.731734007596970038e-04
3.129593887612636571e+00 8.089202980045229413e-04
3.277087103524790379e+00 7.505870598834007978e-04
3.431531460550241608e+00 6.975946249440312602e-04
3.593254555876957745e+00 6.467506347689778046e-04
3.762599425872718673e+00 6.000323395710438273e-04
3.939925273711248010e+00 5.488396243890746994e-04
4.125608231290302186e+00 4.998740711016580679e-04
4.320042157057854659e+00 4.574512771796434901e-04
4.523639471438666959e+00 4.159608739428222396e-04
4.736832031633308127e+00 3.701666690176352967e-04
4.960072047645175175e+00 3.271842942922376096e-04
5.193833041478544743e+00 2.875470439903437874e-04
5.438610851542216906e+00 2.533630336984060922e-04
5.694924684389268243e+00 2.244644903839798536e-04
5.963318216023761664e+00 1.996236038166898544e-04
6.244360745110442146e+00 1.681476139310689069e-04
6.538648400533531024e+00 1.439707755707786527e-04
6.846805405866013494e+00 1.287098568354849595e-04
7.169485403431528958e+00 1.090868416213197607e-04
7.507372840767374989e+00 8.852490682329517400e-05
7.861184422429498220e+00 8.070832454905030047e-05
8.231670630218948403e+00 6.726513220201013610e-05
8.619617315054401985e+00 5.578288728429470482e-05
9.025847363867310236e+00 4.371239519969094274e-05
9.451222445055416088e+00 2.830956027537467822e-05
9.896644836196950124e+00 1.780060110831982321e-05
1.036305933790234590e+01 1.363606934319250353e-05
1.085145527786299979e+01 1.628370673643075726e-05
1.136286860934795584e+01 2.485005011294561040e-05
1.189838410859966977e+01 2.911507580165562036e-05
1.245913767578986686e+01 2.863546324078925022e-05
1.304631874441610329e+01 1.597255668457364731e-05
1.366117280424967007e+01 4.028325201943517070e-06
1.430500404318639163e+01 -2.499614481621392770e-06
1.497917811360400897e+01 3.869179545290535655e-06
1.568512502909397099e+01 1.110206503653898801e-05
1.642434219771199366e+01 9.480318203713977371e-06
1.719839759818128044e+01 1.863444540504133193e-05
1.800893310578564055e+01 1.819726344365335535e-05
1.885766797500709657e+01 1.719071249226544615e-05
1.974640248629512840e+01 9.160268791674753397e-06
2.067702176470289288e+01 1.027256876113824614e-05
2.165149977849018725e+01 -6.598844947802718221e-07
2.267190352617480542e+01 -1.829037291827262311e-05
2.374039742091349581e+01 -8.016360652618459426e-06
2.485924788151246645e+01 -1.539037411930621669e-05
2.603082813980554988e+01 -1.221069655912287965e-05
2.725762327459708345e+01 -4.064979839313309301e-06
2.854223548284724998e+01 1.166122510767308961e-05
2.988738959928070926e+01 2.685038982690457420e-05
3.129593887612636749e+01 2.089047668505372577e-05
3.277087103524790734e+01 1.233517485843549366e-05
3.431531460550241519e+01 -1.611812767805531689e-05
3.593254555876957568e+01 -5.625741232506698336e-06
3.762599425872718228e+01 -1.061706414020591149e-05
3.939925273711248366e+01 -3.275702365499455346e-05
4.125608231290302541e+01 -6.198296323418616977e-05
4.320042157057854126e+01 -3.420685852688621069e-05
4.523639471438667670e+01 -1.178228394564939595e-05
4.736832031633310436e+01 -1.614805660210549831e-05
4.960072047645179083e+01 -1.448821076337480850e-05
5.193833041478545454e+01 1.428620162755578383e-05
5.438610851542216551e+01 -6.920545274624601007e-06
5.694924684389268066e+01 -5.069275557616493004e-05
5.963318216023762375e+01 -5.061397469035000811e-05
6.244360745110442679e+01 -1.773211206455016373e-05
6.538648400533530491e+01 -2.006276436077314361e-05
6.846805405866012961e+01 -1.672101825533900325e-06
7.169485403431528425e+01 -5.044573899795068563e-05
7.507372840767374100e+01 -4.362162924280710557e-05
7.861184422429498397e+01 -1.022999640554189682e-07
8.231670630218950180e+01 -2.180473334192356696e-05
8.619617315054402695e+01 -3.138369938824325664e-05
9.025847363867310946e+01 2.600843990876455927e-05
9.451222445055417154e+01 -7.152532583631910140e-06
9.896644836196954031e+01 1.241593195118184735e-05
1.036305933790234661e+02 -1.585482987138675594e-05
1.085145527786299908e+02 -3.479223178146639703e-05
1.136286860934795442e+02 -2.731640361162135242e-05
1.189838410859966729e+02 -1.284425914036546635e-05
1.245913767578986722e+02 -4.349632399680558931e-06
1.304631874441610364e+02 -2.386587484579649618e-05
1.366117280424967078e+02 -3.682363685584277710e-05
1.430500404318639198e+02 9.195637656489451961e-06
1.497917811360401572e+02 3.092969636782072213e-05
1.568512502909396744e+02 4.779218115800176612e-05
1.642434219771199082e+02 3.784149121202062951e-05
1.719839759818127902e+02 3.767736579902702671e-05
1.800893310578564126e+02 2.847561744943050008e-05
1.885766797500709799e+02 7.578821059723850069e-05
1.974640248629512769e+02 -4.302744932829227900e-05
2.067702176470289146e+02 -2.899434348364593529e-05
2.165149977849018796e+02 5.121253916513523747e-05
2.267190352617481608e+02 3.361168519404600645e-05
