2.374039742091349145e-02 5.632547196000814438e-03
4.736832031633308321e-02 5.379771813750267029e-03
6.846805405866014660e-02 5.137769039720296860e-03
9.451222445055411370e-02 4.950212780386209488e-03
1.136286860934795223e-01 4.802109673619270325e-03
1.366117280424966329e-01 4.673048388212919235e-03
1.642434219771199688e-01 4.554749932140111923e-03
1.885766797500710024e-01 4.446361679583787918e-03
2.067702176470289366e-01 4.347690381109714508e-03
2.374039742091349214e-01 4.257410764694213867e-03
2.603082813980555077e-01 4.173463676124811172e-03
2.725762327459708700e-01 4.094083793461322784e-03
2.988738959928071148e-01 4.018346313387155533e-03
3.277087103524789491e-01 3.946043550968170166e-03
3.431531460550240054e-01 3.876022528856992722e-03
3.762599425872716896e-01 3.806667169556021690e-03
3.939925273711246678e-01 3.738087136298418045e-03
4.125608231290300298e-01 3.671518526971340179e-03
4.320042157057852328e-01 3.607321297749876976e-03
4.736832031633308460e-01 3.544393461197614670e-03
4.960072047645178728e-01 3.482126165181398392e-03
5.193833041478548296e-01 3.420221153646707535e-03
5.438610851542219349e-01 3.359851660206913948e-03
5.694924684389270908e-01 3.276175819337368011e-03
5.963318216023762997e-01 3.200498875230550766e-03
6.244360745110443256e-01 3.153437050059437752e-03
6.538648400533531024e-01 3.106963355094194412e-03
6.846805405866013272e-01 3.037178888916969299e-03
7.169485403431529180e-01 2.969392575323581696e-03
7.507372840767374544e-01 2.903064247220754623e-03
7.861184422429497998e-01 2.835006453096866608e-03
8.231670630218950180e-01 2.766071585938334465e-03
8.619617315054403095e-01 2.682006917893886566e-03
9.025847363867310902e-01 2.622858155518770218e-03
9.451222445055416088e-01 2.563886344432830811e-03
9.896644836196951678e-01 2.484659664332866669e-03
1.036305933790234501e+00 2.407208550721406937e-03
1.085145527786299802e+00 2.337504178285598755e-03
1.136286860934794696e+00 2.253352431580424309e-03
1.189838410859966222e+00 2.168893348425626755e-03
1.245913767578986198e+00 2.104302402585744858e-03
1.304631874441609662e+00 2.027664333581924438e-03
1.366117280424966163e+00 1.939897541888058186e-03
1.430500404318638674e+00 1.860312535427510738e-03
1.497917811360400808e+00 1.790624577552080154e-03
1.568512502909397810e+00 1.722765155136585236e-03
1.642434219771200077e+00 1.654972787946462631e-03
1.719839759818128755e+00 1.595476642251014709e-03
1.800893310578565165e+00 1.534059760160744190e-03
1.885766797500710190e+00 1.467450289055705070e-03
1.974640248629512929e+00 1.401949441060423851e-03
2.067702176470289199e+00 1.339521142654120922e-03
2.165149977849019081e+00 1.285766949877142906e-03
2.267190352617480364e+00 1.237442018464207649e-03
2.374039742091349048e+00 1.189067494124174118e-03
2.485924788151246734e+00 1.130154123529791832e-03
2.603082813980555077e+00 1.072936458513140678e-03
2.725762327459708700e+00 1.017632894217967987e-03
2.854223548284725354e+00 9.591999696567654610e-04
2.988738959928070926e+00 9.055775590240955353e-04
3.129593887612636571e+00 8.521113195456564426e-04
3.277087103524790379e+00 7.955486071296036243e-04
3.431531460550241608e+00 7.412892882712185383e-04
3.593254555876957745e+00 6.880724686197936535e-04
3.762599425872718673e+00 6.462883320637047291e-04
3.939925273711248010e+00 6.021850276738405228e-04
4.125608231290302186e+00 5.498095415532588959e-04
4.320042157057854659e+00 4.957602941431105137e-04
4.523639471438666959e+00 4.464128578547388315e-04
4.736832031633308127e+00 4.053282027598470449e-04
4.960072047645175175e+00 3.719460219144821167e-04
5.193833041478544743e+00 3.407404874451458454e-04
5.438610851542216906e+00 3.012728120665997267e-04
5.694924684389268243e+00 2.789596619550138712e-04
5.963318216023761664e+00 2.583395107649266720e-04
6.244360745110442146e+00 2.254868741147220135e-04
6.538648400533531024e+00 2.061969134956598282e-04
6.846805405866013494e+00 2.028348098974674940e-04
7.169485403431528958e+00 1.945924595929682255e-04
7.507372840767374989e+00 1.742125605233013630e-04
7.861184422429498220e+00 1.472484291298314929e-04
8.231670630218948403e+00 1.213085342897102237e-04
8.619617315054401985e+00 1.068851270247250795e-04
9.025847363867310236e+00 8.926552982302382588e-05
9.451222445055416088e+00 7.279971759999170899e-05
9.896644836196950124e+00 4.782030373462475836e-05
1.036305933790234590e+01 1.611729203432332724e-05
1.085145527786299979e+01 1.266122126253321767e-05
1.136286860934795584e+01 1.918951238621957600e-05
1.189838410859966977e+01 -4.313661975174909458e-06
1.245913767578986686e+01 -5.410623271018266678e-05
1.304631874441610329e+01 -9.828875772655010223e-05
1.366117280424967007e+01 -9.910880180541425943e-05
1.430500404318639163e+01 -1.083592578652314842e-04
1.497917811360400897e+01 -7.584506965940818191e-05
1.568512502909397099e+01 -3.918862785212695599e-05
1.642434219771199366e+01 5.229681391938356683e-06
1.719839759818128044e+01 3.264308907091617584e-05
1.800893310578564055e+01 1.634405271033756435e-05
1.885766797500709657e+01 -3.410157205507857725e-06
1.974640248629512840e+01 -2.496737943147309124e-05
2.067702176470289288e+01 -6.070347080822102726e-05
2.165149977849018725e+01 -5.802093801321461797e-05
2.267190352617480542e+01 -6.080981256673112512e-05
2.374039742091349581e+01 -1.811745823943056166e-05
2.485924788151246645e+01 1.453128788853064179e-05
2.603082813980554988e+01 3.611322881624801084e-06
2.725762327459708345e+01 -3.170564377796836197e-05
2.854223548284724998e+01 -3.187738548149354756e-05
2.988738959928070926e+01 -9.718748515297193080e-06
3.129593887612636749e+01 3.808894916801364161e-06
3.277087103524790734e+01 1.130095643020467833e-05
3.431531460550241519e+01 -6.550954276463016868e-05
3.593254555876957568e+01 -5.797575431643053889e-05
3.762599425872718228e+01 -7.019495387794449925e-05
3.939925273711248366e+01 -7.001066842349246144e-05
4.125608231290302541e+01 -6.088957889005541801e-05
4.320042157057854126e+01 -5.345367026166059077e-05
4.523639471438667670e+01 5.279271135805174708e-06
4.736832031633310436e+01 -5.698300083167850971e-05
4.960072047645179083e+01 -1.140652311732992530e-04
5.193833041478545454e+01 -8.318907021021004766e-06
5.438610851542216551e+01 -6.891947850817814469e-05
5.694924684389268066e+01 -8.020010864129289985e-05
5.963318216023762375e+01 -5.779807179351337254e-05
6.244360745110442679e+01 1.109031945816241205e-04
6.538648400533530491e+01 6.977401790209114552e-05
6.846805405866012961e+01 3.343080607010051608e-05
7.169485403431528425e+01 -2.189694532717112452e-05
7.507372840767374100e+01 -3.538558530635782517e-06
7.861184422429498397e+01 6.445911276387050748e-05
8.231670630218950180e+01 5.886377039132639766e-05
8.619617315054402695e+01 9.269177826354280114e-05
9.025847363867310946e+01 7.493825978599488735e-05
9.451222445055417154e+01 -1.010439300443977118e-04
9.896644836196954031e+01 -8.766640530666336417e-05
1.036305933790234661e+02 -3.468272552709095180e-05
1.085145527786299908e+02 -2.612150456116069108e-05
1.136286860934795442e+02 -1.230141206178814173e-04
1.189838410859966729e+02 -9.557455632602795959e-05
1.245913767578986722e+02 1.308311402681283653e-05
1.304631874441610364e+02 1.011805507005192339e-04
1.366117280424967078e+02 -2.631000279507134110e-05
1.430500404318639198e+02 -2.355857577640563250e-04
1.497917811360401572e+02 -7.245201413752511144e-05
1.568512502909396744e+02 1.625905133550986648e-04
1.642434219771199082e+02 1.421599299646914005e-04
1.719839759818127902e+02 9.571325790602713823e-05
1.800893310578564126e+02 2.217262590420432389e-05
1.885766797500709799e+02 -4.832286140299402177e-05
1.974640248629512769e+02 -1.624280703254044056e-04
2.067702176470289146e+02 -1.883647491922602057e-04
2.165149977849018796e+02 1.737671664159279317e-05
2.267190352617481608e+02 -4.455361340660601854e-04
