2.374039742091349145e-02 5.682966601420411101e-03
4.736832031633308321e-02 5.428421357913294602e-03
6.846805405866014660e-02 5.184535111153724778e-03
9.451222445055411370e-02 4.994695615822046519e-03
1.136286860934795223e-01 4.843314250386830666e-03
1.366117280424966329e-01 4.710653807301244493e-03
1.642434219771199688e-01 4.589651448843685456e-03
1.885766797500710301e-01 4.479407349080004840e-03
2.067702176470289366e-01 4.378864021233891922e-03
2.374039742091349492e-01 4.284835778111772790e-03
2.603082813980555077e-01 4.194653575983596332e-03
2.725762327459708700e-01 4.106837029911694116e-03
2.988738959928071148e-01 4.021076055035334093e-03
3.277087103524790046e-01 3.937489440115563531e-03
3.431531460550240609e-01 3.857618687743899748e-03
3.762599425872716341e-01 3.782838615537245045e-03
3.939925273711246123e-01 3.712005172945640006e-03
4.125608231290300298e-01 3.643284850135604380e-03
4.320042157057852328e-01 3.575316046144599684e-03
4.736832031633308460e-01 3.508380373057356453e-03
4.960072047645178728e-01 3.443179095584609443e-03
5.193833041478548296e-01 3.380190428928891034e-03
5.438610851542220459e-01 3.318834681626041741e-03
5.694924684389270908e-01 3.229966598154743098e-03
5.963318216023762997e-01 3.144045112143364299e-03
6.244360745110443256e-01 3.087529546921862281e-03
6.538648400533532135e-01 3.030670472644046796e-03
6.846805405866014382e-01 2.945153826398884921e-03
7.169485403431529180e-01 2.861863513982220147e-03
7.507372840767374544e-01 2.782279454575673459e-03
7.861184422429497998e-01 2.705189160371281130e-03
8.231670630218950180e-01 2.628761125267537087e-03
8.619617315054403095e-01 2.527126246324142705e-03
9.025847363867310902e-01 2.455169380773637115e-03
9.451222445055416088e-01 2.389807452973526612e-03
9.896644836196950568e-01 2.311009444217789009e-03
1.036305933790234501e+00 2.243912477327628628e-03
1.085145527786299802e+00 2.179336005120978761e-03
1.136286860934794918e+00 2.089351019088791020e-03
1.189838410859966222e+00 2.001879909335784434e-03
1.245913767578986198e+00 1.938547379620473177e-03
1.304631874441609662e+00 1.862596523420774605e-03
1.366117280424966163e+00 1.783400818830791672e-03
1.430500404318638674e+00 1.712708769202724154e-03
1.497917811360400586e+00 1.643995660625441812e-03
1.568512502909397810e+00 1.577844932972358562e-03
1.642434219771200077e+00 1.517056674974972532e-03
1.719839759818128755e+00 1.459109363202510702e-03
1.800893310578565165e+00 1.399746270150648703e-03
1.885766797500710190e+00 1.336476323477724494e-03
1.974640248629512929e+00 1.278219042598842132e-03
2.067702176470289199e+00 1.226465834572804895e-03
2.165149977849019081e+00 1.179006105097123516e-03
2.267190352617480364e+00 1.130540065013088203e-03
2.374039742091349492e+00 1.081012194604998033e-03
2.485924788151246734e+00 1.021985766684229118e-03
2.603082813980555077e+00 9.701613485605753515e-04
2.725762327459708700e+00 9.165005849371665172e-04
2.854223548284725354e+00 8.645288589666788592e-04
2.988738959928070926e+00 8.102923560011273405e-04
3.129593887612636571e+00 7.473267222504719745e-04
3.277087103524790379e+00 6.828481659340765973e-04
3.431531460550242052e+00 6.199144032530925401e-04
3.593254555876957745e+00 5.684409844273396930e-04
3.762599425872718673e+00 5.163759932683045350e-04
3.939925273711248010e+00 4.562582374261199103e-04
4.125608231290302186e+00 4.063322208472796172e-04
4.320042157057854659e+00 3.641432618130951700e-04
4.523639471438666959e+00 3.074724585341155028e-04
4.736832031633308127e+00 2.533081423184516687e-04
4.960072047645176063e+00 2.017493298184829724e-04
5.193833041478546519e+00 1.509742737946189839e-04
5.438610851542217794e+00 1.154947224503900685e-04
5.694924684389268243e+00 7.674414136012965221e-05
5.963318216023761664e+00 4.755366480962513299e-05
6.244360745110442146e+00 1.210185453302791254e-05
6.538648400533531913e+00 -1.940379779717141829e-05
6.846805405866014382e+00 -2.868975018891026257e-05
7.169485403431528958e+00 -3.982094877031730349e-05
7.507372840767374989e+00 -7.101172125350352436e-05
7.861184422429498220e+00 -7.608728454470437290e-05
8.231670630218950180e+00 -6.339228423001074897e-05
8.619617315054403761e+00 -5.106193904303980385e-05
9.025847363867310236e+00 -3.681291774938537739e-05
9.451222445055416088e+00 -2.038555370232311606e-05
9.896644836196951900e+00 4.051362870587717163e-07
1.036305933790234590e+01 7.235359072935897696e-06
1.085145527786299979e+01 1.312470223990545711e-05
1.136286860934795406e+01 -1.923174983960490697e-05
1.189838410859966800e+01 -2.702021245650615931e-05
1.245913767578986686e+01 1.647578186984090557e-05
1.304631874441610329e+01 2.167850413930449217e-05
1.366117280424967007e+01 2.677839172493921911e-05
1.430500404318639163e+01 3.980909003751229475e-05
1.497917811360400897e+01 1.106365640177037869e-04
1.568512502909397099e+01 1.268575457356898423e-04
1.642434219771199366e+01 9.845524305922048790e-05
1.719839759818128044e+01 7.200423658643514578e-05
1.800893310578564055e+01 5.613798662380817327e-05
1.885766797500709657e+01 3.227630413329457868e-05
1.974640248629512840e+01 -3.331541785909148046e-05
2.067702176470289288e+01 -6.126826372852415051e-05
2.165149977849018725e+01 -6.257685356943914774e-05
2.267190352617480542e+01 -6.249990932999838385e-05
2.374039742091349225e+01 -1.066051521359045686e-04
2.485924788151246645e+01 -8.951471705481936774e-05
2.603082813980555343e+01 -3.128056001286189434e-05
2.725762327459708700e+01 4.749794025421869823e-05
2.854223548284725354e+01 1.190824476563794092e-04
2.988738959928070926e+01 1.266966293310726956e-04
3.129593887612637104e+01 1.044810571868123514e-04
3.277087103524790734e+01 4.878510862202993753e-05
3.431531460550241519e+01 -5.328727605555355190e-05
3.593254555876957568e+01 -4.340845384643742986e-05
3.762599425872718939e+01 2.113039186361545412e-06
3.939925273711248366e+01 7.312266708345936260e-05
4.125608231290302541e+01 -2.189178738200490723e-05
4.320042157057854126e+01 1.362530333126217292e-05
4.523639471438667670e+01 1.011728478247451014e-05
4.736832031633310436e+01 8.284257627383006444e-06
4.960072047645179083e+01 -7.611227482873050861e-06
5.193833041478545454e+01 -4.270392487888227946e-07
5.438610851542216551e+01 1.815430340483647134e-05
5.694924684389268066e+01 -2.621412361543198435e-05
5.963318216023762375e+01 1.943744064933130761e-05
6.244360745110443389e+01 5.261350128565806986e-05
6.538648400533531913e+01 9.574167302947179784e-05
6.846805405866012961e+01 7.796630904089089215e-05
7.169485403431529846e+01 -1.872244962822639975e-05
7.507372840767375521e+01 -9.373583915939597255e-06
7.861184422429498397e+01 -6.218161397161647418e-05
8.231670630218950180e+01 -9.818437022443160403e-05
8.619617315054402695e+01 -3.192897731460897780e-05
9.025847363867310946e+01 4.741059541318367731e-05
9.451222445055415733e+01 9.984065137643527248e-05
9.896644836196952610e+01 7.754383877153706169e-05
1.036305933790234661e+02 5.157403373233545164e-05
1.085145527786300050e+02 4.401359018035567871e-06
1.136286860934795442e+02 -1.755793273563452991e-04
1.189838410859966871e+02 -7.713798298723784867e-05
1.245913767578986722e+02 5.323198045204776866e-05
1.304631874441610364e+02 4.353990147051819200e-05
1.366117280424967078e+02 -7.518586428338060125e-05
1.430500404318639198e+02 -2.207234482792076766e-06
1.497917811360401572e+02 8.406532948629904590e-05
1.568512502909397028e+02 -1.346541793435630872e-04
1.642434219771199366e+02 3.212377385665930572e-05
1.719839759818127902e+02 -2.173229890512538918e-04
1.800893310578564126e+02 1.774246779336516268e-04
1.885766797500709799e+02 1.110103537340362669e-04
1.974640248629512769e+02 -3.489403887420038954e-05
2.067702176470289146e+02 -4.248949715172200398e-05
2.165149977849018796e+02 -6.371614639112322885e-06
2.267190352617480471e+02 -9.048773487330907209e-05
