2.374039742091349145e-02 5.690242629498243332e-03
4.736832031633308321e-02 5.430597811937332153e-03
6.846805405866014660e-02 5.183646455407142639e-03
9.451222445055411370e-02 4.993871785700321198e-03
1.136286860934795223e-01 4.844123497605323792e-03
1.366117280424966329e-01 4.712770227342844009e-03
1.642434219771199688e-01 4.591947421431541443e-03
1.885766797500710024e-01 4.482484888285398483e-03
2.067702176470289366e-01 4.384041763842105865e-03
2.374039742091349214e-01 4.293286241590976715e-03
2.603082813980555077e-01 4.207329824566841125e-03
2.725762327459708700e-01 4.126274492591619492e-03
2.988738959928071148e-01 4.051416646689176559e-03
3.277087103524789491e-01 3.983225207775831223e-03
3.431531460550240054e-01 3.920164424926042557e-03
3.762599425872716896e-01 3.859429387375712395e-03
3.939925273711246678e-01 3.800119040533900261e-03
4.125608231290300298e-01 3.742949338629841805e-03
4.320042157057852328e-01 3.687569871544837952e-03
4.736832031633308460e-01 3.632897045463323593e-03
4.960072047645178728e-01 3.578688250854611397e-03
5.193833041478548296e-01 3.525162814185023308e-03
5.438610851542219349e-01 3.471577074378728867e-03
5.694924684389270908e-01 3.391331061720848083e-03
5.963318216023762997e-01 3.314904868602752686e-03
6.244360745110443256e-01 3.267135471105575562e-03
6.538648400533531024e-01 3.219464328140020370e-03
6.846805405866013272e-01 3.146032337099313736e-03
7.169485403431529180e-01 3.074948908761143684e-03
7.507372840767374544e-01 3.008787054568529129e-03
7.861184422429497998e-01 2.943159779533743858e-03
8.231670630218950180e-01 2.878389786928892136e-03
8.619617315054403095e-01 2.794099505990743637e-03
9.025847363867310902e-01 2.729933476075530052e-03
9.451222445055416088e-01 2.667093649506568909e-03
9.896644836196951678e-01 2.589772455394268036e-03
1.036305933790234501e+00 2.518400084227323532e-03
1.085145527786299802e+00 2.445619087666273117e-03
1.136286860934794696e+00 2.355349482968449593e-03
1.189838410859966222e+00 2.270239405333995819e-03
1.245913767578986198e+00 2.208238467574119568e-03
1.304631874441609662e+00 2.136806724593043327e-03
1.366117280424966163e+00 2.058211248368024826e-03
1.430500404318638674e+00 1.982561545446515083e-03
1.497917811360400808e+00 1.907088328152894974e-03
1.568512502909397810e+00 1.834600698202848434e-03
1.642434219771200077e+00 1.764831948094069958e-03
1.719839759818128755e+00 1.700810156762599945e-03
1.800893310578565165e+00 1.626242301426827908e-03
1.885766797500710190e+00 1.551826484501361847e-03
1.974640248629512929e+00 1.485249958932399750e-03
2.067702176470289199e+00 1.420764718204736710e-03
2.165149977849019081e+00 1.360601745545864105e-03
2.267190352617480364e+00 1.308031845837831497e-03
2.374039742091349048e+00 1.242641126736998558e-03
2.485924788151246734e+00 1.170938601717352867e-03
2.603082813980555077e+00 1.104980357922613621e-03
2.725762327459708700e+00 1.038750167936086655e-03
2.854223548284725354e+00 9.721438400447368622e-04
2.988738959928070926e+00 9.025211911648511887e-04
3.129593887612636571e+00 8.228892111219465733e-04
3.277087103524790379e+00 7.490314892493188381e-04
3.431531460550241608e+00 6.731302128173410892e-04
3.593254555876957745e+00 6.078231381252408028e-04
3.762599425872718673e+00 5.513102514669299126e-04
3.939925273711248010e+00 5.004543927498161793e-04
4.125608231290302186e+00 4.570008895825594664e-04
4.320042157057854659e+00 4.357200814411044121e-04
4.523639471438666959e+00 4.011334385722875595e-04
4.736832031633308127e+00 3.582113131415098906e-04
4.960072047645175175e+00 3.206442343071103096e-04
5.193833041478544743e+00 2.835931081790477037e-04
5.438610851542216906e+00 2.480758412275463343e-04
5.694924684389268243e+00 2.114204835379496217e-04
5.963318216023761664e+00 1.988919248105958104e-04
6.244360745110442146e+00 1.775622222339734435e-04
6.538648400533531024e+00 1.591306354384869337e-04
6.846805405866013494e+00 1.338495640084147453e-04
7.169485403431528958e+00 1.104345865314826369e-04
7.507372840767374989e+00 8.866326243150979280e-05
7.861184422429498220e+00 8.319250628119334579e-05
8.231670630218948403e+00 6.777793896617367864e-05
8.619617315054401985e+00 4.406500011100433767e-05
9.025847363867310236e+00 2.428991865599527955e-05
9.451222445055416088e+00 5.723558388126548380e-06
9.896644836196950124e+00 -3.659683352452702820e-05
1.036305933790234590e+01 -5.327004328137263656e-05
1.085145527786299979e+01 -8.070455805864185095e-05
1.136286860934795584e+01 -4.750721564050763845e-05
1.189838410859966977e+01 -1.226105541718425229e-05
1.245913767578986686e+01 2.450255124131217599e-05
1.304631874441610329e+01 3.529354216880165040e-05
1.366117280424967007e+01 6.206655234564095736e-05
1.430500404318639163e+01 9.657680493546649814e-05
1.497917811360400897e+01 1.481193030485883355e-04
1.568512502909397099e+01 2.034728531725704670e-04
1.642434219771199366e+01 2.243879716843366623e-04
1.719839759818128044e+01 2.274727303301915526e-04
1.800893310578564055e+01 2.043346612481400371e-04
1.885766797500709657e+01 1.524704712210223079e-04
1.974640248629512840e+01 1.277253031730651855e-04
2.067702176470289288e+01 1.247404579771682620e-04
2.165149977849018725e+01 9.725068957777693868e-05
2.267190352617480542e+01 4.471697684493847191e-05
2.374039742091349581e+01 3.680727240862324834e-05
2.485924788151246645e+01 -1.018220700643723831e-05
2.603082813980554988e+01 -4.778239235747605562e-05
2.725762327459708345e+01 -4.867396637564525008e-05
2.854223548284724998e+01 -6.443346501328051090e-05
2.988738959928070926e+01 -5.200785017223097384e-05
3.129593887612636749e+01 1.609823993931058794e-05
3.277087103524790734e+01 6.333497731247916818e-05
3.431531460550241519e+01 7.386299694189801812e-05
3.593254555876957568e+01 3.257054413552395999e-05
3.762599425872718228e+01 4.951264418195933104e-05
3.939925273711248366e+01 -3.918622314813546836e-05
4.125608231290302541e+01 -2.461992335156537592e-05
4.320042157057854126e+01 -4.676200478570535779e-05
4.523639471438667670e+01 -3.219668724341318011e-05
4.736832031633310436e+01 -1.103604608942987397e-05
4.960072047645179083e+01 -1.960764893738087267e-05
5.193833041478545454e+01 4.600100146490149200e-05
5.438610851542216551e+01 4.040947533212602139e-05
5.694924684389268066e+01 -4.907943366561084986e-05
5.963318216023762375e+01 -3.873534660669974983e-05
6.244360745110442679e+01 3.179226041538640857e-05
6.538648400533530491e+01 5.071590931038372219e-05
6.846805405866012961e+01 6.844066228950396180e-05
7.169485403431528425e+01 -6.353900243993848562e-05
7.507372840767374100e+01 -1.872832945082336664e-04
7.861184422429498397e+01 3.719895175890997052e-05
8.231670630218950180e+01 7.530704169766977429e-05
8.619617315054402695e+01 -3.166220994899049401e-05
9.025847363867310946e+01 8.789506864559371024e-06
9.451222445055417154e+01 -1.556513743707910180e-04
9.896644836196954031e+01 -6.536598812090232968e-05
1.036305933790234661e+02 2.043907988991122693e-05
1.085145527786299908e+02 -8.116378739941865206e-05
1.136286860934795442e+02 -1.092632592190057039e-04
1.189838410859966729e+02 -1.951337326318025589e-04
1.245913767578986722e+02 -5.936318484600633383e-05
1.304631874441610364e+02 -5.390390651882626116e-05
1.366117280424967078e+02 -1.004135629045777023e-04
1.430500404318639198e+02 -7.149502926040440798e-05
1.497917811360401572e+02 -2.122829755535349250e-04
1.568512502909396744e+02 -6.434448005165904760e-05
1.642434219771199082e+02 2.542887232266366482e-04
1.719839759818127902e+02 2.690856053959578276e-04
1.800893310578564126e+02 1.735948899295181036e-05
1.885766797500709799e+02 5.978990157018415630e-05
1.974640248629512769e+02 -3.070363891310989857e-05
2.067702176470289146e+02 -2.205423515988513827e-04
2.165149977849018796e+02 -1.195087461383081973e-04
2.267190352617481608e+02 -6.162949284771457314e-05
