4.402668768255081886e+03 9.051374245432973475e-03
8.702291228692711229e+03 9.255989073606078754e-03
1.276695311178296288e+04 1.228901457408398956e-02
1.720090168377494410e+04 5.799849993019088983e-03
2.128263827136110922e+04 9.229227346818139749e-03
2.633296208052037036e+04 8.439773935851166767e-03
2.992156217165216731e+04 9.006630378895544992e-03
3.399920905420427152e+04 3.730575103439143832e-03
3.863254898524766031e+04 2.656136775135089275e-03
4.389731063208368869e+04 5.932170987341475570e-03
4.779996890100365999e+04 4.167442614715298997e-03
5.204959014657664375e+04 6.227883902286331617e-03
5.667702085826511757e+04 4.000542794096077250e-03
5.914279763961255958e+04 3.180907229507810071e-03
6.440084477124233672e+04 4.611682931727640114e-03
7.012635473421998904e+04 2.889164113003868037e-03
7.317725498701544711e+04 2.725268455026304271e-03
7.636088696938367502e+04 1.797266965906499587e-03
8.314969572923783562e+04 1.026275730339354635e-03
8.676718631008510420e+04 1.559736729764614124e-03
9.054205856247972406e+04 1.436501515794384601e-03
9.448115949541462760e+04 9.448044073342568624e-04
9.859163400220239419e+04 1.452775326337183738e-03
1.028809378201585205e+05 3.092015221623212445e-03
1.073568510541054857e+05 1.317810328358449143e-03
1.120274922882271931e+05 8.893424451430956669e-04
1.169013333118703304e+05 1.555718893456769711e-03
1.219872144860027474e+05 1.328158855279677449e-03
1.272943607782017789e+05 1.431604653307500495e-03
1.328323984952562314e+05 1.131334421029402213e-03
1.386113727437329653e+05 9.863134474259219967e-04
1.446417656501793244e+05 1.625152229019245342e-03
1.509345153740085370e+05 1.599830828465393078e-03
1.575010359475556761e+05 1.181092913579119379e-03
1.643532379792899883e+05 9.106708157610033782e-04
1.715035502577361767e+05 8.905494047099467899e-04
1.789649422952906752e+05 6.421518930827846850e-04
1.867509478528243199e+05 5.520532763523522922e-04
1.948756894877398154e+05 5.272695417777640593e-04
2.033539041700111702e+05 8.416111225268995723e-04
2.122009700126690441e+05 9.534452946786489171e-04
2.214329341652157309e+05 6.541761137140488305e-04
2.310665419205641374e+05 7.337926072387920568e-04
2.411192670882964740e+05 8.509032689389059434e-04
2.516093436893345497e+05 1.231195705298865350e-03
2.625557990295106429e+05 7.276453181653641349e-04
2.739784882120293914e+05 6.588530986742911115e-04
2.858981301514200750e+05 1.155247126112306016e-03
2.983363451543037081e+05 7.322190158482476180e-04
3.113156941351395799e+05 7.837428822975935246e-04
3.248597195380828343e+05 4.883805308361605741e-04
3.389929880391783081e+05 6.161574182513994326e-04
3.537411351063454640e+05 4.569470154477878795e-04
3.691309114979797741e+05 3.230099755608518519e-04
3.851902317845114740e+05 3.181740709239379533e-04
4.019482249809301575e+05 3.183025622034430500e-04
4.194352873821160174e+05 4.108131262159171108e-04
4.376831376968135592e+05 3.530013701112698962e-04
4.567248745802495978e+05 2.702872088504866240e-04
4.765950366697513964e+05 4.448449632273520585e-04
4.973296652322599548e+05 4.278962196586561027e-04
5.189663695373724331e+05 3.853817941526325595e-04
5.415443950744860340e+05 2.948398880654443978e-04
5.651046947377803735e+05 3.840312456590255210e-04
5.896900031081594061e+05 3.750124760219314336e-04
6.153449139668828575e+05 3.612825534546716742e-04
6.421159611814880045e+05 2.376182939233543654e-04
6.700517031107150251e+05 2.456007388219315379e-04
6.992028106815317878e+05 2.023678856162514582e-04
7.296221592980173882e+05 1.562062865232685866e-04
7.613649247488108231e+05 1.363558490884731746e-04
7.944886832870859653e+05 1.453612582578519999e-04
8.290535160645822762e+05 1.596258050293008070e-04
8.651221181091160979e+05 1.773760996282866900e-04
9.027599120432427153e+05 1.745721208008850370e-04
9.420351667503338540e+05 2.047038360445342566e-04
9.830191212033139309e+05 1.872727886799511457e-04
1.025786113680658164e+06 1.423884892447133111e-04
1.070413716604031390e+06 1.413947553915733302e-04
1.116982877242140938e+06 2.078569644064240743e-04
1.165578064536016202e+06 1.909204369071451689e-04
1.216287422312036389e+06 1.840487212136557695e-04
1.269202929160604253e+06 1.483401853274780608e-04
1.324420565270459978e+06 1.399802264202155012e-04
1.382040486521255923e+06 1.403256543555151217e-04
1.442167206150156213e+06 1.315301434087449311e-04
1.504909784321977990e+06 1.286302325607272337e-04
1.570382025946733309e+06 1.354246761587442392e-04
1.638702687103363918e+06 1.251773326316663222e-04
1.709995690444097621e+06 1.256100205573862090e-04
1.784390349970143754e+06 1.192153052573269464e-04
1.862021605586416787e+06 1.179350694183105112e-04
1.943030267860745313e+06 1.116564619158909565e-04
2.027563273431514390e+06 9.532254622773557538e-05
2.115773951527012512e+06 9.331588622613527990e-05
2.207822302079902031e+06 1.037763815440035080e-04
2.303875285941275768e+06 1.035669083893376587e-04
2.404107127720690332e+06 1.046264486915639492e-04
2.508699631801488344e+06 9.904843489383076361e-05
2.617842512104606722e+06 9.596325385486554357e-05
2.731733736199009698e+06 9.838709008999123123e-05
2.850579884382903576e+06 9.454773072956472219e-05
2.974596524387058336e+06 9.053829442012290430e-05
3.104008602379877120e+06 9.411786693811844133e-05
3.239050850983437616e+06 8.908383522897710019e-05
3.379968215040580835e+06 8.491172471684981882e-05
3.527016295905329287e+06 7.992639219286917080e-05
3.680461815062484704e+06 7.629408302185726378e-05
3.840583097917342559e+06 7.631514116257257451e-05
4.007670578633065801e+06 7.508190359650929733e-05
4.182027326931377407e+06 7.668852814590589680e-05
4.363969597812118940e+06 7.539869013029710599e-05
4.553827405188770033e+06 7.386250358003489558e-05
4.751945120480441488e+06 7.399295882320311825e-05
4.958682097246030346e+06 7.322109017891603386e-05
5.174413322993571870e+06 7.414942737825105912e-05
5.399530099347066134e+06 7.357123890986944461e-05
5.634440751804465428e+06 7.427723559585272983e-05
5.879571370374216698e+06 7.264472707653254363e-05
6.135366582433775067e+06 7.302076079272398768e-05
6.402290359211891890e+06 7.165619698726390953e-05
6.680826857357543893e+06 7.060360289800628707e-05
6.971481297121950425e+06 6.944018928561077140e-05
7.274780878746563569e+06 6.920046874481715999e-05
7.591275738719213754e+06 6.882478629445056061e-05
7.921539947632909752e+06 6.910222609155842891e-05
8.266172551457234658e+06 6.922023689842713573e-05
8.625798658111047000e+06 6.935392972402522295e-05
9.001070571307353675e+06 6.913009679682025792e-05
9.392668973726961762e+06 6.881067727858624164e-05
9.801304161666996777e+06 6.860188142616420980e-05
1.022771733340373263e+07 6.860834653864465401e-05
1.067268193360666372e+07 6.878644857469083532e-05
1.113700505624227971e+07 7.097242341700895794e-05
1.162152890851223469e+07 7.361624272010763837e-05
1.212713233848130889e+07 7.639996266623123346e-05
1.265473242916593328e+07 7.924012685664029811e-05
1.320528616197475232e+07 8.216917011812496904e-05
1.377979215251848102e+07 8.528139133766562724e-05
1.437929246193742193e+07 8.867976063550081554e-05
1.500487448703214899e+07 9.222821483994396994e-05
1.565767293262583762e+07 9.587083475708154821e-05
1.633887186973565444e+07 9.965971115889113690e-05
1.704970688328647614e+07 1.036261997366069471e-04
1.779146731326251104e+07 1.078416042582667410e-04
1.856549859336193278e+07 1.122042974486780049e-04
1.937320469139645621e+07 1.167423228509064379e-04
2.021605065586232394e+07 1.214454858667323995e-04
2.109556527330185100e+07 1.264308520462149627e-04
