4.402668768255081886e+03 8.656061800422160460e-03
8.702291228692711229e+03 9.057766925576506145e-03
1.276695311178296288e+04 8.275241402117666442e-03
1.720090168377494410e+04 9.132261391194638339e-03
2.128263827136110922e+04 9.094441281191278578e-03
2.633296208052037036e+04 8.298877659910545990e-03
2.992156217165216731e+04 5.712285952734818227e-03
3.399920905420427152e+04 1.022023112241765043e-02
3.863254898524766031e+04 5.533460570860498223e-03
4.389731063208368869e+04 5.549868594401373943e-03
4.779996890100365999e+04 4.505164557818776283e-03
5.204959014657664375e+04 5.336472777580565131e-03
5.667702085826511757e+04 4.548381447488199919e-03
5.914279763961255958e+04 4.633208632506690891e-03
6.440084477124233672e+04 4.459461516706742130e-03
7.012635473421998904e+04 2.109018344587538021e-03
7.317725498701544711e+04 2.028440684294802957e-03
7.636088696938367502e+04 2.300382646362359156e-03
8.314969572923783562e+04 1.591767619545168865e-03
8.676718631008510420e+04 1.201437902911792503e-03
9.054205856247972406e+04 4.514494245880236283e-03
9.448115949541462760e+04 3.240442988731470891e-03
9.859163400220239419e+04 3.125604456656995780e-03
1.028809378201585205e+05 3.472018607654380265e-03
1.073568510541054857e+05 3.013736682550823085e-03
1.120274922882271931e+05 3.305063406147110746e-03
1.169013333118703304e+05 1.899573804563780503e-03
1.219872144860027474e+05 2.171143966545682411e-03
1.272943607782017789e+05 2.304670424884134802e-03
1.328323984952562314e+05 1.883821111226117876e-03
1.386113727437329653e+05 1.489088741539348112e-03
1.446417656501793244e+05 1.724896564679500709e-03
1.509345153740085370e+05 1.621040202153520727e-03
1.575010359475556761e+05 9.727610347377434359e-04
1.643532379792899883e+05 1.418712885013428352e-03
1.715035502577361767e+05 8.341004820939588831e-04
1.789649422952906752e+05 1.241515459173865490e-03
1.867509478528243199e+05 1.437658488586993641e-03
1.948756894877398154e+05 1.573612074719833460e-03
2.033539041700111702e+05 1.413038502356203218e-03
2.122009700126690441e+05 1.099722892413350058e-03
2.214329341652157309e+05 1.601751454959838466e-03
2.310665419205641374e+05 1.304016837647258703e-03
2.411192670882964740e+05 8.525037876377154723e-04
2.516093436893345497e+05 8.872434886374964752e-04
2.625557990295106429e+05 6.458458031661171985e-04
2.739784882120293914e+05 8.347912868947313710e-04
2.858981301514200750e+05 7.538390483845708355e-04
2.983363451543037081e+05 6.040414335197710110e-04
3.113156941351395799e+05 6.355994252053378830e-04
3.248597195380828343e+05 7.079028315079845908e-04
3.389929880391783081e+05 5.388349135878714490e-04
3.537411351063454640e+05 2.924382317586382758e-04
3.691309114979797741e+05 3.482072169699034240e-04
3.851902317845114740e+05 3.937665111029298734e-04
4.019482249809301575e+05 4.785275575051083433e-04
4.194352873821160174e+05 4.060264718883285209e-04
4.376831376968135592e+05 4.639602530121805118e-04
4.567248745802495978e+05 4.368443295419266589e-04
4.765950366697513964e+05 2.981689329100217713e-04
4.973296652322599548e+05 2.832817188907697488e-04
5.189663695373724331e+05 2.483970434669665445e-04
5.415443950744860340e+05 2.204281987362972733e-04
5.651046947377803735e+05 2.726703921963563137e-04
5.896900031081594061e+05 2.790697935880853903e-04
6.153449139668828575e+05 2.664738613092810398e-04
6.421159611814880045e+05 3.153031340181703811e-04
6.700517031107150251e+05 2.922538741229826782e-04
6.992028106815317878e+05 2.124995941500894248e-04
7.296221592980173882e+05 1.687123872394319878e-04
7.613649247488108231e+05 1.723666303341881074e-04
7.944886832870859653e+05 1.916040155630754091e-04
8.290535160645822762e+05 1.785820409295482626e-04
8.651221181091160979e+05 2.034548577707103031e-04
9.027599120432427153e+05 1.613866332855832782e-04
9.420351667503338540e+05 8.091313511948202569e-05
9.830191212033139309e+05 1.255103858237830881e-04
1.025786113680658164e+06 1.337131003596330240e-04
1.070413716604031390e+06 1.356315662500204408e-04
1.116982877242140938e+06 1.382303642583131923e-04
1.165578064536016202e+06 1.503663849070548000e-04
1.216287422312036389e+06 1.505856639138387367e-04
1.269202929160604253e+06 1.460005074658702945e-04
1.324420565270459978e+06 1.466723652717958097e-04
1.382040486521255923e+06 1.465732294975352005e-04
1.442167206150156213e+06 1.227316073942563387e-04
1.504909784321977990e+06 1.363862172736457761e-04
1.570382025946733309e+06 1.382896311388370921e-04
1.638702687103363918e+06 1.234679709931527059e-04
1.709995690444097621e+06 1.309948837165835530e-04
1.784390349970143754e+06 1.223328012402040746e-04
1.862021605586416787e+06 1.109904916249304554e-04
1.943030267860745313e+06 1.007993358326867550e-04
2.027563273431514390e+06 1.096712071418849715e-04
2.115773951527012512e+06 9.961528471997158573e-05
2.207822302079902031e+06 8.692951868116070542e-05
2.303875285941275768e+06 8.177362539493275822e-05
2.404107127720690332e+06 8.661858774974385644e-05
2.508699631801488344e+06 8.182101671096170389e-05
2.617842512104606722e+06 7.947187903716940128e-05
2.731733736199009698e+06 7.950867614654134256e-05
2.850579884382903576e+06 8.835802926379784320e-05
2.974596524387058336e+06 8.605159514724025312e-05
3.104008602379877120e+06 8.455015608358280768e-05
3.239050850983437616e+06 8.238601758743536714e-05
3.379968215040580835e+06 8.333632245200023043e-05
3.527016295905329287e+06 8.026109681135307899e-05
3.680461815062484704e+06 8.323810338378760621e-05
3.840583097917342559e+06 7.850479484611690942e-05
4.007670578633065801e+06 7.803821619684452580e-05
4.182027326931377407e+06 7.286810272017697656e-05
4.363969597812118940e+06 6.907354179152740755e-05
4.553827405188770033e+06 6.746976928632275475e-05
4.751945120480441488e+06 6.770632793931149454e-05
4.958682097246030346e+06 6.623315928789965735e-05
5.174413322993571870e+06 6.614431489340579331e-05
5.399530099347066134e+06 6.499062794838866711e-05
5.634440751804465428e+06 6.772334992616902978e-05
5.879571370374216698e+06 6.763519601910279006e-05
6.135366582433775067e+06 6.671247221539671640e-05
6.402290359211891890e+06 6.587089747615157355e-05
6.680826857357543893e+06 6.628470962587775786e-05
6.971481297121950425e+06 6.583993692083616605e-05
7.274780878746563569e+06 6.582916593683394455e-05
7.591275738719213754e+06 6.576429728625266522e-05
7.921539947632909752e+06 6.563695788040447762e-05
8.266172551457234658e+06 6.456057858642894921e-05
8.625798658111047000e+06 6.404830230478213962e-05
9.001070571307353675e+06 6.404126572330861038e-05
9.392668973726961762e+06 6.415853740448522924e-05
9.801304161666996777e+06 6.352343136110709333e-05
1.022771733340373263e+07 6.364947695131755194e-05
1.067268193360666372e+07 6.360894344973590188e-05
1.113700505624227971e+07 6.504702826479388247e-05
1.162152890851223469e+07 6.703246425108484545e-05
1.212713233848130889e+07 6.909903066377041567e-05
1.265473242916593328e+07 7.110282914890479289e-05
1.320528616197475232e+07 7.334265967018516609e-05
1.377979215251848102e+07 7.562679952723995718e-05
1.437929246193742193e+07 7.809807681362610800e-05
1.500487448703214899e+07 8.058968756650000209e-05
1.565767293262583762e+07 8.319475673737880431e-05
1.633887186973565444e+07 8.590402891065945280e-05
1.704970688328647614e+07 8.875150604431616952e-05
1.779146731326251104e+07 9.171324070867245732e-05
1.856549859336193278e+07 9.480865947893487168e-05
1.937320469139645621e+07 9.803967444570130133e-05
2.021605065586232394e+07 1.014514105528468340e-04
2.109556527330185100e+07 1.050214139139207803e-04
