4.402668768255080977e+03 1.427517620751029247e-02
8.702291228692711229e+03 8.982240096068844562e-03
1.276695311178296106e+04 1.041894227806364724e-02
1.720090168377494410e+04 7.701231466422248269e-03
2.128263827136110558e+04 8.810520598166605294e-03
2.633296208052036673e+04 8.240161423940614571e-03
2.992156217165216367e+04 6.937340075592816034e-03
3.399920905420426425e+04 6.036966708316504789e-03
3.863254898524766031e+04 9.734071041854702386e-03
4.389731063208368141e+04 1.010712331822988773e-02
4.779996890100366727e+04 6.473025375496333986e-03
5.204959014657664375e+04 7.708256662064988038e-03
5.667702085826511029e+04 8.314020330340210138e-03
5.914279763961255958e+04 7.135915220926157196e-03
6.440084477124233672e+04 5.603312171943231404e-03
7.012635473421998904e+04 4.903277813714797088e-03
7.317725498701544711e+04 5.163402301614323023e-03
7.636088696938366047e+04 5.888348786885501916e-03
8.314969572923782107e+04 5.960950979231116782e-03
8.676718631008510420e+04 6.271823634888866461e-03
9.054205856247972406e+04 5.924778178604135290e-03
9.448115949541462760e+04 6.359696935330524589e-03
9.859163400220239419e+04 5.344968491267066378e-03
1.028809378201585205e+05 5.601017401306655243e-03
1.073568510541054857e+05 5.631467403137956421e-03
1.120274922882271785e+05 6.233425346275814349e-03
1.169013333118703304e+05 4.199590081191707444e-03
1.219872144860027474e+05 5.147173118313112458e-03
1.272943607782017789e+05 3.508202891768467425e-03
1.328323984952562314e+05 4.097395538830186403e-03
1.386113727437329653e+05 4.781032127449645619e-03
1.446417656501793244e+05 5.222745297448445206e-03
1.509345153740085370e+05 5.264401687499924327e-03
1.575010359475556761e+05 4.911467789832474687e-03
1.643532379792899883e+05 4.923792992822869675e-03
1.715035502577361767e+05 4.673293353799760561e-03
1.789649422952906461e+05 5.532868368907988173e-03
1.867509478528242907e+05 5.394686962791448229e-03
1.948756894877398154e+05 4.740252741947058833e-03
2.033539041700111702e+05 4.982132507903736657e-03
2.122009700126690441e+05 4.908639264138090971e-03
2.214329341652157309e+05 4.942962918687586471e-03
2.310665419205641083e+05 4.843617840409412782e-03
2.411192670882964449e+05 4.994014871790480696e-03
2.516093436893345497e+05 4.350925075690765566e-03
2.625557990295107011e+05 4.111113437896464322e-03
2.739784882120293914e+05 4.460963858837461299e-03
2.858981301514200168e+05 4.765955553718478725e-03
2.983363451543037081e+05 4.714506278122789808e-03
3.113156941351395799e+05 4.402803526568913745e-03
3.248597195380828343e+05 4.686123949179796765e-03
3.389929880391783081e+05 4.762091887459880303e-03
3.537411351063454640e+05 4.562667050371745255e-03
3.691309114979797741e+05 4.482307698242846833e-03
3.851902317845114740e+05 4.412518526026702921e-03
4.019482249809301575e+05 4.371553788801260665e-03
4.194352873821160174e+05 4.359056751904800617e-03
4.376831376968135592e+05 4.265584211187145244e-03
4.567248745802495396e+05 4.268315064016981776e-03
4.765950366697513382e+05 4.409442062578323995e-03
4.973296652322599548e+05 4.202343057221710754e-03
5.189663695373723749e+05 4.208114857806518304e-03
5.415443950744859176e+05 4.162209916954220934e-03
5.651046947377803735e+05 4.293501629257910450e-03
5.896900031081594061e+05 4.304925759723250700e-03
6.153449139668828575e+05 4.222144573224327971e-03
6.421159611814880045e+05 4.247612831233520819e-03
6.700517031107150251e+05 4.168007323784405152e-03
6.992028106815317878e+05 4.166560490630939230e-03
7.296221592980173882e+05 4.206052221512044872e-03
7.613649247488108231e+05 4.166897720207153599e-03
7.944886832870859653e+05 4.192455166236122403e-03
8.290535160645822762e+05 4.194376870898025231e-03
8.651221181091159815e+05 4.105795190758614391e-03
9.027599120432425989e+05 4.162828760986909266e-03
9.420351667503338540e+05 4.139862116400877014e-03
9.830191212033140473e+05 4.127344392108484375e-03
1.025786113680658164e+06 4.072816221636009829e-03
1.070413716604031390e+06 4.089408027863004544e-03
1.116982877242140938e+06 4.109129125606999187e-03
1.165578064536016202e+06 4.098092093460381155e-03
1.216287422312036389e+06 4.078297218023991047e-03
1.269202929160604253e+06 4.034340420756640441e-03
1.324420565270459978e+06 4.053356577322008922e-03
1.382040486521255691e+06 4.024091715215564330e-03
1.442167206150155980e+06 4.045267513153758161e-03
1.504909784321977990e+06 4.019453810141711617e-03
1.570382025946733309e+06 3.978968699393875541e-03
1.638702687103363918e+06 3.980860992632565681e-03
1.709995690444097621e+06 3.977194072453085934e-03
1.784390349970143754e+06 3.960530009678625389e-03
1.862021605586416787e+06 3.986935757150151215e-03
1.943030267860745313e+06 3.976487083940855038e-03
2.027563273431514623e+06 3.974740394166967339e-03
2.115773951527012512e+06 3.965377664813315474e-03
2.207822302079902031e+06 3.972308808235291110e-03
2.303875285941275768e+06 3.959028212821082658e-03
2.404107127720690332e+06 3.959466308068856043e-03
2.508699631801488344e+06 3.954491254523472693e-03
2.617842512104606722e+06 3.967344378746391273e-03
2.731733736199009698e+06 3.963951300324635232e-03
2.850579884382903110e+06 3.954548543110848399e-03
2.974596524387058336e+06 3.954849730546175501e-03
3.104008602379877120e+06 3.952526343524663185e-03
3.239050850983437151e+06 3.948443385565176406e-03
3.379968215040580370e+06 3.951571132369831318e-03
3.527016295905329287e+06 3.953080016915082491e-03
3.680461815062484704e+06 3.953783029564855549e-03
3.840583097917342093e+06 3.940196521887476787e-03
4.007670578633065801e+06 3.936670697192379102e-03
4.182027326931377407e+06 3.941217300229241105e-03
4.363969597812118940e+06 3.940268868173874180e-03
4.553827405188770033e+06 3.940030430153763918e-03
4.751945120480441488e+06 3.938104961136753950e-03
4.958682097246030346e+06 3.937335754388044361e-03
5.174413322993571870e+06 3.936806673790578179e-03
5.399530099347066134e+06 3.937725981211749431e-03
5.634440751804464497e+06 3.938600361070935738e-03
5.879571370374217629e+06 3.939749460012323574e-03
6.135366582433775999e+06 3.938923673508803840e-03
6.402290359211891890e+06 3.943200577619413241e-03
6.680826857357543893e+06 3.943683729594632016e-03
6.971481297121950425e+06 3.942171826344770778e-03
7.274780878746563569e+06 3.939812481748415467e-03
7.591275738719213754e+06 3.938383986899718359e-03
7.921539947632909752e+06 3.940027975562592107e-03
8.266172551457234658e+06 3.939219060684092180e-03
8.625798658111047000e+06 3.936742995969496131e-03
9.001070571307353675e+06 3.936908344259557740e-03
9.392668973726961762e+06 3.937384927954252004e-03
9.801304161666996777e+06 3.937632217665382184e-03
1.022771733340373263e+07 3.936080201811689543e-03
1.067268193360666372e+07 3.935416782154277718e-03
1.113700505624227971e+07 3.935783110004959992e-03
1.162152890851223655e+07 3.936303952768525904e-03
1.212713233848131076e+07 3.936982690218104354e-03
1.265473242916593328e+07 3.937639438692532544e-03
1.320528616197475046e+07 3.938360581791035611e-03
1.377979215251847915e+07 3.939010023344692232e-03
1.437929246193742193e+07 3.940096023777974084e-03
1.500487448703214899e+07 3.941084662881330636e-03
1.565767293262583762e+07 3.942318380796104929e-03
1.633887186973565444e+07 3.943257647614831045e-03
1.704970688328647614e+07 3.944421278452578741e-03
1.779146731326251104e+07 3.945729492656562497e-03
1.856549859336193278e+07 3.947011216212883804e-03
1.937320469139645249e+07 3.948476758399689646e-03
2.021605065586232394e+07 3.949979052248110516e-03
2.109556527330185100e+07 3.951511712558811867e-03
