4.402668768255080977e+03 9.512830197201931764e-03
8.702291228692711229e+03 9.452872826050973468e-03
1.276695311178296106e+04 9.845204014257140368e-03
1.720090168377494410e+04 9.308818108006126565e-03
2.128263827136110558e+04 9.190733858877036741e-03
2.633296208052036673e+04 8.255150851030290671e-03
2.992156217165216367e+04 8.305131530925914662e-03
3.399920905420426425e+04 7.706256047494254059e-03
3.863254898524766031e+04 7.457059558422411867e-03
4.389731063208368141e+04 7.814350241502404301e-03
4.779996890100366727e+04 7.489548574401610863e-03
5.204959014657664375e+04 6.605033253923569408e-03
5.667702085826511029e+04 6.786723443931138959e-03
5.914279763961255958e+04 5.861149979507230927e-03
6.440084477124233672e+04 5.873084271382308756e-03
7.012635473421998904e+04 6.068287228020673857e-03
7.317725498701544711e+04 5.752016805909600759e-03
7.636088696938366047e+04 5.394570877472155274e-03
8.314969572923782107e+04 5.419522214940498961e-03
8.676718631008510420e+04 5.551598500466949603e-03
9.054205856247972406e+04 5.085207163618042300e-03
9.448115949541462760e+04 5.239095534843905312e-03
9.859163400220239419e+04 5.356104121623814739e-03
1.028809378201585205e+05 5.021372612805928906e-03
1.073568510541054857e+05 5.022438341899742621e-03
1.120274922882271785e+05 4.958579325166795684e-03
1.169013333118703304e+05 4.742601968079970289e-03
1.219872144860027474e+05 4.503758582887027774e-03
1.272943607782017789e+05 4.495573438652565763e-03
1.328323984952562314e+05 4.385864392705055709e-03
1.386113727437329653e+05 4.751449494930389678e-03
1.446417656501793244e+05 4.583455748921314889e-03
1.509345153740085370e+05 4.424224791843414661e-03
1.575010359475556761e+05 4.322055603732807665e-03
1.643532379792899883e+05 4.140692969403143332e-03
1.715035502577361767e+05 4.025134416283557628e-03
1.789649422952906461e+05 3.956757439710797269e-03
1.867509478528242907e+05 4.111797719125931047e-03
1.948756894877398154e+05 4.056328530198692779e-03
2.033539041700111702e+05 3.921776788296882713e-03
2.122009700126690441e+05 3.954247929482604743e-03
2.214329341652157309e+05 3.836770052551636851e-03
2.310665419205641083e+05 3.760122003664908945e-03
2.411192670882964449e+05 3.738328050014071841e-03
2.516093436893345497e+05 3.684102972026785314e-03
2.625557990295107011e+05 3.686207173085299504e-03
2.739784882120293914e+05 3.645203317407638005e-03
2.858981301514200168e+05 3.575408469337089997e-03
2.983363451543037081e+05 3.590244424095218392e-03
3.113156941351395799e+05 3.603609189704758218e-03
3.248597195380828343e+05 3.558949260667673697e-03
3.389929880391783081e+05 3.493197343718393560e-03
3.537411351063454640e+05 3.460742788096317964e-03
3.691309114979797741e+05 3.443361459177899514e-03
3.851902317845114740e+05 3.506377720152679869e-03
4.019482249809301575e+05 3.381362133537747870e-03
4.194352873821160174e+05 3.419817424802338614e-03
4.376831376968135592e+05 3.409965447142093362e-03
4.567248745802495396e+05 3.368988665023025207e-03
4.765950366697513382e+05 3.318143559380721825e-03
4.973296652322599548e+05 3.278670218999901135e-03
5.189663695373723749e+05 3.267096447285717294e-03
5.415443950744859176e+05 3.266701687266826241e-03
5.651046947377803735e+05 3.245423467151580758e-03
5.896900031081594061e+05 3.227178301693745758e-03
6.153449139668828575e+05 3.224912879654373565e-03
6.421159611814880045e+05 3.213210684719699974e-03
6.700517031107150251e+05 3.214538842324855122e-03
6.992028106815317878e+05 3.199078640763120245e-03
7.296221592980173882e+05 3.200206994651906556e-03
7.613649247488108231e+05 3.192428247695404744e-03
7.944886832870859653e+05 3.182624266892766784e-03
8.290535160645822762e+05 3.165653727089635504e-03
8.651221181091159815e+05 3.156552312247894176e-03
9.027599120432425989e+05 3.163263858786388716e-03
9.420351667503338540e+05 3.151117526193893299e-03
9.830191212033140473e+05 3.139210581399946333e-03
1.025786113680658164e+06 3.134468301325708372e-03
1.070413716604031390e+06 3.134737867384875584e-03
1.116982877242140938e+06 3.134891825543069128e-03
1.165578064536016202e+06 3.125212445643902465e-03
1.216287422312036389e+06 3.119090640582222827e-03
1.269202929160604253e+06 3.123139667713359033e-03
1.324420565270459978e+06 3.110516525406313310e-03
1.382040486521255691e+06 3.100811869760029382e-03
1.442167206150155980e+06 3.091690338108979419e-03
1.504909784321977990e+06 3.078283307643793487e-03
1.570382025946733309e+06 3.084263877870571224e-03
1.638702687103363918e+06 3.087388563731425627e-03
1.709995690444097621e+06 3.088541745302358227e-03
1.784390349970143754e+06 3.080560966280844384e-03
1.862021605586416787e+06 3.079639739373047930e-03
1.943030267860745313e+06 3.081311329906445684e-03
2.027563273431514623e+06 3.077173240690171674e-03
2.115773951527012512e+06 3.068671725074795589e-03
2.207822302079902031e+06 3.063939646905787951e-03
2.303875285941275768e+06 3.060220533852227396e-03
2.404107127720690332e+06 3.056801840240758097e-03
2.508699631801488344e+06 3.052514172826528357e-03
2.617842512104606722e+06 3.049974020882314542e-03
2.731733736199009698e+06 3.050746503844612312e-03
2.850579884382903110e+06 3.051617530021873137e-03
2.974596524387058336e+06 3.049082457753407062e-03
3.104008602379877120e+06 3.044965588303429581e-03
3.239050850983437151e+06 3.044241962678369794e-03
3.379968215040580370e+06 3.041457649393621791e-03
3.527016295905329287e+06 3.040579422294901156e-03
3.680461815062484704e+06 3.040355301080338406e-03
3.840583097917342093e+06 3.040922434966625808e-03
4.007670578633065801e+06 3.038282110238956640e-03
4.182027326931377407e+06 3.036360344640792568e-03
4.363969597812118940e+06 3.035947814427654001e-03
4.553827405188770033e+06 3.035426986357350320e-03
4.751945120480441488e+06 3.035882265587829237e-03
4.958682097246030346e+06 3.035475278438119501e-03
5.174413322993571870e+06 3.034333446901645633e-03
5.399530099347066134e+06 3.034475520986268469e-03
5.634440751804464497e+06 3.034800631465785735e-03
5.879571370374217629e+06 3.034410425040836266e-03
6.135366582433775999e+06 3.033461119645219830e-03
6.402290359211891890e+06 3.033405139660954111e-03
6.680826857357543893e+06 3.033123329597803893e-03
6.971481297121950425e+06 3.032757455957985852e-03
7.274780878746563569e+06 3.031695035499593332e-03
7.591275738719213754e+06 3.031267518625870797e-03
7.921539947632909752e+06 3.031172779519927720e-03
8.266172551457234658e+06 3.031038838296163176e-03
8.625798658111047000e+06 3.030489749005136485e-03
9.001070571307353675e+06 3.030308597538267784e-03
9.392668973726961762e+06 3.029968034028102889e-03
9.801304161666996777e+06 3.029673956219893285e-03
1.022771733340373263e+07 3.029494699848320118e-03
1.067268193360666372e+07 3.029288397420126962e-03
1.113700505624227971e+07 3.029066287744381237e-03
1.162152890851223655e+07 3.028773307356495952e-03
1.212713233848131076e+07 3.028583117784547796e-03
1.265473242916593328e+07 3.028308745786238276e-03
1.320528616197475046e+07 3.028086519134068344e-03
1.377979215251847915e+07 3.027887012870816765e-03
1.437929246193742193e+07 3.027669655388226955e-03
1.500487448703214899e+07 3.027439184709419893e-03
1.565767293262583762e+07 3.027221237802344735e-03
1.633887186973565444e+07 3.026984108228684620e-03
1.704970688328647614e+07 3.026714516786280229e-03
1.779146731326251104e+07 3.026408097850975549e-03
1.856549859336193278e+07 3.026139382569391269e-03
1.937320469139645249e+07 3.025845210829104272e-03
2.021605065586232394e+07 3.025535190638326509e-03
2.109556527330185100e+07 3.025193377723244415e-03
