4.402668768255081886e+03 1.764035815897561227e-02
8.702291228692711229e+03 1.969154525521105842e-02
1.276695311178296288e+04 1.961039887693109135e-02
1.720090168377494410e+04 1.801179922707567618e-02
2.128263827136110922e+04 1.547046987124744456e-02
2.633296208052037036e+04 1.088947679257626019e-02
2.992156217165216731e+04 8.695901895440163662e-03
3.399920905420427152e+04 1.316430278596271257e-02
3.863254898524766031e+04 9.339669249845193241e-03
4.389731063208368869e+04 1.070634179546765298e-02
4.779996890100365999e+04 1.065601685180136982e-02
5.204959014657664375e+04 9.307547212248348453e-03
5.667702085826511757e+04 7.260796059186342376e-03
5.914279763961255958e+04 7.216561744826995028e-03
6.440084477124233672e+04 8.471896037267659038e-03
7.012635473421998904e+04 7.206097911866472805e-03
7.317725498701544711e+04 7.061811564932111811e-03
7.636088696938367502e+04 7.465518820721196713e-03
8.314969572923783562e+04 8.264741450981629572e-03
8.676718631008510420e+04 7.485109569436482549e-03
9.054205856247972406e+04 8.389813155923311894e-03
9.448115949541462760e+04 8.969533462174758554e-03
9.859163400220239419e+04 9.532628262761511789e-03
1.028809378201585205e+05 8.917634314687970798e-03
1.073568510541054857e+05 8.084344530560201927e-03
1.120274922882271931e+05 8.654968795557153871e-03
1.169013333118703304e+05 8.117390949833810931e-03
1.219872144860027474e+05 8.228564664216694510e-03
1.272943607782017789e+05 7.621643938834120682e-03
1.328323984952562314e+05 7.747458929116650406e-03
1.386113727437329653e+05 6.999250944716200497e-03
1.446417656501793244e+05 7.110471370525086460e-03
1.509345153740085370e+05 6.735862676770262673e-03
1.575010359475556761e+05 6.878316447457536072e-03
1.643532379792899883e+05 7.146340531750906486e-03
1.715035502577361767e+05 6.863543650682814648e-03
1.789649422952906752e+05 6.788369941265488122e-03
1.867509478528243199e+05 7.205691206397217205e-03
1.948756894877398154e+05 7.412510689979282669e-03
2.033539041700111702e+05 7.452079198642373725e-03
2.122009700126690441e+05 7.193269236998421287e-03
2.214329341652157309e+05 6.575530837398299577e-03
2.310665419205641374e+05 7.175148254401264927e-03
2.411192670882964740e+05 7.112787261729282967e-03
2.516093436893345497e+05 7.121387336965693052e-03
2.625557990295106429e+05 6.904073905840437536e-03
2.739784882120293914e+05 6.847502811244148349e-03
2.858981301514200750e+05 6.957947843845964375e-03
2.983363451543037081e+05 6.961087645677078127e-03
3.113156941351395799e+05 6.890961572108202093e-03
3.248597195380828343e+05 6.500918676793661539e-03
3.389929880391783081e+05 6.611985650680956075e-03
3.537411351063454640e+05 6.464364722122986628e-03
3.691309114979797741e+05 6.538863761987019282e-03
3.851902317845114740e+05 6.732676896009573766e-03
4.019482249809301575e+05 6.505132302185721166e-03
4.194352873821160174e+05 6.671195517805667691e-03
4.376831376968135592e+05 6.617453678363041658e-03
4.567248745802495978e+05 6.539791983914719324e-03
4.765950366697513964e+05 6.542327770146369979e-03
4.973296652322599548e+05 6.465171086652649057e-03
5.189663695373724331e+05 6.451065966843943199e-03
5.415443950744860340e+05 6.464360716787677548e-03
5.651046947377803735e+05 6.491232706887481267e-03
5.896900031081594061e+05 6.487042760156719844e-03
6.153449139668828575e+05 6.410041370801022702e-03
6.421159611814880045e+05 6.374459912385959173e-03
6.700517031107150251e+05 6.395946748893563925e-03
6.992028106815317878e+05 6.359167314180435779e-03
7.296221592980173882e+05 6.355361291623799237e-03
7.613649247488108231e+05 6.332654902235066233e-03
7.944886832870859653e+05 6.308821920050066562e-03
8.290535160645822762e+05 6.292959610583192392e-03
8.651221181091160979e+05 6.285988327965179485e-03
9.027599120432427153e+05 6.294951174133336241e-03
9.420351667503338540e+05 6.312119946234805504e-03
9.830191212033139309e+05 6.302034193554923586e-03
1.025786113680658164e+06 6.327155438087481328e-03
1.070413716604031390e+06 6.257048768171810313e-03
1.116982877242140938e+06 6.244205880882699317e-03
1.165578064536016202e+06 6.262100192260081598e-03
1.216287422312036389e+06 6.270187154258953684e-03
1.269202929160604253e+06 6.228857175804455165e-03
1.324420565270459978e+06 6.241997014543394263e-03
1.382040486521255923e+06 6.274386407396818389e-03
1.442167206150156213e+06 6.228516275195808763e-03
1.504909784321977990e+06 6.225842934813707874e-03
1.570382025946733309e+06 6.236692175421081584e-03
1.638702687103363918e+06 6.216604191020633913e-03
1.709995690444097621e+06 6.227232771299311825e-03
1.784390349970143754e+06 6.209863784611444754e-03
1.862021605586416787e+06 6.221513719604728800e-03
1.943030267860745313e+06 6.191072247497310561e-03
2.027563273431514390e+06 6.192825916548722227e-03
2.115773951527012512e+06 6.222478126279695071e-03
2.207822302079902031e+06 6.205972350742294287e-03
2.303875285941275768e+06 6.207559192895666100e-03
2.404107127720690332e+06 6.213663888900505632e-03
2.508699631801488344e+06 6.213500564494549468e-03
2.617842512104606722e+06 6.198992728017212878e-03
2.731733736199009698e+06 6.186271776481983009e-03
2.850579884382903576e+06 6.200441440263839386e-03
2.974596524387058336e+06 6.202461547593506389e-03
3.104008602379877120e+06 6.200307923942049992e-03
3.239050850983437616e+06 6.198038022375090828e-03
3.379968215040580835e+06 6.205915117095915645e-03
3.527016295905329287e+06 6.201277182396660974e-03
3.680461815062484704e+06 6.189044777348896506e-03
3.840583097917342559e+06 6.191487142458679260e-03
4.007670578633065801e+06 6.185062409268186900e-03
4.182027326931377407e+06 6.189462112466996395e-03
4.363969597812118940e+06 6.178839062736611251e-03
4.553827405188770033e+06 6.179570271134463520e-03
4.751945120480441488e+06 6.183466655474544743e-03
4.958682097246030346e+06 6.182382016834934643e-03
5.174413322993571870e+06 6.181210678887396302e-03
5.399530099347066134e+06 6.178394607205034764e-03
5.634440751804465428e+06 6.179783704818433976e-03
5.879571370374216698e+06 6.180662279552575494e-03
6.135366582433775067e+06 6.181380048393762296e-03
6.402290359211891890e+06 6.182246426876558155e-03
6.680826857357543893e+06 6.182334129571561213e-03
6.971481297121950425e+06 6.180963242612996789e-03
7.274780878746563569e+06 6.180081570982257598e-03
7.591275738719213754e+06 6.179263645288692215e-03
7.921539947632909752e+06 6.177938431787280416e-03
8.266172551457234658e+06 6.177592085815482303e-03
8.625798658111047000e+06 6.177661396966964598e-03
9.001070571307353675e+06 6.177490146071063122e-03
9.392668973726961762e+06 6.177057796154222964e-03
9.801304161666996777e+06 6.177135677620843382e-03
1.022771733340373263e+07 6.176870355735424728e-03
1.067268193360666372e+07 6.176429206169710417e-03
1.113700505624227971e+07 6.176003007514599408e-03
1.162152890851223469e+07 6.175904776400406061e-03
1.212713233848130889e+07 6.175763750310866301e-03
1.265473242916593328e+07 6.175675410458653439e-03
1.320528616197475232e+07 6.175263227620342993e-03
1.377979215251848102e+07 6.174783596906270600e-03
1.437929246193742193e+07 6.174240425886716628e-03
1.500487448703214899e+07 6.173793010184685029e-03
1.565767293262583762e+07 6.173234670964554416e-03
1.633887186973565444e+07 6.172705826826861003e-03
1.704970688328647614e+07 6.172162737914539503e-03
1.779146731326251104e+07 6.171537737484196484e-03
1.856549859336193278e+07 6.170976859425175882e-03
1.937320469139645621e+07 6.170408660644703495e-03
2.021605065586232394e+07 6.169727578069301478e-03
2.109556527330185100e+07 6.169066477831160883e-03
