6.979368012984486433e-03 6.483719684183597565e-03
1.373418632193493250e-02 6.446627434343099594e-03
2.083137374955913376e-02 6.389817688614130020e-03
2.702649775376500876e-02 6.318395957350730896e-03
3.328490019533814764e-02 6.237916648387908936e-03
4.099253225880086088e-02 6.153827533125877380e-03
4.792342659045475961e-02 6.070020608603954315e-03
5.318346232624566322e-02 5.989283788949251175e-03
6.217556252751017115e-02 5.913213826715946198e-03
6.899990093683304460e-02 5.842906888574361801e-03
7.657327309561902384e-02 5.778387188911437988e-03
8.066619711167115347e-02 5.719188600778579712e-03
8.952005230662200830e-02 5.664780270308256149e-03
9.430499563203641189e-02 5.614436697214841843e-03
1.046558340920499819e-01 5.567248445004224777e-03
1.102498012748348855e-01 5.522667896002531052e-03
1.161427720355240195e-01 5.479929503053426743e-03
1.223507284377724352e-01 5.438694730401039124e-03
1.288905068037710377e-01 5.398515146225690842e-03
1.357798433752864242e-01 5.359136499464511871e-03
1.430374224153327378e-01 5.320659372955560684e-03
1.506829268809294076e-01 5.282774101942777634e-03
1.587370918043727597e-01 5.245738197118043900e-03
1.672217605277939723e-01 5.191590171307325363e-03
1.761599439435148351e-01 5.138964392244815826e-03
1.855758829008644362e-01 5.088238045573234558e-03
1.954951139487074441e-01 5.039037205278873444e-03
2.059445385919814464e-01 4.991510882973670959e-03
2.169524962500709309e-01 4.945119377225637436e-03
2.285488411148848265e-01 4.900020081549882889e-03
2.407650231170815336e-01 4.841396119445562363e-03
2.536341732200256271e-01 4.784324206411838531e-03
2.671911932727986105e-01 4.728583618998527527e-03
2.814728506659501805e-01 4.674308001995086670e-03
2.965178780467013220e-01 4.621223080903291702e-03
3.123670783640323245e-01 4.556577652692794800e-03
3.290634355285445012e-01 4.493499640375375748e-03
3.466522309872103746e-01 4.431989509612321854e-03
3.651811665291700981e-01 4.359893966466188431e-03
3.847004936556304155e-01 4.289714153856039047e-03
4.052631498647238928e-01 4.221385344862937927e-03
4.269249022209407607e-01 4.154819995164871216e-03
4.497444985985020183e-01 4.089824389666318893e-03
4.737838270088536863e-01 4.015975166112184525e-03
4.991080834443876735e-01 3.933780360966920853e-03
5.257859486935898552e-01 3.853831207379698753e-03
5.538897746071496098e-01 3.776184283196926117e-03
5.834957803201926696e-01 3.691526828333735466e-03
6.146842589628044307e-01 3.609466599300503731e-03
6.475397954194537231e-01 3.530128626152873039e-03
6.821514957278920210e-01 3.444707719609141350e-03
7.186132287396719276e-01 3.353773383423686028e-03
7.570238806976805623e-01 3.257944015786051750e-03
7.974876234211163428e-01 3.165643895044922829e-03
8.401141968252427983e-01 3.076951950788497925e-03
8.850192065421267351e-01 2.984584774821996689e-03
9.323244374495269771e-01 2.888950286433100700e-03
9.821581839582391726e-01 2.790832659229636192e-03
1.034655597953656025e+00 2.690872177481651306e-03
1.089959055335179006e+00 2.595800673589110374e-03
1.148218542147557031e+00 2.499683527275919914e-03
1.209592061351361103e+00 2.402736805379390717e-03
1.274246061335779112e+00 2.306003356352448463e-03
1.342355887335882958e+00 2.209906000643968582e-03
1.414106256978634235e+00 2.114384667947888374e-03
1.489691761247337043e+00 2.019614214077591896e-03
1.569317392223180008e+00 1.925933524034917355e-03
1.653199099035135955e+00 1.830809516832232475e-03
1.741564373525978926e+00 1.738329185172915459e-03
1.834652867222783978e+00 1.649009296670556068e-03
1.932717041285165305e+00 1.560001284815371037e-03
2.036022851193947325e+00 1.471998868510127068e-03
2.144850468037184932e+00 1.388094737194478512e-03
2.259495038349699225e+00 1.305575016885995865e-03
2.380267484566853664e+00 1.225350075401365757e-03
2.507495348263450108e+00 1.149872899986803532e-03
2.641523678464652303e+00 1.077440800145268440e-03
2.782715967438087024e+00 1.005851547233760357e-03
2.931455136505037640e+00 9.377227979712188244e-04
3.088144574544317678e+00 8.729427936486899853e-04
3.253209232005285667e+00 8.106396999210119247e-04
3.427096773397045215e+00 7.525920518673956394e-04
3.610278791379426977e+00 6.985451327636837959e-04
3.803252085748450639e+00 6.468336796388030052e-04
4.006540010784931383e+00 5.979994894005358219e-04
4.220693894620329623e+00 5.522799910977482796e-04
4.446294534469228843e+00 5.099822883494198322e-04
4.683953771783607500e+00 4.717458505183458328e-04
4.934316151600801170e+00 4.359502927400171757e-04
5.198060670585406662e+00 4.016570746898651123e-04
5.475902618505904762e+00 3.696224302984774113e-04
5.768595518140200440e+00 3.403830924071371555e-04
6.076933168871204494e+00 3.127025556750595570e-04
6.401751799514795671e+00 2.869118761736899614e-04
6.743932336218771972e+00 2.639736921992152929e-04
7.104402791583432908e+00 2.428385487291961908e-04
7.484140781483243465e+00 2.236015861853957176e-04
7.884176176415323312e+00 2.060776459984481335e-04
8.305593894565372892e+00 1.895991445053368807e-04
8.749536844165987759e+00 1.747294445522129536e-04
9.217209023127198364e+00 1.600377290742471814e-04
9.709878784345594482e+00 1.459862396586686373e-04
1.022888227554776108e+01 1.332790707238018513e-04
1.077562706299703521e+01 1.221621350850909948e-04
1.135159594889131185e+01 1.135603888542391360e-04
1.195835099280487057e+01 1.052380248438566923e-04
1.259753774808061166e+01 9.731057070894166827e-05
1.327088972466201078e+01 9.016127296490594745e-05
1.398023309046827478e+01 8.433697803411632776e-05
1.472749162406304713e+01 7.876988092903047800e-05
1.551469193204861519e+01 7.301981531782075763e-05
1.634396894533544753e+01 6.695177580695599318e-05
1.721757170919328317e+01 6.132036651251837611e-05
1.813786948278667666e+01 5.714689177693799138e-05
1.910735816473729543e+01 5.249354580882936716e-05
2.012866706213948120e+01 4.863761205342598259e-05
2.120456602138694180e+01 4.386599539429880679e-05
2.233797294014987145e+01 3.993596328655257821e-05
2.353196168087529472e+01 3.576264862203970551e-05
2.478977040727259151e+01 3.361419294378720224e-05
2.611481036639312237e+01 3.139759428449906409e-05
2.751067514012149928e+01 2.805003896355628967e-05
2.898115039116903091e+01 2.631446659506764263e-05
3.053022413000103086e+01 2.332284384465310723e-05
3.216209753054246789e+01 2.084314110106788576e-05
3.388119632399470760e+01 1.929867903527338058e-05
3.569218280166415269e+01 1.707122646621428430e-05
3.759996845935483378e+01 1.469033486500848085e-05
3.960972731761762589e+01 1.307064030697802082e-05
4.172690995398097158e+01 1.177883859782014042e-05
4.395725828521959500e+01 1.177822286990704015e-05
4.630682113975134939e+01 1.068782239599386230e-05
4.878197066239545876e+01 9.291669812228064984e-06
5.138941959598286502e+01 8.790207175479736179e-06
5.413623948668715968e+01 7.365762485278537497e-06
5.702987986245018703e+01 6.647660939052002504e-06
6.007818843651510576e+01 6.706136900902492926e-06
6.328943239086014216e+01 5.407960998127236962e-06
6.667232079725476979e+01 4.807257028005551547e-06
7.023602823674553974e+01 3.654926103990874253e-06
7.399021968162891483e+01 3.169692945448332466e-06
7.794507670739236005e+01 3.803401341428980231e-06
8.211132510571196974e+01 2.321976808161707595e-06
8.650026397339451023e+01 1.943011511684744619e-06
9.112379635615496909e+01 1.499729933129856363e-06
9.599446153033686358e+01 1.495345827606797684e-06
1.011254690101253573e+02 9.409961876372108236e-07
1.065307343724826694e+02 1.218831329197200830e-07
1.122249169969648790e+02 -6.261377052396710496e-07
1.182234598227725115e+02 -1.042258617189872894e-07
1.245426312308585608e+02 2.271505934459128184e-07
1.311995691646801276e+02 -9.612152780391625129e-07
1.382123276092520143e+02 1.223991148435743526e-07
1.455999255545557105e+02 4.495820462580013555e-07
1.533823985760953690e+02 7.051261263768537901e-08
1.615808531724902650e+02 1.277055190485043568e-07
1.702175240074701037e+02 2.374098073687491706e-07
1.793158342115165453e+02 -1.242924270172807155e-07
1.889004589066926769e+02 1.572295559526537545e-06
1.989973921269432253e+02 1.063831518877123017e-06
2.096340173153564876e+02 8.674814466758107301e-07
2.208391815895816706e+02 3.049385213671484962e-06
