4.391057988877862044e+03 1.131916090200819902e-02
8.671599126868981330e+03 1.011814367095754431e-02
1.279303212288512623e+04 9.197247776979390957e-03
1.712494610810898303e+04 8.466786517677326804e-03
2.183612890135951966e+04 7.820007537052241567e-03
2.526408133707365778e+04 7.253843039430499066e-03
3.068602676989861357e+04 6.736516452589816871e-03
3.381888102933151094e+04 6.257879229095483081e-03
3.912795005531649804e+04 5.857314247767844186e-03
4.312267266677963926e+04 5.443734666565329394e-03
4.752523184315290564e+04 5.087824914434835484e-03
5.237726518480436789e+04 4.764793173421778480e-03
5.498599721006144682e+04 4.488318337173248344e-03
6.059972872572606866e+04 4.215083699643833864e-03
6.361799347267123085e+04 3.968947667137722249e-03
7.011299862019142893e+04 3.739332804263703972e-03
7.360508672830363503e+04 3.531175926992859756e-03
7.727110377391398652e+04 3.345724141339627509e-03
8.111971256115648430e+04 3.169221052563327232e-03
8.516000735874229576e+04 2.998463201372686144e-03
8.940153538973105606e+04 2.850782880600181372e-03
9.385431939163430070e+04 2.703364276829919432e-03
9.852888130016051582e+04 2.563192867149943158e-03
1.034362671125654742e+05 2.441454164279520129e-03
1.085880729893616954e+05 2.326597051076080992e-03
1.139964726560643903e+05 2.174198129147722047e-03
1.196742461697240797e+05 2.027139464252577638e-03
1.256348101182219689e+05 1.904893199575989149e-03
1.318922493236882437e+05 1.788618812335773149e-03
1.384613501249593683e+05 1.678142140299197695e-03
1.453576353177208221e+05 1.573386380464749301e-03
1.525974008348977368e+05 1.495265298556357984e-03
1.601977542539701390e+05 1.388469904406253695e-03
1.681766552222060564e+05 1.299460421640478286e-03
1.765529578953372256e+05 1.217794140857008474e-03
1.853464554899585783e+05 1.134063031691718952e-03
1.945779270549310022e+05 1.067137792779669072e-03
2.042691865723064402e+05 9.998450043580354909e-04
2.144431345038028085e+05 9.299302641174243649e-04
2.251238119046320789e+05 8.642062011754231754e-04
2.363364572325509507e+05 8.078200685167958618e-04
2.481075659863774490e+05 7.487715677982217065e-04
2.604649533148974297e+05 6.927665841103999552e-04
2.734378197441049269e+05 6.439381268286791101e-04
2.870568201780919335e+05 6.010500296069546918e-04
3.013541363366359728e+05 5.603456061513885931e-04
3.163635528006545501e+05 5.230437398647098078e-04
3.321205368452242692e+05 4.877889518965172430e-04
3.486623222488095053e+05 4.559748486216132430e-04
3.660279972767385188e+05 4.240239276708084319e-04
3.842585970468377345e+05 3.958641288444683009e-04
4.033972004954813165e+05 3.691198959953145104e-04
4.234890321731859585e+05 3.427799586558071682e-04
4.445815691102959681e+05 3.200928393120107992e-04
4.667246530052823364e+05 2.989642303355934594e-04
4.899706080007546116e+05 2.780317196407881310e-04
5.143743643254945055e+05 2.599328064077956733e-04
5.399935880946742836e+05 2.424265658568985416e-04
5.668888175749777583e+05 2.253317791960269569e-04
5.951236062366234837e+05 2.124014198243257229e-04
6.247646729303146712e+05 2.002642295630312284e-04
6.558820595439897152e+05 1.878782061487977589e-04
6.885492965119163273e+05 1.766840600764670803e-04
7.228435765672253910e+05 1.660412142287111237e-04
7.588459371484601870e+05 1.554859236864553594e-04
7.966414518911760533e+05 1.464380989601355874e-04
8.363194316570752999e+05 1.384994147379552858e-04
8.779736355757160345e+05 1.308663174830075116e-04
9.217024925974872895e+05 1.232798193610825190e-04
9.676093340813735267e+05 1.156815254557167313e-04
1.015802637967121904e+06 1.097714023272158032e-04
1.066396285108787706e+06 1.038858112102664398e-04
1.119509828375372104e+06 9.826808025684808474e-05
1.175268775154443691e+06 9.337095744444311380e-05
1.233804883926299633e+06 8.878038721800344364e-05
1.295256475609458517e+06 8.427269982300119374e-05
1.359768760413214331e+06 7.995551871459050260e-05
1.427494180969595676e+06 7.600565243645330789e-05
1.498592772555546137e+06 7.236489107178086964e-05
1.573232541256539058e+06 6.904850175049319794e-05
1.651589860965228174e+06 6.598228807534612240e-05
1.733849890153232729e+06 6.309303889973233990e-05
1.820207009400906973e+06 6.018389255435571802e-05
1.910865280718959169e+06 5.752522149735267464e-05
2.006038929747307673e+06 5.503109433302063154e-05
2.105952851970615797e+06 5.287160947609163424e-05
2.210843144146675244e+06 5.066266860894031153e-05
2.320957662203426007e+06 4.865110050452115404e-05
2.436556606922906358e+06 4.679559160745467737e-05
2.557913138796120416e+06 4.493161477579039539e-05
2.685314023501709104e+06 4.321231336821530712e-05
2.819060309533710591e+06 4.166369287898436191e-05
2.959468039579633158e+06 4.018691657399380473e-05
3.106868997329826467e+06 3.880820498055922427e-05
3.261611491482879035e+06 3.747502835445289630e-05
3.424061178799624089e+06 3.616753927491893133e-05
3.594601928150649182e+06 3.498149438057200552e-05
3.773636727599055506e+06 3.386510419856444471e-05
3.961588636661883909e+06 3.280007260873036618e-05
4.158901786000434309e+06 3.185105179451017907e-05
4.366042426901742816e+06 3.092827579875464926e-05
4.583500033031092957e+06 3.008198630230853493e-05
4.811788457059077919e+06 2.936301333558553493e-05
5.051447144896293059e+06 2.872311169215243710e-05
5.303042410404871218e+06 2.813117775707967087e-05
5.567168773599049076e+06 2.763316376269742789e-05
5.844450365496912040e+06 2.720182852524489776e-05
6.135542402942970395e+06 2.681633755461085208e-05
6.441132736886631697e+06 2.648961684106882739e-05
6.761943477775081992e+06 2.617398931543390102e-05
7.098732701901420020e+06 2.591061738749974035e-05
7.452296242740168236e+06 2.567958370198990942e-05
7.823469571503028274e+06 2.546975889578468723e-05
8.213129771358688362e+06 2.527983474987629067e-05
8.622197609981758520e+06 2.509872517820008824e-05
9.051639715328259394e+06 2.495347091253287899e-05
9.502470859779007733e+06 2.482576830268866147e-05
9.975756358048390597e+06 2.472273259700316709e-05
1.047261458452472836e+07 2.463548746797613117e-05
1.099421961599073745e+07 2.456384468079142572e-05
1.154180400596886873e+07 2.450524178791861537e-05
1.211666169724722579e+07 2.446317061090879240e-05
1.272015107946843095e+07 2.442988001725837418e-05
1.335369819900656492e+07 2.440314448441400957e-05
1.401880012871695310e+07 2.437995672237793071e-05
1.471702850552176498e+07 2.436736509824923613e-05
1.545003324419060349e+07 2.435436898369899356e-05
1.621954643609165400e+07 2.434608406847036581e-05
1.702738644212639704e+07 2.433689450641441686e-05
1.787546218951936066e+07 2.433409925791479541e-05
1.876577768261614069e+07 2.432910697654704990e-05
1.970043673834891617e+07 2.432781332661441027e-05
2.068164795755919069e+07 2.432662587508163036e-05
2.171172994392510131e+07 2.432331731140562325e-05
2.279311678282563388e+07 2.432283858615065950e-05
2.392836379308825731e+07 2.432415052597267755e-05
2.512015356521137431e+07 2.432267513822840952e-05
2.637130230033000931e+07 2.432283120430858722e-05
2.768476646490353346e+07 2.432178673029181020e-05
2.906364977685065195e+07 2.432250729420123983e-05
3.051121053963978589e+07 2.432302807744662521e-05
3.203086934166543931e+07 2.432182969305829264e-05
3.362621713910389692e+07 2.432194087247471119e-05
3.530102374134854227e+07 2.431981586426427218e-05
3.705924671907540411e+07 2.427049552432815013e-05
3.890504075598898530e+07 2.419929614475583302e-05
4.084276746634656936e+07 2.412462545465991789e-05
4.287700570145960897e+07 2.404570959082947594e-05
4.501256236952666938e+07 2.396322327641275376e-05
4.725448379436521977e+07 2.387717866222573233e-05
4.960806763988287002e+07 2.378579707685064232e-05
5.207887542846573144e+07 2.369047749076075236e-05
5.467274568286439776e+07 2.359020468583170911e-05
5.739580772263275087e+07 2.348507993195943759e-05
6.025449614772001654e+07 2.337480231492837176e-05
6.325556604344046861e+07 2.325901339099756179e-05
6.640610894275087118e+07 2.313690730638013945e-05
6.971356958355423808e+07 2.300932499913004817e-05
