2.374039742091349145e-02 6.533585954457521439e-03
4.736832031633308321e-02 6.091988179832696915e-03
6.846805405866014660e-02 5.716511979699134827e-03
9.451222445055411370e-02 5.428110715001821518e-03
1.136286860934795223e-01 5.183240864425897598e-03
1.366117280424966329e-01 4.958742298185825348e-03
1.642434219771199688e-01 4.750506486743688583e-03
1.885766797500710024e-01 4.557599313557147980e-03
2.067702176470289366e-01 4.378232173621654510e-03
2.374039742091349214e-01 4.210147075355052948e-03
2.603082813980555077e-01 4.051585681736469269e-03
2.725762327459708700e-01 3.901043673977255821e-03
2.988738959928071148e-01 3.758061910048127174e-03
3.277087103524789491e-01 3.622227348387241364e-03
3.431531460550240054e-01 3.493088996037840843e-03
3.762599425872716896e-01 3.370177466422319412e-03
3.939925273711246678e-01 3.253028262406587601e-03
4.125608231290300298e-01 3.141420427709817886e-03
4.320042157057852328e-01 3.034835448488593102e-03
4.736832031633308460e-01 2.932826755568385124e-03
4.960072047645178728e-01 2.835404826328158379e-03
5.193833041478548296e-01 2.742293756455183029e-03
5.438610851542219349e-01 2.653294010087847710e-03
5.694924684389270908e-01 2.527090720832347870e-03
5.963318216023762997e-01 2.407576190307736397e-03
6.244360745110443256e-01 2.332184230908751488e-03
6.538648400533531024e-01 2.259897300973534584e-03
6.846805405866013272e-01 2.157523296773433685e-03
7.169485403431529180e-01 2.060792408883571625e-03
7.507372840767374544e-01 1.970194978639483452e-03
7.861184422429497998e-01 1.884071971289813519e-03
8.231670630218950180e-01 1.803427701815962791e-03
8.619617315054403095e-01 1.702886074781417847e-03
9.025847363867310902e-01 1.632201834581792355e-03
9.451222445055416088e-01 1.565815764479339123e-03
9.896644836196951678e-01 1.482572406530380249e-03
1.036305933790234501e+00 1.405001734383404255e-03
1.085145527786299802e+00 1.332856714725494385e-03
1.136286860934794696e+00 1.250087632797658443e-03
1.189838410859966222e+00 1.173985190689563751e-03
1.245913767578986198e+00 1.117969513870775700e-03
1.304631874441609662e+00 1.053176471032202244e-03
1.366117280424966163e+00 9.816697565838694572e-04
1.430500404318638674e+00 9.165946976281702518e-04
1.497917811360400808e+00 8.576409891247749329e-04
1.568512502909397810e+00 8.037082734517753124e-04
1.642434219771200077e+00 7.546394481323659420e-04
1.719839759818128755e+00 7.101233932189643383e-04
1.800893310578565165e+00 6.626574904657900333e-04
1.885766797500710190e+00 6.138724274933338165e-04
1.974640248629512929e+00 5.704169161617755890e-04
2.067702176470289199e+00 5.310074775479733944e-04
2.165149977849019081e+00 4.954453324899077415e-04
2.267190352617480364e+00 4.636674711946398020e-04
2.374039742091349048e+00 4.325127229094505310e-04
2.485924788151246734e+00 4.015929880551993847e-04
2.603082813980555077e+00 3.734789206646382809e-04
2.725762327459708700e+00 3.462657332420349121e-04
2.854223548284725354e+00 3.222908417228609324e-04
2.988738959928070926e+00 3.010472864843904972e-04
3.129593887612636571e+00 2.790256694424897432e-04
3.277087103524790379e+00 2.593046519905328751e-04
3.431531460550241608e+00 2.419377851765602827e-04
3.593254555876957745e+00 2.252012345707044005e-04
3.762599425872718673e+00 2.101631980622187257e-04
3.939925273711248010e+00 1.958964858204126358e-04
4.125608231290302186e+00 1.824284117901697755e-04
4.320042157057854659e+00 1.699170970823615789e-04
4.523639471438666959e+00 1.576973882038146257e-04
4.736832031633308127e+00 1.467089459765702486e-04
4.960072047645175175e+00 1.368441153317689896e-04
5.193833041478544743e+00 1.273632806260138750e-04
5.438610851542216906e+00 1.187966336146928370e-04
5.694924684389268243e+00 1.096047417377121747e-04
5.963318216023761664e+00 1.003617580863647163e-04
6.244360745110442146e+00 9.248068818124011159e-05
6.538648400533531024e+00 8.597090345574542880e-05
6.846805405866013494e+00 8.093060023384168744e-05
7.169485403431528958e+00 7.437814929289743304e-05
7.507372840767374989e+00 6.749908061465248466e-05
7.861184422429498220e+00 6.143083737697452307e-05
8.231670630218948403e+00 5.687750308425165713e-05
8.619617315054401985e+00 5.344008241081610322e-05
9.025847363867310236e+00 5.066826997790485620e-05
9.451222445055416088e+00 4.679208359448239207e-05
9.896644836196950124e+00 4.310606527724303305e-05
1.036305933790234590e+01 3.956218279199674726e-05
1.085145527786299979e+01 3.648686106316745281e-05
1.136286860934795584e+01 3.429402931942604482e-05
1.189838410859966977e+01 3.247668064432218671e-05
1.245913767578986686e+01 3.077519068028777838e-05
1.304631874441610329e+01 2.888163544412236661e-05
1.366117280424967007e+01 2.715266055020038038e-05
1.430500404318639163e+01 2.433571717119775712e-05
1.497917811360400897e+01 2.234937164757866412e-05
1.568512502909397099e+01 2.069453148578759283e-05
1.642434219771199366e+01 1.957994390977546573e-05
1.719839759818128044e+01 1.839107972045894712e-05
1.800893310578564055e+01 1.608813181519508362e-05
1.885766797500709657e+01 1.506983153376495466e-05
1.974640248629512840e+01 1.363738738291431218e-05
2.067702176470289288e+01 1.258912379853427410e-05
2.165149977849018725e+01 1.168736343970522285e-05
2.267190352617480542e+01 1.050354694598354399e-05
2.374039742091349581e+01 9.347869308840017766e-06
2.485924788151246645e+01 8.406687811657320708e-06
2.603082813980554988e+01 7.876000381656922400e-06
2.725762327459708345e+01 7.316958999581402168e-06
2.854223548284724998e+01 6.437003321480005980e-06
2.988738959928070926e+01 6.419291366910329089e-06
3.129593887612636749e+01 5.204174158279784024e-06
3.277087103524790734e+01 3.982786438427865505e-06
3.431531460550241519e+01 3.149238636979134753e-06
3.593254555876957568e+01 2.292462795594474301e-06
3.762599425872718228e+01 2.365979753449209966e-06
3.939925273711248366e+01 2.446344296913594007e-06
4.125608231290302541e+01 1.011695076158503070e-06
4.320042157057854126e+01 6.474125484601245262e-07
4.523639471438667670e+01 5.132937417329230811e-07
4.736832031633310436e+01 7.795711667313298676e-07
4.960072047645179083e+01 2.667332523742516059e-07
5.193833041478545454e+01 5.711890480597503483e-07
5.438610851542216551e+01 4.380124494218762266e-07
5.694924684389268066e+01 4.692221580171462847e-07
5.963318216023762375e+01 4.318826256621832727e-07
6.244360745110442679e+01 4.700158910964091774e-07
6.538648400533530491e+01 4.248995821853895904e-07
6.846805405866012961e+01 2.491618715794174932e-07
7.169485403431528425e+01 5.174516672923346050e-07
7.507372840767374100e+01 4.749089441702381009e-07
7.861184422429498397e+01 -2.257351354728598380e-07
8.231670630218950180e+01 -5.168126335775014013e-07
8.619617315054402695e+01 -1.246800849230567110e-07
9.025847363867310946e+01 -4.726477129679551581e-07
9.451222445055417154e+01 -1.564170588608249091e-07
9.896644836196954031e+01 2.953865987365134060e-07
1.036305933790234661e+02 1.588118720974307507e-07
1.085145527786299908e+02 9.610916507085676130e-09
1.136286860934795442e+02 -3.259000038724479964e-07
1.189838410859966729e+02 -2.796896012569050072e-07
1.245913767578986722e+02 -8.380385452255723067e-07
1.304631874441610364e+02 -3.621728978941973764e-07
1.366117280424967078e+02 8.087615128715697210e-07
1.430500404318639198e+02 -5.198185704102797899e-07
1.497917811360401572e+02 1.180983844051297638e-07
1.568512502909396744e+02 1.270319671675679274e-07
1.642434219771199082e+02 -2.447531812777015148e-07
1.719839759818127902e+02 -6.485441872428054921e-07
1.800893310578564126e+02 -1.761080028472861159e-07
1.885766797500709799e+02 -1.124901928051258437e-06
1.974640248629512769e+02 2.120344788636430167e-07
2.067702176470289146e+02 -6.843936830591701437e-07
2.165149977849018796e+02 -9.117086392507189885e-07
2.267190352617481608e+02 2.794826059471233748e-07
