4.402668768255080977e+03 1.230229588861006702e-02
8.702291228692711229e+03 1.155623062571650012e-02
1.276695311178296106e+04 1.100642798113063252e-02
1.720090168377494410e+04 1.058142842206909878e-02
2.128263827136110558e+04 1.015570533244198291e-02
2.633296208052036673e+04 9.797064931560383813e-03
2.992156217165216367e+04 9.500352309330299325e-03
3.399920905420426425e+04 9.219209159532339506e-03
3.863254898524766031e+04 8.904467348639779484e-03
4.389731063208368141e+04 8.631948713478792071e-03
4.779996890100366727e+04 8.409400627649093324e-03
5.204959014657664375e+04 8.209705978225160031e-03
5.667702085826511029e+04 8.029443613671097268e-03
5.914279763961255958e+04 7.829839697326906184e-03
6.440084477124233672e+04 7.664006822454517802e-03
7.012635473421998904e+04 7.502204117791160670e-03
7.317725498701544711e+04 7.342709201588305291e-03
7.636088696938366047e+04 7.192085768101988234e-03
8.314969572923782107e+04 7.040436664565014740e-03
8.676718631008510420e+04 6.918924387619422578e-03
9.054205856247972406e+04 6.796416511096754764e-03
9.448115949541462760e+04 6.694156810983831023e-03
9.859163400220239419e+04 6.583342929740460675e-03
1.028809378201585205e+05 6.481278125663837014e-03
1.073568510541054857e+05 6.378991879197250248e-03
1.120274922882271785e+05 6.285478906233584427e-03
1.169013333118703304e+05 6.192801616169275707e-03
1.219872144860027474e+05 6.113121388847749145e-03
1.272943607782017789e+05 6.002816372751421103e-03
1.328323984952562314e+05 5.899967246194893350e-03
1.386113727437329653e+05 5.821784602476376934e-03
1.446417656501793244e+05 5.730355670592917477e-03
1.509345153740085370e+05 5.634834538298828278e-03
1.575010359475556761e+05 5.554482692675232619e-03
1.643532379792899883e+05 5.483338854811031782e-03
1.715035502577361767e+05 5.414942524668519414e-03
1.789649422952906461e+05 5.325505482098383259e-03
1.867509478528242907e+05 5.250036191721349325e-03
1.948756894877398154e+05 5.175941220399797246e-03
2.033539041700111702e+05 5.110083958822726584e-03
2.122009700126690441e+05 5.050286452186334568e-03
2.214329341652157309e+05 4.987987356934399721e-03
2.310665419205641083e+05 4.933080092138355383e-03
2.411192670882964449e+05 4.874739788925878947e-03
2.516093436893345497e+05 4.820263860094207639e-03
2.625557990295107011e+05 4.766811806677976292e-03
2.739784882120293914e+05 4.722941615863469195e-03
2.858981301514200168e+05 4.678641950085936883e-03
2.983363451543037081e+05 4.631017769229336771e-03
3.113156941351395799e+05 4.593086361544895281e-03
3.248597195380828343e+05 4.553228646203843349e-03
3.389929880391783081e+05 4.514926787545271020e-03
3.537411351063454640e+05 4.477447740362862881e-03
3.691309114979797741e+05 4.447389043166704962e-03
3.851902317845114740e+05 4.413411827038753350e-03
4.019482249809301575e+05 4.383869432043546212e-03
4.194352873821160174e+05 4.360151898519199626e-03
4.376831376968135592e+05 4.334475287044962412e-03
4.567248745802495396e+05 4.309813436854629740e-03
4.765950366697513382e+05 4.288904351818076041e-03
4.973296652322599548e+05 4.269780239897760440e-03
5.189663695373723749e+05 4.247805133600989110e-03
5.415443950744859176e+05 4.228964605221935923e-03
5.651046947377803735e+05 4.213047153160293622e-03
5.896900031081594061e+05 4.198854490210624825e-03
6.153449139668828575e+05 4.183931357781086983e-03
6.421159611814880045e+05 4.170285520387500590e-03
6.700517031107150251e+05 4.157517416986516827e-03
6.992028106815317878e+05 4.146020500860069825e-03
7.296221592980173882e+05 4.134796841220532079e-03
7.613649247488108231e+05 4.123455388188781295e-03
7.944886832870859653e+05 4.113734725314250468e-03
8.290535160645822762e+05 4.104302254276933487e-03
8.651221181091159815e+05 4.096147084621815267e-03
9.027599120432425989e+05 4.088877742307813618e-03
9.420351667503338540e+05 4.082297344885122553e-03
9.830191212033140473e+05 4.075007467822625538e-03
1.025786113680658164e+06 4.068733607823997456e-03
1.070413716604031390e+06 4.062463956851017355e-03
1.116982877242140938e+06 4.057482827032387294e-03
1.165578064536016202e+06 4.052246079198855606e-03
1.216287422312036389e+06 4.047734764262229772e-03
1.269202929160604253e+06 4.043882214707371185e-03
1.324420565270459978e+06 4.039367314010535760e-03
1.382040486521255691e+06 4.035444048470235648e-03
1.442167206150155980e+06 4.031702043085853317e-03
1.504909784321977990e+06 4.027899700073089492e-03
1.570382025946733309e+06 4.024387521328149850e-03
1.638702687103363918e+06 4.021243108696037280e-03
1.709995690444097621e+06 4.018515912650646310e-03
1.784390349970143754e+06 4.015838024185425237e-03
1.862021605586416787e+06 4.013326467990557117e-03
1.943030267860745313e+06 4.010843623290949282e-03
2.027563273431514623e+06 4.008574096437849017e-03
2.115773951527012512e+06 4.006242844347160902e-03
2.207822302079902031e+06 4.004000634348339228e-03
2.303875285941275768e+06 4.002048315475854011e-03
2.404107127720690332e+06 4.000221535499747828e-03
2.508699631801488344e+06 3.998647841658480029e-03
2.617842512104606722e+06 3.996948199738884454e-03
2.731733736199009698e+06 3.995335848595972170e-03
2.850579884382903110e+06 3.993911916491140086e-03
2.974596524387058336e+06 3.992576296819439971e-03
3.104008602379877120e+06 3.991245462999512029e-03
3.239050850983437151e+06 3.989900071906904259e-03
3.379968215040580370e+06 3.988749064434775858e-03
3.527016295905329287e+06 3.987640500930983087e-03
3.680461815062484704e+06 3.986573856335304950e-03
3.840583097917342093e+06 3.985574288057896521e-03
4.007670578633065801e+06 3.984562543581762588e-03
4.182027326931377407e+06 3.983632114120246211e-03
4.363969597812118940e+06 3.982744947481569632e-03
4.553827405188770033e+06 3.981912094878404390e-03
4.751945120480441488e+06 3.981153019273815478e-03
4.958682097246030346e+06 3.980424395164822507e-03
5.174413322993571870e+06 3.979768165543376597e-03
5.399530099347066134e+06 3.979168498733099031e-03
5.634440751804464497e+06 3.978611756309914822e-03
5.879571370374217629e+06 3.978109664513138598e-03
6.135366582433775999e+06 3.977569613576515360e-03
6.402290359211891890e+06 3.977029580116166890e-03
6.680826857357543893e+06 3.976585540899768047e-03
6.971481297121950425e+06 3.976129880330647910e-03
7.274780878746563569e+06 3.975718314342496958e-03
7.591275738719213754e+06 3.975316193821880860e-03
7.921539947632909752e+06 3.974950749435160295e-03
8.266172551457234658e+06 3.974602875192269173e-03
8.625798658111047000e+06 3.974276768613349727e-03
9.001070571307353675e+06 3.973976156853828261e-03
9.392668973726961762e+06 3.973714702743485518e-03
9.801304161666996777e+06 3.973485600642055748e-03
1.022771733340373263e+07 3.973296311197311269e-03
1.067268193360666372e+07 3.973129939226041282e-03
1.113700505624227971e+07 3.973014555912218575e-03
1.162152890851223655e+07 3.972917719668193383e-03
1.212713233848131076e+07 3.972842060782846504e-03
1.265473242916593328e+07 3.972785994999011513e-03
1.320528616197475046e+07 3.972748755091715621e-03
1.377979215251847915e+07 3.972723223183433593e-03
1.437929246193742193e+07 3.972709979557050540e-03
1.500487448703214899e+07 3.972699327549787315e-03
1.565767293262583762e+07 3.972697006951126167e-03
1.633887186973565444e+07 3.972699407034346007e-03
1.704970688328647614e+07 3.972706970560254888e-03
1.779146731326251104e+07 3.972720367300236997e-03
1.856549859336193278e+07 3.972740226809279469e-03
1.937320469139645249e+07 3.972763345985528237e-03
2.021605065586232394e+07 3.972785917464255120e-03
2.109556527330185100e+07 3.972814940579522981e-03
