2.374039742091349145e-02 6.290739495592946942e-03
4.736832031633308321e-02 6.021283495663944454e-03
6.846805405866014660e-02 5.763275572019739730e-03
9.451222445055411370e-02 5.562546078485838298e-03
1.136286860934795223e-01 5.403323428283110172e-03
1.366117280424966329e-01 5.264310966428996201e-03
1.642434219771199688e-01 5.135825122566908124e-03
1.885766797500710301e-01 5.015222626421685093e-03
2.067702176470289366e-01 4.901325176953221820e-03
2.374039742091349492e-01 4.792922089081946488e-03
2.603082813980555077e-01 4.690289991323705679e-03
2.725762327459708700e-01 4.593774698137123753e-03
2.988738959928071148e-01 4.501780852563090803e-03
3.277087103524790046e-01 4.412873205682572852e-03
3.431531460550240609e-01 4.327117674234761020e-03
3.762599425872716341e-01 4.245103322298130095e-03
3.939925273711246123e-01 4.167183709415885930e-03
4.125608231290300298e-01 4.092546812679255346e-03
4.320042157057852328e-01 4.020226271307162508e-03
4.736832031633308460e-01 3.950173064767264867e-03
4.960072047645178728e-01 3.881680134715965579e-03
5.193833041478548296e-01 3.813693499796662334e-03
5.438610851542220459e-01 3.746342678645484588e-03
5.694924684389270908e-01 3.649036212873655368e-03
5.963318216023762997e-01 3.557078189921456142e-03
6.244360745110443256e-01 3.498874620549312364e-03
6.538648400533532135e-01 3.442455628286781189e-03
6.846805405866014382e-01 3.360982873605195768e-03
7.169485403431529180e-01 3.280650563045246684e-03
7.507372840767374544e-01 3.198894462132768988e-03
7.861184422429497998e-01 3.117635135906455471e-03
8.231670630218950180e-01 3.038399008574642086e-03
8.619617315054403095e-01 2.935051116425613661e-03
9.025847363867310902e-01 2.860402983456401555e-03
9.451222445055416088e-01 2.790728844697323071e-03
9.896644836196950568e-01 2.705665781467507351e-03
1.036305933790234501e+00 2.627249723603469582e-03
1.085145527786299802e+00 2.550830370690064606e-03
1.136286860934794918e+00 2.458437657062383184e-03
1.189838410859966222e+00 2.372515154427300328e-03
1.245913767578986198e+00 2.303047511278044981e-03
1.304631874441609662e+00 2.213028191746757925e-03
1.366117280424966163e+00 2.108406145074032383e-03
1.430500404318638674e+00 2.005579084059240427e-03
1.497917811360400586e+00 1.910852218038057654e-03
1.568512502909397810e+00 1.820410167525092276e-03
1.642434219771200077e+00 1.729280993373551525e-03
1.719839759818128755e+00 1.650240473910777675e-03
1.800893310578565165e+00 1.570270536873226560e-03
1.885766797500710190e+00 1.489885216474468380e-03
1.974640248629512929e+00 1.417660393342618516e-03
2.067702176470289199e+00 1.348562562060919706e-03
2.165149977849019081e+00 1.282522422915659439e-03
2.267190352617480364e+00 1.223698738966396814e-03
2.374039742091349492e+00 1.157064433666786692e-03
2.485924788151246734e+00 1.086436356302125910e-03
2.603082813980555077e+00 1.030623999367203617e-03
2.725762327459708700e+00 9.730521724232413412e-04
2.854223548284725354e+00 9.177879583946059591e-04
2.988738959928070926e+00 8.640778886771779488e-04
3.129593887612636571e+00 8.091164483540825084e-04
3.277087103524790379e+00 7.682078780473080648e-04
3.431531460550242052e+00 7.307395732140127120e-04
3.593254555876957745e+00 6.896016681498269964e-04
3.762599425872718673e+00 6.508804481715674056e-04
3.939925273711248010e+00 6.225155519475264465e-04
4.125608231290302186e+00 5.862694508618741416e-04
4.320042157057854659e+00 5.496407356045007091e-04
4.523639471438666959e+00 5.148863005148638511e-04
4.736832031633308127e+00 4.759477390679039922e-04
4.960072047645176063e+00 4.372592023720518512e-04
5.193833041478546519e+00 4.043466729347314106e-04
5.438610851542217794e+00 3.809370807601039828e-04
5.694924684389268243e+00 3.566283575512700058e-04
5.963318216023761664e+00 3.442091444703925690e-04
6.244360745110442146e+00 3.385081329243557185e-04
6.538648400533531913e+00 3.340737612274039718e-04
6.846805405866014382e+00 3.315775501400211578e-04
7.169485403431528958e+00 3.169505308633894136e-04
7.507372840767374989e+00 2.931548050092681271e-04
7.861184422429498220e+00 2.706604451832443138e-04
8.231670630218950180e+00 2.406518263377341706e-04
8.619617315054403761e+00 2.043378745021585865e-04
9.025847363867310236e+00 1.870936856058152769e-04
9.451222445055416088e+00 1.788193430813750872e-04
9.896644836196951900e+00 1.800434604925995751e-04
1.036305933790234590e+01 1.572597559085119523e-04
1.085145527786299979e+01 1.275730046002524366e-04
1.136286860934795406e+01 1.270010052115879827e-04
1.189838410859966800e+01 1.232755061463116589e-04
1.245913767578986686e+01 1.182511283277278149e-04
1.304631874441610329e+01 1.223170360747892211e-04
1.366117280424967007e+01 1.176645377123105944e-04
1.430500404318639163e+01 1.123939242016834918e-04
1.497917811360400897e+01 9.750662887783222643e-05
1.568512502909397099e+01 7.716048443826328048e-05
1.642434219771199366e+01 6.418173817353552244e-05
1.719839759818128044e+01 4.750129661615316639e-05
1.800893310578564055e+01 1.542120670517102942e-05
1.885766797500709657e+01 1.272268721679315018e-05
1.974640248629512840e+01 4.135476102415926939e-05
2.067702176470289288e+01 7.116341147659606479e-05
2.165149977849018725e+01 7.933511718153675712e-05
2.267190352617480542e+01 6.733680020825499879e-05
2.374039742091349225e+01 6.780104183121860733e-05
2.485924788151246645e+01 6.818311799286102713e-05
2.603082813980555343e+01 4.442341166824198052e-05
2.725762327459708700e+01 6.265387003735432023e-05
2.854223548284725354e+01 5.570884895824477058e-05
2.988738959928070926e+01 2.394956910520025241e-05
3.129593887612637104e+01 2.346273314130880078e-05
3.277087103524790734e+01 1.081294736600872818e-05
3.431531460550241519e+01 1.519019585882165061e-05
3.593254555876957568e+01 4.279686676312839493e-05
3.762599425872718939e+01 2.885953124288835633e-05
3.939925273711248366e+01 3.308206143847482433e-05
4.125608231290302541e+01 -1.722923466674536856e-06
4.320042157057854126e+01 7.701912708987284498e-06
4.523639471438667670e+01 1.617379807083580853e-06
4.736832031633310436e+01 -1.317260519941402272e-05
4.960072047645179083e+01 -1.021818719249662047e-06
5.193833041478545454e+01 8.224858618170235240e-06
5.438610851542216551e+01 2.651083031991523933e-06
5.694924684389268066e+01 -2.688214962625802138e-06
5.963318216023762375e+01 1.189449449607729487e-05
6.244360745110443389e+01 -6.790462919468159655e-06
6.538648400533531913e+01 -4.503158305324604397e-06
6.846805405866012961e+01 1.632054642503313001e-05
7.169485403431529846e+01 1.679928508963778939e-05
7.507372840767375521e+01 1.677035572179382168e-05
7.861184422429498397e+01 1.360150115680047545e-05
8.231670630218950180e+01 1.352755524920844937e-05
8.619617315054402695e+01 8.602020274107103488e-08
9.025847363867310946e+01 4.051702855037817034e-06
9.451222445055415733e+01 7.157684173617687094e-06
9.896644836196952610e+01 1.343669545054748389e-08
1.036305933790234661e+02 -8.699918632833831257e-06
1.085145527786300050e+02 -3.492135135138568306e-06
1.136286860934795442e+02 2.175598246867817617e-06
1.189838410859966871e+02 9.570758336935315352e-06
1.245913767578986722e+02 1.266007193108709453e-06
1.304631874441610364e+02 2.631643196564848922e-06
1.366117280424967078e+02 -5.988814518847450205e-07
1.430500404318639198e+02 -1.394445866876451802e-05
1.497917811360401572e+02 -6.160660147996051991e-06
1.568512502909397028e+02 2.724241167942040274e-05
1.642434219771199366e+02 1.777604303392923100e-05
1.719839759818127902e+02 1.076686412568372286e-06
1.800893310578564126e+02 4.826734973095220489e-06
1.885766797500709799e+02 3.238871208851428815e-06
1.974640248629512769e+02 4.668196576116408492e-06
2.067702176470289146e+02 7.036502892801238322e-06
2.165149977849018796e+02 2.067596818432674858e-05
2.267190352617480471e+02 4.445661697146040091e-05
