2.374039742091349145e-02 6.397984056514324260e-03
4.736832031633308321e-02 6.126475688332037352e-03
6.846805405866014660e-02 5.872909254387775543e-03
9.451222445055411370e-02 5.681655396700641819e-03
1.136286860934795223e-01 5.532467734815340633e-03
1.366117280424966329e-01 5.400392509647081868e-03
1.642434219771199688e-01 5.275555106699659873e-03
1.885766797500710301e-01 5.158071312032113005e-03
2.067702176470289366e-01 5.049300458109325269e-03
2.374039742091349492e-01 4.947518655639497262e-03
2.603082813980555077e-01 4.849271514891632419e-03
2.725762327459708700e-01 4.752486597328965147e-03
2.988738959928071148e-01 4.657556554690895842e-03
3.277087103524790046e-01 4.566132125098124224e-03
3.431531460550240609e-01 4.478950487690558716e-03
3.762599425872716341e-01 4.396046332606829907e-03
3.939925273711246123e-01 4.318090539678687279e-03
4.125608231290300298e-01 4.245035630329238759e-03
4.320042157057852328e-01 4.174759961306000189e-03
4.736832031633308460e-01 4.104675710967638398e-03
4.960072047645178728e-01 4.033577161636096864e-03
5.193833041478548296e-01 3.962436028497630207e-03
5.438610851542220459e-01 3.893083272243118547e-03
5.694924684389270908e-01 3.794711982183126588e-03
5.963318216023762997e-01 3.698180983572983607e-03
6.244360745110443256e-01 3.633114097440843810e-03
6.538648400533532135e-01 3.568568749148855190e-03
6.846805405866014382e-01 3.474665961542819370e-03
7.169485403431529180e-01 3.384374520609475558e-03
7.507372840767374544e-01 3.296767239837179557e-03
7.861184422429497998e-01 3.211642418671529966e-03
8.231670630218950180e-01 3.130038610942362590e-03
8.619617315054403095e-01 3.023357655012938374e-03
9.025847363867310902e-01 2.942905661365559540e-03
9.451222445055416088e-01 2.865532549298263620e-03
9.896644836196950568e-01 2.771590479241736564e-03
1.036305933790234501e+00 2.686229497105262817e-03
1.085145527786299802e+00 2.604683618228622807e-03
1.136286860934794918e+00 2.507035626157654278e-03
1.189838410859966222e+00 2.418773198318587177e-03
1.245913767578986198e+00 2.352440324128820918e-03
1.304631874441609662e+00 2.270650561925408040e-03
1.366117280424966163e+00 2.178985194706713462e-03
1.430500404318638674e+00 2.092210737357260483e-03
1.497917811360400586e+00 2.013296505809297147e-03
1.568512502909397810e+00 1.936061445733613202e-03
1.642434219771200077e+00 1.863471036145556391e-03
1.719839759818128755e+00 1.789930565501044553e-03
1.800893310578565165e+00 1.714522306555322151e-03
1.885766797500710190e+00 1.632140110575742813e-03
1.974640248629512929e+00 1.556168442719614792e-03
2.067702176470289199e+00 1.494685490678977421e-03
2.165149977849019081e+00 1.438410875364658790e-03
2.267190352617480364e+00 1.380080340296032130e-03
2.374039742091349492e+00 1.316194878775140895e-03
2.485924788151246734e+00 1.252242139664955581e-03
2.603082813980555077e+00 1.191640849844449691e-03
2.725762327459708700e+00 1.129783768440271140e-03
2.854223548284725354e+00 1.070405102055011545e-03
2.988738959928070926e+00 1.024186121594293508e-03
3.129593887612636571e+00 9.790418976220074780e-04
3.277087103524790379e+00 9.192583980044164793e-04
3.431531460550242052e+00 8.642259156109702214e-04
3.593254555876957745e+00 8.084276893185132025e-04
3.762599425872718673e+00 7.684127292438758987e-04
3.939925273711248010e+00 7.250374640986101188e-04
4.125608231290302186e+00 6.755888667080575064e-04
4.320042157057854659e+00 6.228038372047375090e-04
4.523639471438666959e+00 5.792770639508255416e-04
4.736832031633308127e+00 5.261709634731846557e-04
4.960072047645176063e+00 4.797081075737710939e-04
5.193833041478546519e+00 4.254417721456526277e-04
5.438610851542217794e+00 3.813968957450103296e-04
5.694924684389268243e+00 3.531405666230380373e-04
5.963318216023761664e+00 3.219883239075866732e-04
6.244360745110442146e+00 3.096264122269106129e-04
6.538648400533531913e+00 2.847036191578494768e-04
6.846805405866014382e+00 2.739093471041603245e-04
7.169485403431528958e+00 2.803373868287588268e-04
7.507372840767374989e+00 2.828296378328390751e-04
7.861184422429498220e+00 2.954461191210561622e-04
8.231670630218950180e+00 2.879906938095701382e-04
8.619617315054403761e+00 2.715863566213985204e-04
9.025847363867310236e+00 2.506667939989550464e-04
9.451222445055416088e+00 2.288835428277615652e-04
9.896644836196951900e+00 2.165887953484101590e-04
1.036305933790234590e+01 2.032637914895237918e-04
1.085145527786299979e+01 1.830251098166623997e-04
1.136286860934795406e+01 1.727501973134686758e-04
1.189838410859966800e+01 1.708616983601100457e-04
1.245913767578986686e+01 1.693744567982494761e-04
1.304631874441610329e+01 1.688217963450094276e-04
1.366117280424967007e+01 1.696416564904350635e-04
1.430500404318639163e+01 1.451015216171360324e-04
1.497917811360400897e+01 1.268271354068290977e-04
1.568512502909397099e+01 1.090535784645832554e-04
1.642434219771199366e+01 8.920480910363242256e-05
1.719839759818128044e+01 5.407741448539755313e-05
1.800893310578564055e+01 3.882594436143713492e-05
1.885766797500709657e+01 3.767578255248655732e-05
1.974640248629512840e+01 3.869927884528203234e-05
2.067702176470289288e+01 1.821762705555863291e-05
2.165149977849018725e+01 4.262928480943067953e-05
2.267190352617480542e+01 4.895140584076093318e-05
2.374039742091349225e+01 4.064161984616675708e-05
2.485924788151246645e+01 3.937390662467386506e-05
2.603082813980555343e+01 2.106711622920888824e-05
2.725762327459708700e+01 3.742273356424826049e-05
2.854223548284725354e+01 1.928153630941269251e-05
2.988738959928070926e+01 -5.694641923015492449e-06
3.129593887612637104e+01 1.099729236295425183e-05
3.277087103524790734e+01 2.767654207114254451e-05
3.431531460550241519e+01 1.642171451204255743e-05
3.593254555876957568e+01 1.708203095952809991e-05
3.762599425872718939e+01 3.931942031136417132e-05
3.939925273711248366e+01 2.930162010581977410e-05
4.125608231290302541e+01 4.413436610085471798e-05
4.320042157057854126e+01 4.521612772612201912e-05
4.523639471438667670e+01 3.378577928747067004e-05
4.736832031633310436e+01 1.745215877895910190e-05
4.960072047645179083e+01 -2.503504896160295284e-06
5.193833041478545454e+01 -4.908984393773869162e-06
5.438610851542216551e+01 -1.194598417080142067e-05
5.694924684389268066e+01 -2.045434666715296226e-05
5.963318216023762375e+01 -1.368868291871189815e-05
6.244360745110443389e+01 2.888273822172633423e-06
6.538648400533531913e+01 1.928196298448174467e-05
6.846805405866012961e+01 1.631093999761325366e-05
7.169485403431529846e+01 -6.548648371978224473e-06
7.507372840767375521e+01 -8.664424016357936094e-06
7.861184422429498397e+01 -4.971689444965793333e-06
8.231670630218950180e+01 2.913345381078987070e-05
8.619617315054402695e+01 9.227046579589408306e-06
9.025847363867310946e+01 1.170821249077616358e-05
9.451222445055415733e+01 -2.681589663053621255e-05
9.896644836196952610e+01 -2.568632392724388546e-05
1.036305933790234661e+02 -1.840236663421384794e-05
1.085145527786300050e+02 -1.224954238709141933e-05
1.136286860934795442e+02 -5.168967080616971167e-06
1.189838410859966871e+02 -3.492389975502475154e-06
1.245913767578986722e+02 6.317830583846969392e-07
1.304631874441610364e+02 -1.198175123007301732e-05
1.366117280424967078e+02 -5.806379869131913244e-06
1.430500404318639198e+02 -1.206402070980304534e-05
1.497917811360401572e+02 7.650886827818580746e-06
1.568512502909397028e+02 3.368615928399690281e-06
1.642434219771199366e+02 -5.198114256615776526e-07
1.719839759818127902e+02 2.795472442102766214e-06
1.800893310578564126e+02 -2.029456208959733405e-06
1.885766797500709799e+02 -5.194543989256984075e-06
1.974640248629512769e+02 2.022142114145500703e-05
2.067702176470289146e+02 1.282777722058436568e-05
2.165149977849018796e+02 3.559968434116969173e-06
2.267190352617480471e+02 1.015053202987385349e-06
