2.374039742091349145e-02 6.414943605852260061e-03
4.736832031633308321e-02 6.145620074371955718e-03
6.846805405866014660e-02 5.890674706936070704e-03
9.451222445055411370e-02 5.695045030002207458e-03
1.136286860934795223e-01 5.541842298395355249e-03
1.366117280424966329e-01 5.408383412688172812e-03
1.642434219771199688e-01 5.284447655958267147e-03
1.885766797500710024e-01 5.168429221549619354e-03
2.067702176470289366e-01 5.059981555735892922e-03
2.374039742091349214e-01 4.957670788627676142e-03
2.603082813980555077e-01 4.860114518429246161e-03
2.725762327459708700e-01 4.767279229578503044e-03
2.988738959928071148e-01 4.678665678368144031e-03
3.277087103524789491e-01 4.593158451739617031e-03
3.431531460550240054e-01 4.510334122542381148e-03
3.762599425872716896e-01 4.430227325750890795e-03
3.939925273711246678e-01 4.352193149057693999e-03
4.125608231290300298e-01 4.275140289770059700e-03
4.320042157057852328e-01 4.198796386682127589e-03
4.736832031633308460e-01 4.124636740734754885e-03
4.960072047645178728e-01 4.053933764882841975e-03
5.193833041478548296e-01 3.986613063334905858e-03
5.438610851542219349e-01 3.920674706723648213e-03
5.694924684389270908e-01 3.819035164865873262e-03
5.963318216023762997e-01 3.715442943149006600e-03
6.244360745110443256e-01 3.647186673335717656e-03
6.538648400533531024e-01 3.580681729168264885e-03
6.846805405866013272e-01 3.484669828187640130e-03
7.169485403431529180e-01 3.391314915039164973e-03
7.507372840767374544e-01 3.302304398165487390e-03
7.861184422429497998e-01 3.218606029293292776e-03
8.231670630218950180e-01 3.139336645359018345e-03
8.619617315054403095e-01 3.038359894423607686e-03
9.025847363867310902e-01 2.966377248981586726e-03
9.451222445055416088e-01 2.896971591410927964e-03
9.896644836196951678e-01 2.805965096873351897e-03
1.036305933790234501e+00 2.715846060211504244e-03
1.085145527786299802e+00 2.628532502144936139e-03
1.136286860934794696e+00 2.524864434671785906e-03
1.189838410859966222e+00 2.427147428997151763e-03
1.245913767578986198e+00 2.353545362534621536e-03
1.304631874441609662e+00 2.264277311516270982e-03
1.366117280424966163e+00 2.159331647024301335e-03
1.430500404318638674e+00 2.067949097802064106e-03
1.497917811360400808e+00 1.988286925093361857e-03
1.568512502909397810e+00 1.908681265829889964e-03
1.642434219771200077e+00 1.835428272186115503e-03
1.719839759818128755e+00 1.767925686500692282e-03
1.800893310578565165e+00 1.689231888880336546e-03
1.885766797500710190e+00 1.608075246300648756e-03
1.974640248629512929e+00 1.536762886735514987e-03
2.067702176470289199e+00 1.473045740044773809e-03
2.165149977849019081e+00 1.409334285121779636e-03
2.267190352617480364e+00 1.345333536370324446e-03
2.374039742091349048e+00 1.280388392698050002e-03
2.485924788151246734e+00 1.210811228890333342e-03
2.603082813980555077e+00 1.154039671435215303e-03
2.725762327459708700e+00 1.101862893717655114e-03
2.854223548284725354e+00 1.050339816903013727e-03
2.988738959928070926e+00 9.892388904610453174e-04
3.129593887612636571e+00 9.254687384348667849e-04
3.277087103524790379e+00 8.748194319385947963e-04
3.431531460550241608e+00 8.334392958371553920e-04
3.593254555876957745e+00 7.941665316085040833e-04
3.762599425872718673e+00 7.467197531511838519e-04
3.939925273711248010e+00 6.917710447059961625e-04
4.125608231290302186e+00 6.452524301944615641e-04
4.320042157057854659e+00 5.929555772769593523e-04
4.523639471438666959e+00 5.353755223311268538e-04
4.736832031633308127e+00 4.871508160906250868e-04
4.960072047645175175e+00 4.469809199755132292e-04
5.193833041478544743e+00 4.138690133654780810e-04
5.438610851542216906e+00 3.685945355417679704e-04
5.694924684389268243e+00 3.304577113382410614e-04
5.963318216023761664e+00 3.116581014872407880e-04
6.244360745110442146e+00 2.927601281003222155e-04
6.538648400533531024e+00 2.789759335583121892e-04
6.846805405866013494e+00 2.490003126060380957e-04
7.169485403431528958e+00 2.245549497702948466e-04
7.507372840767374989e+00 1.995579153785094831e-04
7.861184422429498220e+00 1.815132406845907016e-04
8.231670630218948403e+00 1.507622172265037433e-04
8.619617315054401985e+00 1.299650967529112722e-04
9.025847363867310236e+00 1.304748312711182629e-04
9.451222445055416088e+00 1.208619446391474562e-04
9.896644836196950124e+00 1.020823193539709372e-04
1.036305933790234590e+01 8.487280934095754400e-05
1.085145527786299979e+01 7.889969103759924521e-05
1.136286860934795584e+01 8.609010042343547453e-05
1.189838410859966977e+01 9.068025296031174737e-05
1.245913767578986686e+01 9.346147280537039470e-05
1.304631874441610329e+01 7.298516330507132251e-05
1.366117280424967007e+01 5.633456215956867823e-05
1.430500404318639163e+01 6.621557617871376487e-05
1.497917811360400897e+01 5.341696934621599160e-05
1.568512502909397099e+01 3.100233766067145600e-05
1.642434219771199366e+01 1.374544575944347449e-05
1.719839759818128044e+01 2.779024314124635701e-06
1.800893310578564055e+01 3.188801497579972456e-06
1.885766797500709657e+01 2.886236626597268003e-06
1.974640248629512840e+01 -7.544043875043268265e-06
2.067702176470289288e+01 -1.661871721481644976e-05
2.165149977849018725e+01 -1.998389121385312354e-06
2.267190352617480542e+01 -1.157403368090748892e-05
2.374039742091349581e+01 -1.638112432113300639e-05
2.485924788151246645e+01 9.457046765759900746e-06
2.603082813980554988e+01 6.521460110052231950e-06
2.725762327459708345e+01 6.253154480231240582e-06
2.854223548284724998e+01 1.685108562342006857e-05
2.988738959928070926e+01 8.357529762647234172e-06
3.129593887612636749e+01 -7.970048871996208859e-06
3.277087103524790734e+01 -7.411049745184087570e-06
3.431531460550241519e+01 1.913342944727224681e-06
3.593254555876957568e+01 -9.973091785872567199e-06
3.762599425872718228e+01 -1.993593652631029669e-05
3.939925273711248366e+01 -1.413005731943963414e-05
4.125608231290302541e+01 -1.400379008767369084e-05
4.320042157057854126e+01 -2.791613732975595704e-05
4.523639471438667670e+01 -2.426532702563970436e-05
4.736832031633310436e+01 -1.118382921094782166e-05
4.960072047645179083e+01 -7.586505716352237911e-06
5.193833041478545454e+01 2.121800998153053450e-05
5.438610851542216551e+01 4.269225825638332361e-05
5.694924684389268066e+01 3.908858532391280827e-05
5.963318216023762375e+01 2.782554550516577369e-05
6.244360745110442679e+01 1.138921577026240104e-05
6.538648400533530491e+01 4.119011636319671228e-06
6.846805405866012961e+01 2.114970548295528916e-06
7.169485403431528425e+01 3.139084083921101859e-06
7.507372840767374100e+01 1.387817606088735716e-05
7.861184422429498397e+01 2.960349837929412089e-06
8.231670630218950180e+01 6.462146893559910051e-06
8.619617315054402695e+01 1.133172750559353674e-05
9.025847363867310946e+01 -1.491486445110073681e-05
9.451222445055417154e+01 -1.717376142552516969e-05
9.896644836196954031e+01 -1.409556275445025262e-05
1.036305933790234661e+02 -6.239695807043089716e-06
1.085145527786299908e+02 -3.057731317775990558e-06
1.136286860934795442e+02 -6.156247018986762588e-06
1.189838410859966729e+02 -9.172808255677664113e-06
1.245913767578986722e+02 -9.179046312800739298e-08
1.304631874441610364e+02 -1.821189720841799138e-06
1.366117280424967078e+02 1.168081605767016246e-05
1.430500404318639198e+02 1.018709479532859893e-05
1.497917811360401572e+02 4.444923474736782950e-06
1.568512502909396744e+02 2.245433494915759126e-05
1.642434219771199082e+02 1.523760651945621370e-05
1.719839759818127902e+02 -8.924045532867606550e-06
1.800893310578564126e+02 3.683416932360763375e-06
1.885766797500709799e+02 8.136265653758746231e-07
1.974640248629512769e+02 1.692187931784987386e-06
2.067702176470289146e+02 -8.171205983048485864e-06
2.165149977849018796e+02 1.871157348107728368e-05
2.267190352617481608e+02 2.096072726877357246e-06
