4.402668768255080977e+03 1.056048585063293355e-02
8.702291228692711229e+03 1.054547562636177875e-02
1.276695311178296106e+04 9.683283886015078140e-03
1.720090168377494410e+04 8.916002537257362859e-03
2.128263827136110558e+04 7.685341889662697726e-03
2.633296208052036673e+04 7.354333783925046629e-03
2.992156217165216367e+04 6.911983244304254793e-03
3.399920905420426425e+04 6.597665966917005617e-03
3.863254898524766031e+04 6.048636205048355495e-03
4.389731063208368141e+04 5.269610096664670285e-03
4.779996890100366727e+04 4.837756935701206101e-03
5.204959014657664375e+04 4.471687107175320065e-03
5.667702085826511029e+04 4.119156183348352679e-03
5.914279763961255958e+04 3.947764313704337988e-03
6.440084477124233672e+04 3.748709371444758440e-03
7.012635473421998904e+04 3.864905978657004037e-03
7.317725498701544711e+04 4.133256600888730349e-03
7.636088696938366047e+04 3.788749946962335045e-03
8.314969572923782107e+04 3.501854845026864445e-03
8.676718631008510420e+04 3.278192138011665549e-03
9.054205856247972406e+04 2.802333267549819706e-03
9.448115949541462760e+04 2.454228128660849474e-03
9.859163400220239419e+04 2.344039525926664216e-03
1.028809378201585205e+05 2.353633044186955684e-03
1.073568510541054857e+05 2.302143759762069648e-03
1.120274922882271785e+05 2.195024034277283983e-03
1.169013333118703304e+05 2.232782401876975704e-03
1.219872144860027474e+05 2.214330399571992278e-03
1.272943607782017789e+05 1.983954798597748273e-03
1.328323984952562314e+05 1.962902269591925482e-03
1.386113727437329653e+05 1.953748188353871072e-03
1.446417656501793244e+05 1.886239708592067675e-03
1.509345153740085370e+05 1.794501237495397692e-03
1.575010359475556761e+05 1.683499085536142598e-03
1.643532379792899883e+05 1.540392353237441270e-03
1.715035502577361767e+05 1.469024017313492851e-03
1.789649422952906461e+05 1.251623384950992192e-03
1.867509478528242907e+05 1.165797780684431698e-03
1.948756894877398154e+05 1.113548514738723445e-03
2.033539041700111702e+05 1.115801180340795064e-03
2.122009700126690441e+05 1.061981384030484315e-03
2.214329341652157309e+05 9.781775828938380109e-04
2.310665419205641083e+05 9.362470256369398057e-04
2.411192670882964449e+05 9.416976295728427719e-04
2.516093436893345497e+05 8.899694264315437253e-04
2.625557990295107011e+05 7.589451642969346915e-04
2.739784882120293914e+05 7.570663849228345243e-04
2.858981301514200168e+05 7.273745801845867128e-04
2.983363451543037081e+05 6.477515696826242203e-04
3.113156941351395799e+05 6.108963584725541447e-04
3.248597195380828343e+05 5.872560867286035500e-04
3.389929880391783081e+05 5.674958521573554224e-04
3.537411351063454640e+05 4.583871518530518757e-04
3.691309114979797741e+05 4.906456930023144446e-04
3.851902317845114740e+05 4.639113733619860871e-04
4.019482249809301575e+05 4.397344235843962928e-04
4.194352873821160174e+05 4.186980198328736874e-04
4.376831376968135592e+05 3.914763958182876282e-04
4.567248745802495396e+05 3.591243038755112331e-04
4.765950366697513382e+05 3.629807454314383074e-04
4.973296652322599548e+05 3.460397080197018119e-04
5.189663695373723749e+05 3.169489485264195198e-04
5.415443950744859176e+05 2.941855695647047292e-04
5.651046947377803735e+05 2.908279880863082071e-04
5.896900031081594061e+05 2.754808101624019938e-04
6.153449139668828575e+05 2.398003171673384010e-04
6.421159611814880045e+05 2.455602907124710505e-04
6.700517031107150251e+05 2.487310239567485596e-04
6.992028106815317878e+05 2.255787700354217799e-04
7.296221592980173882e+05 2.232572400564548920e-04
7.613649247488108231e+05 2.174682237247155508e-04
7.944886832870859653e+05 2.039946261809499591e-04
8.290535160645822762e+05 2.025280962161166945e-04
8.651221181091159815e+05 1.958007311192323915e-04
9.027599120432425989e+05 1.903407096724606053e-04
9.420351667503338540e+05 1.868662991961726348e-04
9.830191212033140473e+05 1.730704678116092422e-04
1.025786113680658164e+06 1.685121196878682068e-04
1.070413716604031390e+06 1.664342885573826046e-04
1.116982877242140938e+06 1.566196046426588707e-04
1.165578064536016202e+06 1.531174045522359266e-04
1.216287422312036389e+06 1.432602505362496313e-04
1.269202929160604253e+06 1.418334154527680626e-04
1.324420565270459978e+06 1.384579326360329968e-04
1.382040486521255691e+06 1.365286971825766351e-04
1.442167206150155980e+06 1.326041563094333936e-04
1.504909784321977990e+06 1.311877973564624619e-04
1.570382025946733309e+06 1.260912798681782703e-04
1.638702687103363918e+06 1.258638335121639498e-04
1.709995690444097621e+06 1.245115639017461810e-04
1.784390349970143754e+06 1.196636938702806864e-04
1.862021605586416787e+06 1.174754895172212013e-04
1.943030267860745313e+06 1.157593584691804197e-04
2.027563273431514623e+06 1.122765624061442728e-04
2.115773951527012512e+06 1.097189009896507484e-04
2.207822302079902031e+06 1.067883110722125798e-04
2.303875285941275768e+06 1.061105387964571289e-04
2.404107127720690332e+06 1.039799474828330243e-04
2.508699631801488344e+06 1.019898255738476496e-04
2.617842512104606722e+06 1.003119281956209861e-04
2.731733736199009698e+06 9.904146846495975214e-05
2.850579884382903110e+06 9.728766938132400288e-05
2.974596524387058336e+06 9.651199653657703819e-05
3.104008602379877120e+06 9.442017097527117978e-05
3.239050850983437151e+06 9.375369679418408728e-05
3.379968215040580370e+06 9.212483103565211897e-05
3.527016295905329287e+06 9.151235505154224463e-05
3.680461815062484704e+06 9.025390524274956670e-05
3.840583097917342093e+06 8.912860090051694442e-05
4.007670578633065801e+06 8.813170936527745599e-05
4.182027326931377407e+06 8.746871854616673683e-05
4.363969597812118940e+06 8.648807810992956494e-05
4.553827405188770033e+06 8.610368580939232021e-05
4.751945120480441488e+06 8.537360877190805746e-05
4.958682097246030346e+06 8.465130389370897088e-05
5.174413322993571870e+06 8.411783787207302750e-05
5.399530099347066134e+06 8.376365706264544009e-05
5.634440751804464497e+06 8.319302726789863363e-05
5.879571370374217629e+06 8.288295458002008817e-05
6.135366582433775999e+06 8.240806456621297294e-05
6.402290359211891890e+06 8.212527588381572858e-05
6.680826857357543893e+06 8.180937915056901613e-05
6.971481297121950425e+06 8.168477754205148201e-05
7.274780878746563569e+06 8.144923075470080094e-05
7.591275738719213754e+06 8.119858725132655074e-05
7.921539947632909752e+06 8.099055873361961496e-05
8.266172551457234658e+06 8.089709780205151348e-05
8.625798658111047000e+06 8.077205913747042502e-05
9.001070571307353675e+06 8.065668340104478772e-05
9.392668973726961762e+06 8.052360573162153316e-05
9.801304161666996777e+06 8.043077733353959195e-05
1.022771733340373263e+07 8.034450067895058500e-05
1.067268193360666372e+07 8.027388281725772803e-05
1.113700505624227971e+07 8.007417890836044977e-05
1.162152890851223655e+07 7.982411545391735483e-05
1.212713233848131076e+07 7.956602568200898614e-05
1.265473242916593328e+07 7.931315261844776418e-05
1.320528616197475046e+07 7.904804639491170876e-05
1.377979215251847915e+07 7.877530744132752697e-05
1.437929246193742193e+07 7.849781901840287952e-05
1.500487448703214899e+07 7.820974347457435450e-05
1.565767293262583762e+07 7.791469139384563113e-05
1.633887186973565444e+07 7.760959371165940702e-05
1.704970688328647614e+07 7.729350150481466601e-05
1.779146731326251104e+07 7.696392686792659507e-05
1.856549859336193278e+07 7.661978066990001444e-05
1.937320469139645249e+07 7.626252903946034755e-05
2.021605065586232394e+07 7.589208756989969363e-05
2.109556527330185100e+07 7.550495914113370451e-05
