4.402668768255081886e+03 1.137259551028871329e-02
8.702291228692711229e+03 1.000156678276212761e-02
1.276695311178296288e+04 9.256867084344448313e-03
1.720090168377494410e+04 8.473624983582117576e-03
2.128263827136110922e+04 8.081702807661055726e-03
2.633296208052037036e+04 7.418337499245332249e-03
2.992156217165216731e+04 6.736030747633650791e-03
3.399920905420427152e+04 6.340138567078185128e-03
3.863254898524766031e+04 5.874953512394024378e-03
4.389731063208368869e+04 5.547630765473298906e-03
4.779996890100365999e+04 5.036281244389193001e-03
5.204959014657664375e+04 4.728568717621122949e-03
5.667702085826511757e+04 4.562529943446071330e-03
5.914279763961255958e+04 4.331113520794674029e-03
6.440084477124233672e+04 4.015635431321020604e-03
7.012635473421998904e+04 3.815560548362901486e-03
7.317725498701544711e+04 3.653134593573011644e-03
7.636088696938367502e+04 3.387532742259149500e-03
8.314969572923783562e+04 3.147945967369583826e-03
8.676718631008510420e+04 3.048394337277442797e-03
9.054205856247972406e+04 2.798563690016126274e-03
9.448115949541462760e+04 2.705453486910583058e-03
9.859163400220239419e+04 2.547409767078539188e-03
1.028809378201585205e+05 2.519203621978588666e-03
1.073568510541054857e+05 2.430632945143975081e-03
1.120274922882271931e+05 2.327461823597669951e-03
1.169013333118703304e+05 2.194118738318601679e-03
1.219872144860027474e+05 2.140658175939713897e-03
1.272943607782017789e+05 1.969623105487150472e-03
1.328323984952562314e+05 1.838359704295712159e-03
1.386113727437329653e+05 1.793842685841478797e-03
1.446417656501793244e+05 1.712101194741338884e-03
1.509345153740085370e+05 1.610646677623048251e-03
1.575010359475556761e+05 1.534790318280041281e-03
1.643532379792899883e+05 1.428968743622247191e-03
1.715035502577361767e+05 1.374748297292939687e-03
1.789649422952906752e+05 1.275020404751138177e-03
1.867509478528243199e+05 1.194963027717874061e-03
1.948756894877398154e+05 1.118657452209357531e-03
2.033539041700111702e+05 1.069087779297574637e-03
2.122009700126690441e+05 1.037206614606029850e-03
2.214329341652157309e+05 9.772532134062342831e-04
2.310665419205641374e+05 9.167293724250428696e-04
2.411192670882964740e+05 8.665946407901625129e-04
2.516093436893345497e+05 8.381155644640692981e-04
2.625557990295106429e+05 7.624209178044344306e-04
2.739784882120293914e+05 7.046803309840863391e-04
2.858981301514200750e+05 6.705866403285473806e-04
2.983363451543037081e+05 6.454794602801391078e-04
3.113156941351395799e+05 6.112785687967579960e-04
3.248597195380828343e+05 5.740891578808571087e-04
3.389929880391783081e+05 5.336901503895565696e-04
3.537411351063454640e+05 5.044573661250370111e-04
3.691309114979797741e+05 4.822611460813965955e-04
3.851902317845114740e+05 4.501481818257486718e-04
4.019482249809301575e+05 4.311913060282057458e-04
4.194352873821160174e+05 4.085038692126530821e-04
4.376831376968135592e+05 3.876783269475281030e-04
4.567248745802495978e+05 3.680737399388689770e-04
4.765950366697513964e+05 3.444448644778260317e-04
4.973296652322599548e+05 3.368778993603599144e-04
5.189663695373724331e+05 3.163949834769313020e-04
5.415443950744860340e+05 2.956686782252224729e-04
5.651046947377803735e+05 2.822754790199403217e-04
5.896900031081594061e+05 2.750096324415545802e-04
6.153449139668828575e+05 2.617423179457789464e-04
6.421159611814880045e+05 2.504599139463090638e-04
6.700517031107150251e+05 2.361989457196310969e-04
6.992028106815317878e+05 2.296858129824109996e-04
7.296221592980173882e+05 2.213468899456053052e-04
7.613649247488108231e+05 2.114690687478515321e-04
7.944886832870859653e+05 2.028352200145055616e-04
8.290535160645822762e+05 1.977211288237368475e-04
8.651221181091160979e+05 1.888579329511817339e-04
9.027599120432427153e+05 1.862503089123401258e-04
9.420351667503338540e+05 1.764349217176787422e-04
9.830191212033139309e+05 1.699754698911448453e-04
1.025786113680658164e+06 1.623290942799290350e-04
1.070413716604031390e+06 1.604225507768100004e-04
1.116982877242140938e+06 1.540380557218449489e-04
1.165578064536016202e+06 1.504008071268963479e-04
1.216287422312036389e+06 1.461533236322459697e-04
1.269202929160604253e+06 1.425044991219772859e-04
1.324420565270459978e+06 1.387894762681384550e-04
1.382040486521255923e+06 1.354648305821975996e-04
1.442167206150156213e+06 1.319059990129469980e-04
1.504909784321977990e+06 1.283831563297028794e-04
1.570382025946733309e+06 1.256166189638419301e-04
1.638702687103363918e+06 1.229479759616505666e-04
1.709995690444097621e+06 1.200658394890323900e-04
1.784390349970143754e+06 1.182868576880744649e-04
1.862021605586416787e+06 1.161654924692463958e-04
1.943030267860745313e+06 1.134814702751379435e-04
2.027563273431514390e+06 1.107235318335056509e-04
2.115773951527012512e+06 1.089278973305897387e-04
2.207822302079902031e+06 1.067428943313376670e-04
2.303875285941275768e+06 1.053171129320829507e-04
2.404107127720690332e+06 1.032781456649920952e-04
2.508699631801488344e+06 1.020463937381231519e-04
2.617842512104606722e+06 1.004485462322360356e-04
2.731733736199009698e+06 9.918967570989691885e-05
2.850579884382903576e+06 9.774736633869424087e-05
2.974596524387058336e+06 9.642249673232946964e-05
3.104008602379877120e+06 9.512786784566116464e-05
3.239050850983437616e+06 9.407804649146526217e-05
3.379968215040580835e+06 9.273088792495615107e-05
3.527016295905329287e+06 9.186195840541551590e-05
3.680461815062484704e+06 9.076298034104247155e-05
3.840583097917342559e+06 8.989539603776095476e-05
4.007670578633065801e+06 8.901827441562513185e-05
4.182027326931377407e+06 8.817369960309293000e-05
4.363969597812118940e+06 8.726826107316141298e-05
4.553827405188770033e+06 8.654596716124645446e-05
4.751945120480441488e+06 8.584597640658605232e-05
4.958682097246030346e+06 8.523191859723806797e-05
5.174413322993571870e+06 8.469913810681700835e-05
5.399530099347066134e+06 8.428500923964414864e-05
5.634440751804465428e+06 8.385150645892063969e-05
5.879571370374216698e+06 8.344248088798778787e-05
6.135366582433775067e+06 8.311220532356378783e-05
6.402290359211891890e+06 8.280653493329711407e-05
6.680826857357543893e+06 8.255297814927920321e-05
6.971481297121950425e+06 8.230750533556841723e-05
7.274780878746563569e+06 8.207000386345808854e-05
7.591275738719213754e+06 8.186338049391500636e-05
7.921539947632909752e+06 8.170176369378092589e-05
8.266172551457234658e+06 8.156611835189925600e-05
8.625798658111047000e+06 8.140285966588630567e-05
9.001070571307353675e+06 8.126653321312301919e-05
9.392668973726961762e+06 8.114570434489186911e-05
9.801304161666996777e+06 8.104523548160977797e-05
1.022771733340373263e+07 8.096394405400203617e-05
1.067268193360666372e+07 8.088636225247344499e-05
1.113700505624227971e+07 8.070048233837346209e-05
1.162152890851223469e+07 8.046172353884045530e-05
1.212713233848130889e+07 8.023323431350721157e-05
1.265473242916593328e+07 8.000374950336246313e-05
1.320528616197475232e+07 7.976943898363171408e-05
1.377979215251848102e+07 7.952832446324865586e-05
1.437929246193742193e+07 7.928057985796310486e-05
1.500487448703214899e+07 7.902609365423622027e-05
1.565767293262583762e+07 7.876607376949880802e-05
1.633887186973565444e+07 7.849704735767582269e-05
1.704970688328647614e+07 7.821820860673690790e-05
1.779146731326251104e+07 7.792938118535974452e-05
1.856549859336193278e+07 7.762817550960703365e-05
1.937320469139645621e+07 7.731444815990873201e-05
2.021605065586232394e+07 7.698856318008216130e-05
2.109556527330185100e+07 7.664848081614514719e-05
