4.402668768255080977e+03 1.018409685437511765e-02
8.702291228692711229e+03 9.374263916761726295e-03
1.276695311178296106e+04 9.794709230819417800e-03
1.720090168377494410e+04 9.383059385634349991e-03
2.128263827136110558e+04 9.343553204257514649e-03
2.633296208052036673e+04 9.023438129826267737e-03
2.992156217165216367e+04 8.906456664955235067e-03
3.399920905420426425e+04 9.202464874862720939e-03
3.863254898524766031e+04 8.928991429286995546e-03
4.389731063208368141e+04 8.989715067553850220e-03
4.779996890100366727e+04 8.442087717089187537e-03
5.204959014657664375e+04 8.452033666043076016e-03
5.667702085826511029e+04 8.089627305714377700e-03
5.914279763961255958e+04 7.729120495253647902e-03
6.440084477124233672e+04 7.674449479575768708e-03
7.012635473421998904e+04 7.357532438264913037e-03
7.317725498701544711e+04 6.869824701878590040e-03
7.636088696938366047e+04 6.735310272145287637e-03
8.314969572923782107e+04 6.543633798730957331e-03
8.676718631008510420e+04 6.272209278344342311e-03
9.054205856247972406e+04 5.940329629629856334e-03
9.448115949541462760e+04 6.038559001885324996e-03
9.859163400220239419e+04 5.811935602732684787e-03
1.028809378201585205e+05 5.943672477855174371e-03
1.073568510541054857e+05 5.893354002232781622e-03
1.120274922882271785e+05 5.780478538144864092e-03
1.169013333118703304e+05 5.656532192199981331e-03
1.219872144860027474e+05 5.583844431476379065e-03
1.272943607782017789e+05 5.353146496994801683e-03
1.328323984952562314e+05 5.245855569238620439e-03
1.386113727437329653e+05 5.133464434153198544e-03
1.446417656501793244e+05 5.018577443802384359e-03
1.509345153740085370e+05 4.834677675871750825e-03
1.575010359475556761e+05 4.802077929587466980e-03
1.643532379792899883e+05 4.850051372883113464e-03
1.715035502577361767e+05 4.803298366226376598e-03
1.789649422952906461e+05 4.639594365070569618e-03
1.867509478528242907e+05 4.579407585827370737e-03
1.948756894877398154e+05 4.543030836502115824e-03
2.033539041700111702e+05 4.731841601477099549e-03
2.122009700126690441e+05 4.657367766855028193e-03
2.214329341652157309e+05 4.501012487080809261e-03
2.310665419205641083e+05 4.305149599844971739e-03
2.411192670882964449e+05 4.290986411413040026e-03
2.516093436893345497e+05 4.244712271722702809e-03
2.625557990295107011e+05 4.208235846260559299e-03
2.739784882120293914e+05 4.196744644451425033e-03
2.858981301514200168e+05 4.036787194936500983e-03
2.983363451543037081e+05 3.999285595931014597e-03
3.113156941351395799e+05 3.937397364522979976e-03
3.248597195380828343e+05 3.950613409672227953e-03
3.389929880391783081e+05 3.900775893242864212e-03
3.537411351063454640e+05 3.864706727328998549e-03
3.691309114979797741e+05 3.824410278482476971e-03
3.851902317845114740e+05 3.831853115059118998e-03
4.019482249809301575e+05 3.741599535778061640e-03
4.194352873821160174e+05 3.738000168298184420e-03
4.376831376968135592e+05 3.702581456348621580e-03
4.567248745802495396e+05 3.701197206860727586e-03
4.765950366697513382e+05 3.688425238469043941e-03
4.973296652322599548e+05 3.697704917158030520e-03
5.189663695373723749e+05 3.683117167351635229e-03
5.415443950744859176e+05 3.621654590501955685e-03
5.651046947377803735e+05 3.607471609480882545e-03
5.896900031081594061e+05 3.607401999850849347e-03
6.153449139668828575e+05 3.589885760765532726e-03
6.421159611814880045e+05 3.590386385887708171e-03
6.700517031107150251e+05 3.550288855898019961e-03
6.992028106815317878e+05 3.564285856579502143e-03
7.296221592980173882e+05 3.537138110772477997e-03
7.613649247488108231e+05 3.539397721171592612e-03
7.944886832870859653e+05 3.522422841301571690e-03
8.290535160645822762e+05 3.528944540614245649e-03
8.651221181091159815e+05 3.510147078730101785e-03
9.027599120432425989e+05 3.506741071513908362e-03
9.420351667503338540e+05 3.483008651598453690e-03
9.830191212033140473e+05 3.484624249212569819e-03
1.025786113680658164e+06 3.479711592050135829e-03
1.070413716604031390e+06 3.470332538672492913e-03
1.116982877242140938e+06 3.465116259915349949e-03
1.165578064536016202e+06 3.457953643042605430e-03
1.216287422312036389e+06 3.456346106402961860e-03
1.269202929160604253e+06 3.456003133683292761e-03
1.324420565270459978e+06 3.449157416578049404e-03
1.382040486521255691e+06 3.441308061365027336e-03
1.442167206150155980e+06 3.444065917926286257e-03
1.504909784321977990e+06 3.439966048177868409e-03
1.570382025946733309e+06 3.434509201631766491e-03
1.638702687103363918e+06 3.430723829341769844e-03
1.709995690444097621e+06 3.427496437564216125e-03
1.784390349970143754e+06 3.430687829904510971e-03
1.862021605586416787e+06 3.427785733965603605e-03
1.943030267860745313e+06 3.420426214967431291e-03
2.027563273431514623e+06 3.414571130942916592e-03
2.115773951527012512e+06 3.415422451966818561e-03
2.207822302079902031e+06 3.413418738553373934e-03
2.303875285941275768e+06 3.413314757893433967e-03
2.404107127720690332e+06 3.411430437165274051e-03
2.508699631801488344e+06 3.409767535235296802e-03
2.617842512104606722e+06 3.406229942477224937e-03
2.731733736199009698e+06 3.407410443832769188e-03
2.850579884382903110e+06 3.404485058053951466e-03
2.974596524387058336e+06 3.403520056341183611e-03
3.104008602379877120e+06 3.401442462563174143e-03
3.239050850983437151e+06 3.400943685144625084e-03
3.379968215040580370e+06 3.400286479176372386e-03
3.527016295905329287e+06 3.399941237567254571e-03
3.680461815062484704e+06 3.397528926722490333e-03
3.840583097917342093e+06 3.398032626796766015e-03
4.007670578633065801e+06 3.396946969274411681e-03
4.182027326931377407e+06 3.395045022591556844e-03
4.363969597812118940e+06 3.394043263630919845e-03
4.553827405188770033e+06 3.393126836737077844e-03
4.751945120480441488e+06 3.392163009228852180e-03
4.958682097246030346e+06 3.391791052216061239e-03
5.174413322993571870e+06 3.391074562733008193e-03
5.399530099347066134e+06 3.390818656809508128e-03
5.634440751804464497e+06 3.390144502261601984e-03
5.879571370374217629e+06 3.389666413188466027e-03
6.135366582433775999e+06 3.389205506150016600e-03
6.402290359211891890e+06 3.388426003336521969e-03
6.680826857357543893e+06 3.388055415454444778e-03
6.971481297121950425e+06 3.387697385364832336e-03
7.274780878746563569e+06 3.387225565964753146e-03
7.591275738719213754e+06 3.386812560710168295e-03
7.921539947632909752e+06 3.386523278521525078e-03
8.266172551457234658e+06 3.386042358132742777e-03
8.625798658111047000e+06 3.385694121139293331e-03
9.001070571307353675e+06 3.385420377721199900e-03
9.392668973726961762e+06 3.385108284137039805e-03
9.801304161666996777e+06 3.384875291034902204e-03
1.022771733340373263e+07 3.384689556527750286e-03
1.067268193360666372e+07 3.384459540992262958e-03
1.113700505624227971e+07 3.384227452929883338e-03
1.162152890851223655e+07 3.383982463105501652e-03
1.212713233848131076e+07 3.383769477810502115e-03
1.265473242916593328e+07 3.383539970572360840e-03
1.320528616197475046e+07 3.383333475672606859e-03
1.377979215251847915e+07 3.383143899344757434e-03
1.437929246193742193e+07 3.382959618188943664e-03
1.500487448703214899e+07 3.382768480393636302e-03
1.565767293262583762e+07 3.382585456795390595e-03
1.633887186973565444e+07 3.382395960451159856e-03
1.704970688328647614e+07 3.382208527036270791e-03
1.779146731326251104e+07 3.382017875512015499e-03
1.856549859336193278e+07 3.381813271754088423e-03
1.937320469139645249e+07 3.381603921978617103e-03
2.021605065586232394e+07 3.381390693910072808e-03
2.109556527330185100e+07 3.381169204482385726e-03
