4.402668768255080977e+03 1.214550371547678566e-02
8.702291228692711229e+03 1.134588786784332740e-02
1.276695311178296106e+04 1.090206052039703437e-02
1.720090168377494410e+04 1.030951050879376843e-02
2.128263827136110558e+04 1.001184817104747854e-02
2.633296208052036673e+04 9.690232372321170434e-03
2.992156217165216367e+04 9.306095250441976524e-03
3.399920905420426425e+04 9.084784579399724641e-03
3.863254898524766031e+04 8.884479057885445383e-03
4.389731063208368141e+04 8.718348932603843873e-03
4.779996890100366727e+04 8.300692775214980890e-03
5.204959014657664375e+04 8.176578744457898423e-03
5.667702085826511029e+04 7.972872264397766473e-03
5.914279763961255958e+04 7.747357318639662253e-03
6.440084477124233672e+04 7.527381341652744813e-03
7.012635473421998904e+04 7.429035974873654524e-03
7.317725498701544711e+04 7.261966667770121224e-03
7.636088696938366047e+04 7.080917512920989476e-03
8.314969572923782107e+04 6.947875003546768839e-03
8.676718631008510420e+04 6.832637487611198726e-03
9.054205856247972406e+04 6.604838457716222591e-03
9.448115949541462760e+04 6.531205460962860761e-03
9.859163400220239419e+04 6.396510280719712449e-03
1.028809378201585205e+05 6.322813333223801027e-03
1.073568510541054857e+05 6.253979431012063502e-03
1.120274922882271785e+05 6.221862550427897584e-03
1.169013333118703304e+05 6.108484520067444801e-03
1.219872144860027474e+05 6.086347475845813038e-03
1.272943607782017789e+05 5.932488866288195342e-03
1.328323984952562314e+05 5.813582257964648205e-03
1.386113727437329653e+05 5.758498859131133338e-03
1.446417656501793244e+05 5.704500955624011715e-03
1.509345153740085370e+05 5.555732585510142832e-03
1.575010359475556761e+05 5.498252172187798222e-03
1.643532379792899883e+05 5.368641641769473019e-03
1.715035502577361767e+05 5.328102193108395085e-03
1.789649422952906461e+05 5.219661976852793539e-03
1.867509478528242907e+05 5.149805074608019770e-03
1.948756894877398154e+05 5.056819371693927964e-03
2.033539041700111702e+05 5.038099905995832919e-03
2.122009700126690441e+05 5.011209186236768170e-03
2.214329341652157309e+05 4.950862251230119492e-03
2.310665419205641083e+05 4.869505266671445010e-03
2.411192670882964449e+05 4.812048211467512965e-03
2.516093436893345497e+05 4.753036325046557792e-03
2.625557990295107011e+05 4.680278524937775929e-03
2.739784882120293914e+05 4.644219369309027581e-03
2.858981301514200168e+05 4.598080046486724241e-03
2.983363451543037081e+05 4.569504845340745594e-03
3.113156941351395799e+05 4.528983317395757560e-03
3.248597195380828343e+05 4.491882479176426829e-03
3.389929880391783081e+05 4.448417209738698280e-03
3.537411351063454640e+05 4.408264383306153590e-03
3.691309114979797741e+05 4.370520464891158689e-03
3.851902317845114740e+05 4.339426571914951555e-03
4.019482249809301575e+05 4.303101676833001252e-03
4.194352873821160174e+05 4.286124844275759210e-03
4.376831376968135592e+05 4.257285255761602411e-03
4.567248745802495396e+05 4.234334695399702420e-03
4.765950366697513382e+05 4.205492423689259802e-03
4.973296652322599548e+05 4.200603025407280249e-03
5.189663695373723749e+05 4.175221042704430063e-03
5.415443950744859176e+05 4.138442808844551221e-03
5.651046947377803735e+05 4.119230086837608919e-03
5.896900031081594061e+05 4.113929397969044548e-03
6.153449139668828575e+05 4.098213522364085003e-03
6.421159611814880045e+05 4.080910907908457709e-03
6.700517031107150251e+05 4.063341488818516742e-03
6.992028106815317878e+05 4.053903130719160516e-03
7.296221592980173882e+05 4.045811826898526933e-03
7.613649247488108231e+05 4.034245572640540560e-03
7.944886832870859653e+05 4.026210129544611702e-03
8.290535160645822762e+05 4.017626896103900988e-03
8.651221181091159815e+05 4.007129251179592649e-03
9.027599120432425989e+05 4.001220460417993438e-03
9.420351667503338540e+05 3.990445271427688935e-03
9.830191212033140473e+05 3.985152285469935503e-03
1.025786113680658164e+06 3.975982706046187962e-03
1.070413716604031390e+06 3.972635781332113994e-03
1.116982877242140938e+06 3.966546274274599174e-03
1.165578064536016202e+06 3.962308359995585748e-03
1.216287422312036389e+06 3.956681542408253816e-03
1.269202929160604253e+06 3.953528849004987397e-03
1.324420565270459978e+06 3.948773683942949191e-03
1.382040486521255691e+06 3.945115082970205266e-03
1.442167206150155980e+06 3.941592380346871892e-03
1.504909784321977990e+06 3.937137612097261173e-03
1.570382025946733309e+06 3.933289391949751704e-03
1.638702687103363918e+06 3.930401209099161630e-03
1.709995690444097621e+06 3.927739232373087322e-03
1.784390349970143754e+06 3.926490836622141718e-03
1.862021605586416787e+06 3.923125681287675977e-03
1.943030267860745313e+06 3.919719970277900020e-03
2.027563273431514623e+06 3.916515633494162263e-03
2.115773951527012512e+06 3.914773436387661114e-03
2.207822302079902031e+06 3.912732296182179839e-03
2.303875285941275768e+06 3.910917966826839808e-03
2.404107127720690332e+06 3.908959739258486936e-03
2.508699631801488344e+06 3.907331673226471097e-03
2.617842512104606722e+06 3.905719626285380965e-03
2.731733736199009698e+06 3.904179714655726767e-03
2.850579884382903110e+06 3.902402549952760542e-03
2.974596524387058336e+06 3.901205901659430316e-03
3.104008602379877120e+06 3.899830383363711399e-03
3.239050850983437151e+06 3.898838490029535135e-03
3.379968215040580370e+06 3.897119649822819356e-03
3.527016295905329287e+06 3.896342368218215588e-03
3.680461815062484704e+06 3.895374452444423565e-03
3.840583097917342093e+06 3.894362096840550073e-03
4.007670578633065801e+06 3.893322603015870152e-03
4.182027326931377407e+06 3.892306472899898818e-03
4.363969597812118940e+06 3.891292013765384854e-03
4.553827405188770033e+06 3.890590230121941662e-03
4.751945120480441488e+06 3.889701504546540147e-03
4.958682097246030346e+06 3.889047616927817502e-03
5.174413322993571870e+06 3.888337988909787348e-03
5.399530099347066134e+06 3.887890932126092207e-03
5.634440751804464497e+06 3.887272139914338571e-03
5.879571370374217629e+06 3.886673516135083668e-03
6.135366582433775999e+06 3.886130619490088360e-03
6.402290359211891890e+06 3.885590932028754052e-03
6.680826857357543893e+06 3.885154679927655015e-03
6.971481297121950425e+06 3.884705591539065143e-03
7.274780878746563569e+06 3.884251254026743240e-03
7.591275738719213754e+06 3.883841124829907985e-03
7.921539947632909752e+06 3.883512424862960340e-03
8.266172551457234658e+06 3.883229473911668783e-03
8.625798658111047000e+06 3.882864925239757400e-03
9.001070571307353675e+06 3.882549950753636740e-03
9.392668973726961762e+06 3.882276222808221568e-03
9.801304161666996777e+06 3.882044618255934589e-03
1.022771733340373263e+07 3.881851185925786017e-03
1.067268193360666372e+07 3.881677570753447153e-03
1.113700505624227971e+07 3.881512666410932670e-03
1.162152890851223655e+07 3.881336149647281100e-03
1.212713233848131076e+07 3.881203641195862634e-03
1.265473242916593328e+07 3.881087349926556993e-03
1.320528616197475046e+07 3.880976941789781535e-03
1.377979215251847915e+07 3.880871884971331173e-03
1.437929246193742193e+07 3.880773216384685899e-03
1.500487448703214899e+07 3.880678136244487299e-03
1.565767293262583762e+07 3.880593753032768843e-03
1.633887186973565444e+07 3.880510876835684998e-03
1.704970688328647614e+07 3.880429546081858028e-03
1.779146731326251104e+07 3.880349242322710026e-03
1.856549859336193278e+07 3.880265955688690007e-03
1.937320469139645249e+07 3.880181336359517404e-03
2.021605065586232394e+07 3.880096101433839172e-03
2.109556527330185100e+07 3.880008959151147289e-03
