4.402668768255080977e+03 1.296735230757345599e-02
8.702291228692711229e+03 1.158630691221679450e-02
1.276695311178296106e+04 1.134762871628708716e-02
1.720090168377494410e+04 1.038453567186949610e-02
2.128263827136110558e+04 9.972700328502424189e-03
2.633296208052036673e+04 1.002970075163330151e-02
2.992156217165216367e+04 9.262243543370860324e-03
3.399920905420426425e+04 9.048747725848276663e-03
3.863254898524766031e+04 8.500592013521223594e-03
4.389731063208368141e+04 8.459912624150018115e-03
4.779996890100366727e+04 8.460233888396987215e-03
5.204959014657664375e+04 7.843553778185441069e-03
5.667702085826511029e+04 7.832400767981865380e-03
5.914279763961255958e+04 7.822768979040967130e-03
6.440084477124233672e+04 7.558863312132306847e-03
7.012635473421998904e+04 7.352826630860800038e-03
7.317725498701544711e+04 7.465480208218573492e-03
7.636088696938366047e+04 7.174486631807065751e-03
8.314969572923782107e+04 6.947032704681414469e-03
8.676718631008510420e+04 7.006309878231455068e-03
9.054205856247972406e+04 6.756286831460170915e-03
9.448115949541462760e+04 6.692653960903273413e-03
9.859163400220239419e+04 6.496025942484814908e-03
1.028809378201585205e+05 6.339801234245173549e-03
1.073568510541054857e+05 6.348753212558609117e-03
1.120274922882271785e+05 6.319263846974635702e-03
1.169013333118703304e+05 6.084156694481332103e-03
1.219872144860027474e+05 6.223521553929068501e-03
1.272943607782017789e+05 6.022041354582434274e-03
1.328323984952562314e+05 6.001556262029827428e-03
1.386113727437329653e+05 5.712270858920387266e-03
1.446417656501793244e+05 5.743255754262903065e-03
1.509345153740085370e+05 5.515348945847588398e-03
1.575010359475556761e+05 5.541262331786742101e-03
1.643532379792899883e+05 5.293927100316116012e-03
1.715035502577361767e+05 5.316144742714573948e-03
1.789649422952906461e+05 5.302090735806797191e-03
1.867509478528242907e+05 5.290870428600193132e-03
1.948756894877398154e+05 5.133891571064953807e-03
2.033539041700111702e+05 5.150648962617155116e-03
2.122009700126690441e+05 5.203028357053413044e-03
2.214329341652157309e+05 5.124341506896351421e-03
2.310665419205641083e+05 5.026883179148925948e-03
2.411192670882964449e+05 5.016672079908380925e-03
2.516093436893345497e+05 4.973099010872200632e-03
2.625557990295107011e+05 4.852226709396867919e-03
2.739784882120293914e+05 4.805706665245179990e-03
2.858981301514200168e+05 4.735106634114374935e-03
2.983363451543037081e+05 4.692800568811108901e-03
3.113156941351395799e+05 4.659867657377415352e-03
3.248597195380828343e+05 4.616835288605103914e-03
3.389929880391783081e+05 4.563406993241358837e-03
3.537411351063454640e+05 4.542138057746965447e-03
3.691309114979797741e+05 4.541902369906593642e-03
3.851902317845114740e+05 4.466325658583839529e-03
4.019482249809301575e+05 4.463284434529069498e-03
4.194352873821160174e+05 4.412746846674944941e-03
4.376831376968135592e+05 4.384778468865081942e-03
4.567248745802495396e+05 4.372867617574232105e-03
4.765950366697513382e+05 4.354022895549539834e-03
4.973296652322599548e+05 4.340744894969512241e-03
5.189663695373723749e+05 4.288404557206542192e-03
5.415443950744859176e+05 4.266492107277138762e-03
5.651046947377803735e+05 4.250416490452677519e-03
5.896900031081594061e+05 4.245373095182854856e-03
6.153449139668828575e+05 4.239854204921461242e-03
6.421159611814880045e+05 4.221660254149296569e-03
6.700517031107150251e+05 4.209010620829188414e-03
6.992028106815317878e+05 4.190945814442497558e-03
7.296221592980173882e+05 4.178246188572538704e-03
7.613649247488108231e+05 4.165975302900786631e-03
7.944886832870859653e+05 4.162228003286084534e-03
8.290535160645822762e+05 4.147349913713290620e-03
8.651221181091159815e+05 4.142510166809882169e-03
9.027599120432425989e+05 4.131559660231961043e-03
9.420351667503338540e+05 4.124131961670362764e-03
9.830191212033140473e+05 4.120458252120763956e-03
1.025786113680658164e+06 4.106761286374411603e-03
1.070413716604031390e+06 4.102103891625225214e-03
1.116982877242140938e+06 4.099743993568042387e-03
1.165578064536016202e+06 4.094689220180120978e-03
1.216287422312036389e+06 4.097092864662655806e-03
1.269202929160604253e+06 4.096094927952604291e-03
1.324420565270459978e+06 4.088005075973969761e-03
1.382040486521255691e+06 4.081778120226029968e-03
1.442167206150155980e+06 4.077753924884452812e-03
1.504909784321977990e+06 4.074273144779609092e-03
1.570382025946733309e+06 4.073984600334316225e-03
1.638702687103363918e+06 4.066998241506447273e-03
1.709995690444097621e+06 4.063184590040027321e-03
1.784390349970143754e+06 4.062133463954683589e-03
1.862021605586416787e+06 4.057476510197619360e-03
1.943030267860745313e+06 4.056322594013516553e-03
2.027563273431514623e+06 4.050492218756454946e-03
2.115773951527012512e+06 4.048584518188269241e-03
2.207822302079902031e+06 4.048933538993397009e-03
2.303875285941275768e+06 4.046267656407401617e-03
2.404107127720690332e+06 4.043561811089864746e-03
2.508699631801488344e+06 4.040877879204410675e-03
2.617842512104606722e+06 4.040914374076339834e-03
2.731733736199009698e+06 4.037462235119961169e-03
2.850579884382903110e+06 4.037207193677141287e-03
2.974596524387058336e+06 4.035223739354381646e-03
3.104008602379877120e+06 4.034604133335063271e-03
3.239050850983437151e+06 4.034722869740823767e-03
3.379968215040580370e+06 4.032424009769125343e-03
3.527016295905329287e+06 4.032013779813932268e-03
3.680461815062484704e+06 4.031283499734474376e-03
3.840583097917342093e+06 4.030569237797464351e-03
4.007670578633065801e+06 4.029088400643826388e-03
4.182027326931377407e+06 4.028233249248837702e-03
4.363969597812118940e+06 4.027557065962951433e-03
4.553827405188770033e+06 4.026818248892316196e-03
4.751945120480441488e+06 4.026208496511173192e-03
4.958682097246030346e+06 4.024972585543420966e-03
5.174413322993571870e+06 4.024118074366552118e-03
5.399530099347066134e+06 4.023477604879211085e-03
5.634440751804464497e+06 4.023137823174373698e-03
5.879571370374217629e+06 4.022600116626320020e-03
6.135366582433775999e+06 4.021929691624090072e-03
6.402290359211891890e+06 4.021560348815067520e-03
6.680826857357543893e+06 4.021375307478421840e-03
6.971481297121950425e+06 4.020548942910694493e-03
7.274780878746563569e+06 4.020237549191023677e-03
7.591275738719213754e+06 4.019709153613240833e-03
7.921539947632909752e+06 4.019434091306172373e-03
8.266172551457234658e+06 4.019208205978935106e-03
8.625798658111047000e+06 4.018666234778935607e-03
9.001070571307353675e+06 4.018412121438716574e-03
9.392668973726961762e+06 4.018001919401506528e-03
9.801304161666996777e+06 4.017804036867639837e-03
1.022771733340373263e+07 4.017607942533362418e-03
1.067268193360666372e+07 4.017458173149179683e-03
1.113700505624227971e+07 4.017301054163678782e-03
1.162152890851223655e+07 4.017112379360956477e-03
1.212713233848131076e+07 4.016955795303763822e-03
1.265473242916593328e+07 4.016814701410848301e-03
1.320528616197475046e+07 4.016703979093551834e-03
1.377979215251847915e+07 4.016605405753553501e-03
1.437929246193742193e+07 4.016499495321221302e-03
1.500487448703214899e+07 4.016398359018527597e-03
1.565767293262583762e+07 4.016313360769104349e-03
1.633887186973565444e+07 4.016225370464838497e-03
1.704970688328647614e+07 4.016145909980502887e-03
1.779146731326251104e+07 4.016061472738187595e-03
1.856549859336193278e+07 4.015977343911986130e-03
1.937320469139645249e+07 4.015893811510933518e-03
2.021605065586232394e+07 4.015804344370013830e-03
2.109556527330185100e+07 4.015716684434783926e-03
