4.402668768255081886e+03 1.113882370054790696e-02
8.702291228692711229e+03 1.082081855852871574e-02
1.276695311178296288e+04 1.110543532630113746e-02
1.720090168377494410e+04 1.049629868037285987e-02
2.128263827136110922e+04 9.750935858664122949e-03
2.633296208052037036e+04 9.495726079499239997e-03
2.992156217165216731e+04 9.157268295672454927e-03
3.399920905420427152e+04 8.972456622548329042e-03
3.863254898524766031e+04 8.711473204037690349e-03
4.389731063208368869e+04 8.042913779037843408e-03
4.779996890100365999e+04 7.752008492131531175e-03
5.204959014657664375e+04 7.707979128830542807e-03
5.667702085826511757e+04 7.748462431863545156e-03
5.914279763961255958e+04 7.388588600323602214e-03
6.440084477124233672e+04 7.220740873923827199e-03
7.012635473421998904e+04 7.213174188517676444e-03
7.317725498701544711e+04 7.216237999471002834e-03
7.636088696938367502e+04 6.913709251534377181e-03
8.314969572923783562e+04 6.815286978418923398e-03
8.676718631008510420e+04 6.461843493940337517e-03
9.054205856247972406e+04 6.352197183622084950e-03
9.448115949541462760e+04 6.057687883781651995e-03
9.859163400220239419e+04 5.816792491423139477e-03
1.028809378201585205e+05 5.816235337318157242e-03
1.073568510541054857e+05 5.686587106101248339e-03
1.120274922882271931e+05 5.547773152378018824e-03
1.169013333118703304e+05 5.522372471407604143e-03
1.219872144860027474e+05 5.539672220295622715e-03
1.272943607782017789e+05 5.401068691203319595e-03
1.328323984952562314e+05 5.487927344436793406e-03
1.386113727437329653e+05 5.469160946679834170e-03
1.446417656501793244e+05 5.608810248232820247e-03
1.509345153740085370e+05 5.647455392188344310e-03
1.575010359475556761e+05 5.401685910328945725e-03
1.643532379792899883e+05 5.238358900939998203e-03
1.715035502577361767e+05 5.168739987649428706e-03
1.789649422952906752e+05 4.886615895940076004e-03
1.867509478528243199e+05 4.734230225553776907e-03
1.948756894877398154e+05 4.684498238446825266e-03
2.033539041700111702e+05 4.631691384302596103e-03
2.122009700126690441e+05 4.635456998644905090e-03
2.214329341652157309e+05 4.619460067216467347e-03
2.310665419205641374e+05 4.641027901811310349e-03
2.411192670882964740e+05 4.577095918679046672e-03
2.516093436893345497e+05 4.479447343442358870e-03
2.625557990295106429e+05 4.413602243233305869e-03
2.739784882120293914e+05 4.411884025115213326e-03
2.858981301514200750e+05 4.369415839156015266e-03
2.983363451543037081e+05 4.264994026857696005e-03
3.113156941351395799e+05 4.244940688171459052e-03
3.248597195380828343e+05 4.208756115418297444e-03
3.389929880391783081e+05 4.155502174241139900e-03
3.537411351063454640e+05 4.054765048273008092e-03
3.691309114979797741e+05 4.028737932725102132e-03
3.851902317845114740e+05 4.028207670897119771e-03
4.019482249809301575e+05 4.011415234360667104e-03
4.194352873821160174e+05 3.982148239173112329e-03
4.376831376968135592e+05 3.959383144567830276e-03
4.567248745802495978e+05 3.881647539183345763e-03
4.765950366697513964e+05 3.898585769327653217e-03
4.973296652322599548e+05 3.891528941255148477e-03
5.189663695373724331e+05 3.839960228744155463e-03
5.415443950744860340e+05 3.805290063642922330e-03
5.651046947377803735e+05 3.808552429432596025e-03
5.896900031081594061e+05 3.792049032500065600e-03
6.153449139668828575e+05 3.749101188135365702e-03
6.421159611814880045e+05 3.747562172350457545e-03
6.700517031107150251e+05 3.754592032755024126e-03
6.992028106815317878e+05 3.709276430899285069e-03
7.296221592980173882e+05 3.719756358029048093e-03
7.613649247488108231e+05 3.712706283002048524e-03
7.944886832870859653e+05 3.697530647085102602e-03
8.290535160645822762e+05 3.686899978367600902e-03
8.651221181091160979e+05 3.675477389152659660e-03
9.027599120432427153e+05 3.671794719282887951e-03
9.420351667503338540e+05 3.667767153244713522e-03
9.830191212033139309e+05 3.659024578465079960e-03
1.025786113680658164e+06 3.651041016606537595e-03
1.070413716604031390e+06 3.647511654926498433e-03
1.116982877242140938e+06 3.638129440872878064e-03
1.165578064536016202e+06 3.637508227966261987e-03
1.216287422312036389e+06 3.620494853597012227e-03
1.269202929160604253e+06 3.620828245250210745e-03
1.324420565270459978e+06 3.621783526322167220e-03
1.382040486521255923e+06 3.618813477161982473e-03
1.442167206150156213e+06 3.613377809398461531e-03
1.504909784321977990e+06 3.611021765542697659e-03
1.570382025946733309e+06 3.605460589797355054e-03
1.638702687103363918e+06 3.604704109300842490e-03
1.709995690444097621e+06 3.605627462206061323e-03
1.784390349970143754e+06 3.601012550447580101e-03
1.862021605586416787e+06 3.598793378905184442e-03
1.943030267860745313e+06 3.594143920577561394e-03
2.027563273431514390e+06 3.591491252011473796e-03
2.115773951527012512e+06 3.588845879284218148e-03
2.207822302079902031e+06 3.585063361365399721e-03
2.303875285941275768e+06 3.582715853650240111e-03
2.404107127720690332e+06 3.581897285012982952e-03
2.508699631801488344e+06 3.578725430218996761e-03
2.617842512104606722e+06 3.576604529229299428e-03
2.731733736199009698e+06 3.575116183149842225e-03
2.850579884382903576e+06 3.573842756204649064e-03
2.974596524387058336e+06 3.572883765319819459e-03
3.104008602379877120e+06 3.571496648305666488e-03
3.239050850983437616e+06 3.571189639856304446e-03
3.379968215040580835e+06 3.568976474411422652e-03
3.527016295905329287e+06 3.567871090772758470e-03
3.680461815062484704e+06 3.566629448031000300e-03
3.840583097917342559e+06 3.565508406562178240e-03
4.007670578633065801e+06 3.564385968901616700e-03
4.182027326931377407e+06 3.563457896295081032e-03
4.363969597812118940e+06 3.561994568322368517e-03
4.553827405188770033e+06 3.561935656368066683e-03
4.751945120480441488e+06 3.560982909733759107e-03
4.958682097246030346e+06 3.560010019584956224e-03
5.174413322993571870e+06 3.559522370111942689e-03
5.399530099347066134e+06 3.559136941523551468e-03
5.634440751804465428e+06 3.558071133145298496e-03
5.879571370374216698e+06 3.557578520359713694e-03
6.135366582433775067e+06 3.556729040773799495e-03
6.402290359211891890e+06 3.556186580664976848e-03
6.680826857357543893e+06 3.555645025332643608e-03
6.971481297121950425e+06 3.555480036944173600e-03
7.274780878746563569e+06 3.555021566081642288e-03
7.591275738719213754e+06 3.554495477194508698e-03
7.921539947632909752e+06 3.554035309999990181e-03
8.266172551457234658e+06 3.553822031800381222e-03
8.625798658111047000e+06 3.553554176281606934e-03
9.001070571307353675e+06 3.553297772652683553e-03
9.392668973726961762e+06 3.552993221591240099e-03
9.801304161666996777e+06 3.552778286737382461e-03
1.022771733340373263e+07 3.552563468072309112e-03
1.067268193360666372e+07 3.552398094172736897e-03
1.113700505624227971e+07 3.552232130815785507e-03
1.162152890851223469e+07 3.552077837019624890e-03
1.212713233848130889e+07 3.551926901698345719e-03
1.265473242916593328e+07 3.551811703155902632e-03
1.320528616197475232e+07 3.551687066479832910e-03
1.377979215251848102e+07 3.551570133583555663e-03
1.437929246193742193e+07 3.551464415811006557e-03
1.500487448703214899e+07 3.551358189816011118e-03
1.565767293262583762e+07 3.551258274103189210e-03
1.633887186973565444e+07 3.551162154740610151e-03
1.704970688328647614e+07 3.551067695331164807e-03
1.779146731326251104e+07 3.550970095120147083e-03
1.856549859336193278e+07 3.550868335707611442e-03
1.937320469139645621e+07 3.550766847466464964e-03
2.021605065586232394e+07 3.550666441145025956e-03
2.109556527330185100e+07 3.550562306623291156e-03
