4.402668768255080977e+03 7.930478042273396075e-03
8.702291228692711229e+03 7.306495203656278130e-03
1.276695311178296106e+04 6.869677571718819237e-03
1.720090168377494410e+04 6.453790399710530347e-03
2.128263827136110558e+04 6.120487172735625259e-03
2.633296208052036673e+04 5.798663576568486439e-03
2.992156217165216367e+04 5.516842889793874098e-03
3.399920905420426425e+04 5.224833530056861158e-03
3.863254898524766031e+04 5.006864647189819724e-03
4.389731063208368141e+04 4.770911311789782436e-03
4.779996890100366727e+04 4.535358421275681624e-03
5.204959014657664375e+04 4.343276417306979852e-03
5.667702085826511029e+04 4.165635205140840076e-03
5.914279763961255958e+04 3.997985907128928304e-03
6.440084477124233672e+04 3.831586233027392194e-03
7.012635473421998904e+04 3.653225738770636642e-03
7.317725498701544711e+04 3.500035392932887481e-03
7.636088696938366047e+04 3.360688164455775517e-03
8.314969572923782107e+04 3.255608592693403150e-03
8.676718631008510420e+04 3.125653028794866603e-03
9.054205856247972406e+04 2.977281371343355396e-03
9.448115949541462760e+04 2.870292351782775201e-03
9.859163400220239419e+04 2.770664072121742979e-03
1.028809378201585205e+05 2.679405691956149652e-03
1.073568510541054857e+05 2.591472558451585802e-03
1.120274922882271785e+05 2.491363552850168334e-03
1.169013333118703304e+05 2.404032393004830025e-03
1.219872144860027474e+05 2.330061350288329617e-03
1.272943607782017789e+05 2.207393647724092446e-03
1.328323984952562314e+05 2.093689346759200921e-03
1.386113727437329653e+05 2.017906018890167508e-03
1.446417656501793244e+05 1.926454490877279983e-03
1.509345153740085370e+05 1.843703711720239306e-03
1.575010359475556761e+05 1.762045967568366851e-03
1.643532379792899883e+05 1.689432486498264460e-03
1.715035502577361767e+05 1.622118172585363836e-03
1.789649422952906461e+05 1.527671399609872513e-03
1.867509478528242907e+05 1.447673217845077713e-03
1.948756894877398154e+05 1.377288101764782315e-03
2.033539041700111702e+05 1.310977488729253094e-03
2.122009700126690441e+05 1.245914908383344115e-03
2.214329341652157309e+05 1.187542650130553106e-03
2.310665419205641083e+05 1.134805856186988076e-03
2.411192670882964449e+05 1.072175589155436324e-03
2.516093436893345497e+05 1.013168964548701164e-03
2.625557990295107011e+05 9.606821434788890635e-04
2.739784882120293914e+05 9.062815672786501530e-04
2.858981301514200168e+05 8.616659110176134095e-04
2.983363451543037081e+05 8.148469162122410963e-04
3.113156941351395799e+05 7.712468604732037117e-04
3.248597195380828343e+05 7.300614746874016384e-04
3.389929880391783081e+05 6.879689572393452544e-04
3.537411351063454640e+05 6.515110409286802755e-04
3.691309114979797741e+05 6.160763602575493932e-04
3.851902317845114740e+05 5.800943003221563235e-04
4.019482249809301575e+05 5.502853763364196765e-04
4.194352873821160174e+05 5.212542525518533117e-04
4.376831376968135592e+05 4.960871688523863735e-04
4.567248745802495396e+05 4.699366909122694620e-04
4.765950366697513382e+05 4.456471122575798296e-04
4.973296652322599548e+05 4.247086411149138567e-04
5.189663695373723749e+05 3.995379129138481884e-04
5.415443950744859176e+05 3.773714778428978889e-04
5.651046947377803735e+05 3.587208033966578832e-04
5.896900031081594061e+05 3.408764800526442227e-04
6.153449139668828575e+05 3.229649025686883736e-04
6.421159611814880045e+05 3.069062592764238632e-04
6.700517031107150251e+05 2.920718234185773303e-04
6.992028106815317878e+05 2.790163984707744833e-04
7.296221592980173882e+05 2.664783258520322115e-04
7.613649247488108231e+05 2.538280491550368081e-04
7.944886832870859653e+05 2.428928221628546473e-04
8.290535160645822762e+05 2.325548770426220631e-04
8.651221181091159815e+05 2.226753266327291699e-04
9.027599120432425989e+05 2.143094952399193158e-04
9.420351667503338540e+05 2.053567561191549080e-04
9.830191212033140473e+05 1.976835965736399733e-04
1.025786113680658164e+06 1.900353949104615020e-04
1.070413716604031390e+06 1.826927097575233483e-04
1.116982877242140938e+06 1.765054397349388423e-04
1.165578064536016202e+06 1.699201270071424056e-04
1.216287422312036389e+06 1.638462723941067718e-04
1.269202929160604253e+06 1.589788803904417229e-04
1.324420565270459978e+06 1.537590545128870729e-04
1.382040486521255691e+06 1.491207719248659419e-04
1.442167206150155980e+06 1.446133479558866304e-04
1.504909784321977990e+06 1.405989806381923379e-04
1.570382025946733309e+06 1.367885779733000714e-04
1.638702687103363918e+06 1.329711233519262055e-04
1.709995690444097621e+06 1.295798703940675306e-04
1.784390349970143754e+06 1.264832808917120863e-04
1.862021605586416787e+06 1.234663780024379716e-04
1.943030267860745313e+06 1.208134907884790950e-04
2.027563273431514623e+06 1.183963638735890521e-04
2.115773951527012512e+06 1.158731049171900278e-04
2.207822302079902031e+06 1.136241063793831484e-04
2.303875285941275768e+06 1.114585493120638150e-04
2.404107127720690332e+06 1.096386684831902398e-04
2.508699631801488344e+06 1.077779863065870164e-04
2.617842512104606722e+06 1.059338023699597298e-04
2.731733736199009698e+06 1.042088448899189889e-04
2.850579884382903110e+06 1.027583786036776050e-04
2.974596524387058336e+06 1.012228676746056139e-04
3.104008602379877120e+06 9.980700976023102302e-05
3.239050850983437151e+06 9.845284066744761347e-05
3.379968215040580370e+06 9.722131319984895961e-05
3.527016295905329287e+06 9.601047160883962434e-05
3.680461815062484704e+06 9.493713432152063787e-05
3.840583097917342093e+06 9.386289025028510160e-05
4.007670578633065801e+06 9.290531638242411705e-05
4.182027326931377407e+06 9.192774816661405946e-05
4.363969597812118940e+06 9.097962257917190229e-05
4.553827405188770033e+06 9.012374112966041332e-05
4.751945120480441488e+06 8.939409376260532383e-05
4.958682097246030346e+06 8.866063215667272001e-05
5.174413322993571870e+06 8.798836810834386759e-05
5.399530099347066134e+06 8.737476229002355099e-05
5.634440751804464497e+06 8.686780297054265746e-05
5.879571370374217629e+06 8.638565860814593285e-05
6.135366582433775999e+06 8.594508608657821895e-05
6.402290359211891890e+06 8.557099981677454689e-05
6.680826857357543893e+06 8.524056257363679483e-05
6.971481297121950425e+06 8.494273713506297820e-05
7.274780878746563569e+06 8.467035377182413267e-05
7.591275738719213754e+06 8.442117717522725872e-05
7.921539947632909752e+06 8.420086789283802778e-05
8.266172551457234658e+06 8.400744189677145058e-05
8.625798658111047000e+06 8.382330830461588668e-05
9.001070571307353675e+06 8.365233252734802834e-05
9.392668973726961762e+06 8.351233937001697485e-05
9.801304161666996777e+06 8.337945557058956941e-05
1.022771733340373263e+07 8.326309974395306574e-05
1.067268193360666372e+07 8.317357128574982415e-05
1.113700505624227971e+07 8.314170392814699618e-05
1.162152890851223655e+07 8.313895391988884243e-05
1.212713233848131076e+07 8.314399118715467836e-05
1.265473242916593328e+07 8.316707931206425235e-05
1.320528616197475046e+07 8.319899714692397614e-05
1.377979215251847915e+07 8.324129990927091837e-05
1.437929246193742193e+07 8.329098318708984500e-05
1.500487448703214899e+07 8.334825097950398685e-05
1.565767293262583762e+07 8.341495900801290588e-05
1.633887186973565444e+07 8.349062833950308363e-05
1.704970688328647614e+07 8.357164486082352959e-05
1.779146731326251104e+07 8.365863374516081905e-05
1.856549859336193278e+07 8.375168175342322422e-05
1.937320469139645249e+07 8.385081237051428792e-05
2.021605065586232394e+07 8.395488894202775190e-05
2.109556527330185100e+07 8.406597490982953052e-05
