4.402668768255080977e+03 4.047085574095323109e-03
8.702291228692711229e+03 3.987454193579322362e-03
1.276695311178296106e+04 3.908564070362641717e-03
1.720090168377494410e+04 3.842124165425524988e-03
2.128263827136110558e+04 3.780921844315683362e-03
2.633296208052036673e+04 3.714504851644519212e-03
2.992156217165216367e+04 3.669515924751001832e-03
3.399920905420426425e+04 3.616575560548300396e-03
3.863254898524766031e+04 3.568932249577780238e-03
4.389731063208368141e+04 3.527551172375831354e-03
4.779996890100366727e+04 3.481818264147373485e-03
5.204959014657664375e+04 3.447366210244086349e-03
5.667702085826511029e+04 3.409596887479448852e-03
5.914279763961255958e+04 3.369960290968339236e-03
6.440084477124233672e+04 3.321486233657461231e-03
7.012635473421998904e+04 3.299311200141772597e-03
7.317725498701544711e+04 3.265733468824197610e-03
7.636088696938366047e+04 3.236658137057697119e-03
8.314969572923782107e+04 3.203232602551099595e-03
8.676718631008510420e+04 3.176993979929646893e-03
9.054205856247972406e+04 3.138528158503541693e-03
9.448115949541462760e+04 3.116492836250435439e-03
9.859163400220239419e+04 3.086879847088765724e-03
1.028809378201585205e+05 3.052882992177467173e-03
1.073568510541054857e+05 3.026463210044301466e-03
1.120274922882271785e+05 3.002942155748766079e-03
1.169013333118703304e+05 2.975947740392597546e-03
1.219872144860027474e+05 2.944666508626177497e-03
1.272943607782017789e+05 2.914137924300805836e-03
1.328323984952562314e+05 2.872837323911396016e-03
1.386113727437329653e+05 2.858156523218935777e-03
1.446417656501793244e+05 2.821113250127302643e-03
1.509345153740085370e+05 2.802312988257541718e-03
1.575010359475556761e+05 2.764733564320639384e-03
1.643532379792899883e+05 2.728894688881316078e-03
1.715035502577361767e+05 2.705104088824164879e-03
1.789649422952906461e+05 2.667378758718508790e-03
1.867509478528242907e+05 2.626791017615409847e-03
1.948756894877398154e+05 2.593800021442836060e-03
2.033539041700111702e+05 2.560491706339983273e-03
2.122009700126690441e+05 2.527692317248777815e-03
2.214329341652157309e+05 2.496444361878816850e-03
2.310665419205641083e+05 2.465322947022912173e-03
2.411192670882964449e+05 2.425011905284721239e-03
2.516093436893345497e+05 2.390714709999137988e-03
2.625557990295107011e+05 2.353596952631464498e-03
2.739784882120293914e+05 2.325904545211720555e-03
2.858981301514200168e+05 2.294259382885042563e-03
2.983363451543037081e+05 2.264695381311216706e-03
3.113156941351395799e+05 2.229041292126017568e-03
3.248597195380828343e+05 2.196119151017977920e-03
3.389929880391783081e+05 2.161052181003882567e-03
3.537411351063454640e+05 2.126944766785045151e-03
3.691309114979797741e+05 2.094610491927259999e-03
3.851902317845114740e+05 2.056179608252090615e-03
4.019482249809301575e+05 2.025872047760414723e-03
4.194352873821160174e+05 1.996993924289596108e-03
4.376831376968135592e+05 1.969283938662713587e-03
4.567248745802495396e+05 1.938805174862613580e-03
4.765950366697513382e+05 1.908274179458200855e-03
4.973296652322599548e+05 1.881613168184843518e-03
5.189663695373723749e+05 1.848570424101822138e-03
5.415443950744859176e+05 1.819352439620572793e-03
5.651046947377803735e+05 1.796640858234919286e-03
5.896900031081594061e+05 1.771588434564866019e-03
6.153449139668828575e+05 1.746979859429384496e-03
6.421159611814880045e+05 1.724750546627352261e-03
6.700517031107150251e+05 1.700427621390043385e-03
6.992028106815317878e+05 1.677884959225558071e-03
7.296221592980173882e+05 1.658008142157170895e-03
7.613649247488108231e+05 1.634683181770384391e-03
7.944886832870859653e+05 1.615481534441466768e-03
8.290535160645822762e+05 1.596763357613633326e-03
8.651221181091159815e+05 1.576832850062382697e-03
9.027599120432425989e+05 1.560345377972955760e-03
9.420351667503338540e+05 1.543473274273243073e-03
9.830191212033140473e+05 1.528049340645702692e-03
1.025786113680658164e+06 1.513453730729273639e-03
1.070413716604031390e+06 1.499220364423829764e-03
1.116982877242140938e+06 1.486250759180709558e-03
1.165578064536016202e+06 1.472893750170731165e-03
1.216287422312036389e+06 1.460632104284466382e-03
1.269202929160604253e+06 1.449843045105654810e-03
1.324420565270459978e+06 1.439623911368158793e-03
1.382040486521255691e+06 1.429779794182393839e-03
1.442167206150155980e+06 1.420752494570919327e-03
1.504909784321977990e+06 1.412071566796239269e-03
1.570382025946733309e+06 1.403370887057637118e-03
1.638702687103363918e+06 1.396081932218236387e-03
1.709995690444097621e+06 1.388375536899581937e-03
1.784390349970143754e+06 1.381753444136991612e-03
1.862021605586416787e+06 1.375841021894711131e-03
1.943030267860745313e+06 1.369453387173301959e-03
2.027563273431514623e+06 1.364044151281145183e-03
2.115773951527012512e+06 1.358801381072860309e-03
2.207822302079902031e+06 1.354100617966986185e-03
2.303875285941275768e+06 1.349651462374563439e-03
2.404107127720690332e+06 1.345422483389273685e-03
2.508699631801488344e+06 1.341526010942942302e-03
2.617842512104606722e+06 1.337676239871781175e-03
2.731733736199009698e+06 1.334070440605937720e-03
2.850579884382903110e+06 1.330964709259887168e-03
2.974596524387058336e+06 1.327885119801187419e-03
3.104008602379877120e+06 1.325005569843398356e-03
3.239050850983437151e+06 1.322424144822351155e-03
3.379968215040580370e+06 1.320082835410105876e-03
3.527016295905329287e+06 1.317699750362108469e-03
3.680461815062484704e+06 1.315582950980510304e-03
3.840583097917342093e+06 1.313527736760997360e-03
4.007670578633065801e+06 1.311755834125804404e-03
4.182027326931377407e+06 1.309920190800769723e-03
4.363969597812118940e+06 1.308182981982557516e-03
4.553827405188770033e+06 1.306624828092141886e-03
4.751945120480441488e+06 1.305082749748101654e-03
4.958682097246030346e+06 1.303744722845093587e-03
5.174413322993571870e+06 1.302456221679707590e-03
5.399530099347066134e+06 1.301239599514926676e-03
5.634440751804464497e+06 1.300155298537823689e-03
5.879571370374217629e+06 1.299054700085190781e-03
6.135366582433775999e+06 1.298087700007144983e-03
6.402290359211891890e+06 1.297127247709296133e-03
6.680826857357543893e+06 1.296266932696348018e-03
6.971481297121950425e+06 1.295409847674372939e-03
7.274780878746563569e+06 1.294654614092651630e-03
7.591275738719213754e+06 1.293933828911719578e-03
7.921539947632909752e+06 1.293246606422887883e-03
8.266172551457234658e+06 1.292621408689367812e-03
8.625798658111047000e+06 1.292028254868187506e-03
9.001070571307353675e+06 1.291474330759780596e-03
9.392668973726961762e+06 1.290954669567611832e-03
9.801304161666996777e+06 1.290448946673999854e-03
1.022771733340373263e+07 1.289997047187954040e-03
1.067268193360666372e+07 1.289581663265684710e-03
1.113700505624227971e+07 1.289238165319762713e-03
1.162152890851223655e+07 1.288968861212808894e-03
1.212713233848131076e+07 1.288732003403549910e-03
1.265473242916593328e+07 1.288532920468906176e-03
1.320528616197475046e+07 1.288368841568884263e-03
1.377979215251847915e+07 1.288248682704362527e-03
1.437929246193742193e+07 1.288157225980102747e-03
1.500487448703214899e+07 1.288099807677176023e-03
1.565767293262583762e+07 1.288075460005087694e-03
1.633887186973565444e+07 1.288074246482873771e-03
1.704970688328647614e+07 1.288089435117623213e-03
1.779146731326251104e+07 1.288132870696768583e-03
1.856549859336193278e+07 1.288199383383251215e-03
1.937320469139645249e+07 1.288279413313515170e-03
2.021605065586232394e+07 1.288381545540199288e-03
2.109556527330185100e+07 1.288500310510439558e-03
