4.373462052840339311e+04 3.849976646423873810e-03
8.663872712536182371e+04 2.836377506971190891e-03
1.297612777633432561e+05 2.156996398751537865e-03
1.716321977237225219e+05 1.690308722156432918e-03
2.133352955044680566e+05 1.369462612093003779e-03
2.570584081843180466e+05 1.123736794079313768e-03
3.002659346223522443e+05 9.504106018947209699e-04
3.400051255699007888e+05 8.127290132896185281e-04
3.850036653648362262e+05 7.038069695000627674e-04
4.359576112151433481e+05 6.155716617634798219e-04
4.785516459628607845e+05 5.551348638615088982e-04
5.092353154750021058e+05 4.978738401428306525e-04
5.589887460015378892e+05 4.496814329466720635e-04
5.948298638579135295e+05 4.108390319112455386e-04
6.529460734121510759e+05 3.812640088933290264e-04
6.948115265870495932e+05 3.529816131247940866e-04
7.393612997095065657e+05 3.271607777465118379e-04
7.867675054173729150e+05 3.062542177506330618e-04
8.115985541599227581e+05 2.895812749061595949e-04
8.636364523104346590e+05 2.708622266542555545e-04
8.908935501131536439e+05 2.594649469948794810e-04
9.480156674285578774e+05 2.440639730036196352e-04
9.779358447166775586e+05 2.352588085636559063e-04
1.040638920793218771e+06 2.251666820505681017e-04
1.073482366395235760e+06 2.150445899140405049e-04
1.107362378953821491e+06 2.071440249993854903e-04
1.178363997175473720e+06 2.019045388054325726e-04
1.215554162820160389e+06 1.946386936475090761e-04
1.253918081586967921e+06 1.880343043036600791e-04
1.293492798118420411e+06 1.842698827158308029e-04
1.334316526217329316e+06 1.796416280708936029e-04
1.376428685746485135e+06 1.735941267779628346e-04
1.419869940692928853e+06 1.701367616442455962e-04
1.464682238433571998e+06 1.658166077953899446e-04
1.510908850240064086e+06 1.622745868449860292e-04
1.558594413062029285e+06 1.594344634823642690e-04
1.607784972629023949e+06 1.557997414750210343e-04
1.658528027912821388e+06 1.520312428089667619e-04
1.710872576992971590e+06 1.467538485755853512e-04
1.764869164369909326e+06 1.446454733232751004e-04
1.820569929771302501e+06 1.428669956372620453e-04
1.878028658498780802e+06 1.389809936523482017e-04
1.937300833363639424e+06 1.357237675649529234e-04
1.998443688261687290e+06 1.334843568673676996e-04
2.061516263438953087e+06 1.309913387569923264e-04
2.126579462501624133e+06 1.284803143627560851e-04
2.193696111225278117e+06 1.261607016802903671e-04
2.262931018220170401e+06 1.244421783330035280e-04
2.334351037511183880e+06 1.218826707152716621e-04
2.408025133092841599e+06 1.204853416519231790e-04
2.484024445521731861e+06 1.189899484269188511e-04
2.562422360610655509e+06 1.167668560521546999e-04
2.643294580290809739e+06 1.153546367042286407e-04
2.726719195710453670e+06 1.135196301246603582e-04
2.812776762640615925e+06 1.119905322284382048e-04
2.901550379260673188e+06 1.106180954920838350e-04
2.993125766398916487e+06 1.094724102193862493e-04
3.087591350305567030e+06 1.084159757376454913e-04
3.185038348038192838e+06 1.067976421749028274e-04
3.285560855541945901e+06 1.055716618774476346e-04
3.389255938509685453e+06 1.045750970830699436e-04
3.496223726109740324e+06 1.032953393143637086e-04
3.606567507671781816e+06 1.021657855104569408e-04
3.720393832424205262e+06 1.010397309408648207e-04
3.837812612379281782e+06 9.995385950817098580e-05
3.958937228465463966e+06 9.896909513092831581e-05
4.083884640009324998e+06 9.794942001236149967e-05
4.212775497672826983e+06 9.725966726628345823e-05
4.345734259955008514e+06 9.623076263944057738e-05
4.482889313370523974e+06 9.548120179133575975e-05
4.624373096421152353e+06 9.451129417498404508e-05
4.770322227479958907e+06 9.371195732854316427e-05
4.920877636711535975e+06 9.300032725133879064e-05
5.076184702155839652e+06 9.233149429463853922e-05
5.236393390106864274e+06 9.174209423556270253e-05
5.401658399921838194e+06 9.113335304848749511e-05
5.572139313400730491e+06 9.057288126332612051e-05
5.748000748880233616e+06 9.008988192257613042e-05
5.929412520191177726e+06 8.959804635884915122e-05
6.116549800632681698e+06 8.916175849754322551e-05
6.309593292121526785e+06 8.873898603038207604e-05
6.508729399680037051e+06 8.836758438125680759e-05
6.714150411430871114e+06 8.797373581258824751e-05
6.926054684272703715e+06 8.764197771433574510e-05
7.144646835415889509e+06 8.734922885310123061e-05
7.370137939963219687e+06 8.709372557680705273e-05
7.602745734726500697e+06 8.681332786607686856e-05
7.842694828475678340e+06 8.658958538835163736e-05
8.090216918823721819e+06 8.637406699315100002e-05
8.345551015956449322e+06 8.617875086561580542e-05
8.608943673423551023e+06 8.598101910712494216e-05
8.880649226213565096e+06 8.579024281211490056e-05
9.160930036342609674e+06 8.562257140196228688e-05
9.450056746194254607e+06 8.549234704904142880e-05
9.748308539854859933e+06 8.533788060961062204e-05
1.005597341269697435e+07 8.521132728107160936e-05
1.037334844947102293e+07 8.510553083478360637e-05
1.070074011117369495e+07 8.500625003749607113e-05
1.103846453097030893e+07 8.486330617288317946e-05
1.138684781945656426e+07 8.471758266889090115e-05
1.174622637955472060e+07 8.456985228734522784e-05
1.211694723134818673e+07 8.444268516464659233e-05
1.249936834716802277e+07 8.431961523587640824e-05
1.289385899725526199e+07 8.418519608525492054e-05
1.330080010633241385e+07 8.405672832026233167e-05
1.372058462142882124e+07 8.393626674790831182e-05
1.415361789131487533e+07 8.382229360724321174e-05
1.460031805791137554e+07 8.370545501511439867e-05
1.506111646005230211e+07 8.358587701940533427e-05
1.553645804999046959e+07 8.347345083278000807e-05
1.602680182304859161e+07 8.336104975523795149e-05
1.653262126083051972e+07 8.324784939696091342e-05
1.705440478842042387e+07 8.313473149732153098e-05
1.759265624601181597e+07 8.301891462932786550e-05
1.814789537542133778e+07 8.289997889986675840e-05
1.872065832195750624e+07 8.278086847223418141e-05
1.931149815212887153e+07 8.266176307668987588e-05
1.992098538769127056e+07 8.253896355744047596e-05
2.054970855655037612e+07 8.241455485781361279e-05
2.119827476105090603e+07 8.228638440704171160e-05
