4.402668768255080977e+03 1.203717021752009723e-02
8.702291228692711229e+03 1.133399885169276804e-02
1.276695311178296106e+04 1.081951326268094753e-02
1.720090168377494410e+04 1.038695921900261061e-02
2.128263827136110558e+04 1.001218971436000291e-02
2.633296208052036673e+04 9.673830588994165522e-03
2.992156217165216367e+04 9.372919724142739217e-03
3.399920905420426425e+04 9.064059732155526489e-03
3.863254898524766031e+04 8.819269716466885192e-03
4.389731063208368141e+04 8.570079203041805135e-03
4.779996890100366727e+04 8.328578236765827106e-03
5.204959014657664375e+04 8.106932787336337473e-03
5.667702085826511029e+04 7.917702660113433086e-03
5.914279763961255958e+04 7.744007607641761361e-03
6.440084477124233672e+04 7.572631398968028560e-03
7.012635473421998904e+04 7.387450146705896829e-03
7.317725498701544711e+04 7.240460541642918663e-03
7.636088696938366047e+04 7.094604547138669455e-03
8.314969572923782107e+04 6.965823830937789389e-03
8.676718631008510420e+04 6.843154552116571809e-03
9.054205856247972406e+04 6.707749183528320842e-03
9.448115949541462760e+04 6.592217031200938576e-03
9.859163400220239419e+04 6.490172064545066989e-03
1.028809378201585205e+05 6.378743693304229218e-03
1.073568510541054857e+05 6.277679293728623440e-03
1.120274922882271785e+05 6.176578492213522821e-03
1.169013333118703304e+05 6.099686589320239306e-03
1.219872144860027474e+05 6.029488172465229112e-03
1.272943607782017789e+05 5.915051656300459454e-03
1.328323984952562314e+05 5.803467951516975976e-03
1.386113727437329653e+05 5.723083736307685299e-03
1.446417656501793244e+05 5.635901692977456252e-03
1.509345153740085370e+05 5.544847873360026110e-03
1.575010359475556761e+05 5.466718287539728757e-03
1.643532379792899883e+05 5.388056293881987764e-03
1.715035502577361767e+05 5.325230402615038772e-03
1.789649422952906461e+05 5.236869366842917053e-03
1.867509478528242907e+05 5.149558516385400846e-03
1.948756894877398154e+05 5.081792623016285169e-03
2.033539041700111702e+05 5.007691261330475367e-03
2.122009700126690441e+05 4.943601470050235439e-03
2.214329341652157309e+05 4.885530184633232222e-03
2.310665419205641083e+05 4.830229005324157901e-03
2.411192670882964449e+05 4.771090926114332324e-03
2.516093436893345497e+05 4.716160748126894259e-03
2.625557990295107011e+05 4.664067454592811350e-03
2.739784882120293914e+05 4.620857030108332410e-03
2.858981301514200168e+05 4.581296076191604567e-03
2.983363451543037081e+05 4.535445770208430816e-03
3.113156941351395799e+05 4.493660253262376364e-03
3.248597195380828343e+05 4.454184945537120743e-03
3.389929880391783081e+05 4.418308565784744707e-03
3.537411351063454640e+05 4.383189480702786613e-03
3.691309114979797741e+05 4.349358072064110105e-03
3.851902317845114740e+05 4.314145400055215650e-03
4.019482249809301575e+05 4.281915214011621645e-03
4.194352873821160174e+05 4.256233087181299397e-03
4.376831376968135592e+05 4.233705810415285160e-03
4.567248745802495396e+05 4.209374782870070955e-03
4.765950366697513382e+05 4.187541556589453699e-03
4.973296652322599548e+05 4.167091286160329311e-03
5.189663695373723749e+05 4.145693342529672802e-03
5.415443950744859176e+05 4.127547624229038759e-03
5.651046947377803735e+05 4.112071677232970353e-03
5.896900031081594061e+05 4.097027920967189277e-03
6.153449139668828575e+05 4.082172737988043303e-03
6.421159611814880045e+05 4.067290095171901057e-03
6.700517031107150251e+05 4.055056331201273463e-03
6.992028106815317878e+05 4.043200423699031855e-03
7.296221592980173882e+05 4.032091022126598097e-03
7.613649247488108231e+05 4.021320854621581939e-03
7.944886832870859653e+05 4.010674254718009368e-03
8.290535160645822762e+05 4.001244005632099109e-03
8.651221181091159815e+05 3.992535004100936785e-03
9.027599120432425989e+05 3.984913066688309038e-03
9.420351667503338540e+05 3.978114612924630797e-03
9.830191212033140473e+05 3.971163139689201822e-03
1.025786113680658164e+06 3.964510672883393184e-03
1.070413716604031390e+06 3.957873218942189672e-03
1.116982877242140938e+06 3.952460328898268517e-03
1.165578064536016202e+06 3.946963979381978675e-03
1.216287422312036389e+06 3.942116973682863353e-03
1.269202929160604253e+06 3.937446019780528605e-03
1.324420565270459978e+06 3.933600158287667466e-03
1.382040486521255691e+06 3.929429012464456458e-03
1.442167206150155980e+06 3.925450669956470975e-03
1.504909784321977990e+06 3.921842506894378938e-03
1.570382025946733309e+06 3.918446195728560871e-03
1.638702687103363918e+06 3.915263328517888664e-03
1.709995690444097621e+06 3.912268936749305724e-03
1.784390349970143754e+06 3.909464763383338828e-03
1.862021605586416787e+06 3.907014660973781237e-03
1.943030267860745313e+06 3.904729317226110843e-03
2.027563273431514623e+06 3.902308737154798306e-03
2.115773951527012512e+06 3.900160388273617856e-03
2.207822302079902031e+06 3.897949281820412004e-03
2.303875285941275768e+06 3.895967748580724931e-03
2.404107127720690332e+06 3.894139953183834834e-03
2.508699631801488344e+06 3.892189699914220223e-03
2.617842512104606722e+06 3.890533900744814078e-03
2.731733736199009698e+06 3.888992468258519169e-03
2.850579884382903110e+06 3.887484252858645125e-03
2.974596524387058336e+06 3.886056825258902593e-03
3.104008602379877120e+06 3.884775515181669494e-03
3.239050850983437151e+06 3.883564931237527568e-03
3.379968215040580370e+06 3.882247921954919655e-03
3.527016295905329287e+06 3.881130201528258054e-03
3.680461815062484704e+06 3.880029259063586238e-03
3.840583097917342093e+06 3.878945505928720755e-03
4.007670578633065801e+06 3.878062771809515866e-03
4.182027326931377407e+06 3.877140034403961724e-03
4.363969597812118940e+06 3.876260055047875408e-03
4.553827405188770033e+06 3.875495660427365208e-03
4.751945120480441488e+06 3.874781166693027756e-03
4.958682097246030346e+06 3.874084848826839841e-03
5.174413322993571870e+06 3.873441037593766678e-03
5.399530099347066134e+06 3.872812727693610013e-03
5.634440751804464497e+06 3.872199360992510404e-03
5.879571370374217629e+06 3.871667806947047454e-03
6.135366582433775999e+06 3.871143690114422706e-03
6.402290359211891890e+06 3.870660634297764212e-03
6.680826857357543893e+06 3.870163303778865593e-03
6.971481297121950425e+06 3.869669147501109477e-03
7.274780878746563569e+06 3.869246273115365623e-03
7.591275738719213754e+06 3.868868529722894588e-03
7.921539947632909752e+06 3.868487581034462178e-03
8.266172551457234658e+06 3.868142827354621206e-03
8.625798658111047000e+06 3.867815864167907080e-03
9.001070571307353675e+06 3.867518433881665749e-03
9.392668973726961762e+06 3.867264604351385374e-03
9.801304161666996777e+06 3.867033429372439268e-03
1.022771733340373263e+07 3.866834884574639648e-03
1.067268193360666372e+07 3.866677691020886567e-03
1.113700505624227971e+07 3.866541594038276717e-03
1.162152890851223655e+07 3.866428836785505349e-03
1.212713233848131076e+07 3.866337591531302745e-03
1.265473242916593328e+07 3.866264817038349635e-03
1.320528616197475046e+07 3.866201284318941753e-03
1.377979215251847915e+07 3.866150678378727380e-03
1.437929246193742193e+07 3.866114572495207846e-03
1.500487448703214899e+07 3.866091170195833007e-03
1.565767293262583762e+07 3.866067519209733742e-03
1.633887186973565444e+07 3.866057564032287022e-03
1.704970688328647614e+07 3.866043074940091889e-03
1.779146731326251104e+07 3.866036209793937643e-03
1.856549859336193278e+07 3.866031731314178727e-03
1.937320469139645249e+07 3.866028912562410706e-03
2.021605065586232394e+07 3.866025329368153341e-03
2.109556527330185100e+07 3.866027918964091634e-03
