2.374039742091349145e-02 6.486142985522747040e-03
4.736832031633308321e-02 6.104561965912580490e-03
6.846805405866014660e-02 5.770469084382057190e-03
9.451222445055411370e-02 5.515002645552158356e-03
1.136286860934795223e-01 5.302764475345611572e-03
1.366117280424966329e-01 5.109349731355905533e-03
1.642434219771199688e-01 4.929234273731708527e-03
1.885766797500710024e-01 4.761622287333011627e-03
2.067702176470289366e-01 4.605493042618036270e-03
2.374039742091349214e-01 4.458584357053041458e-03
2.603082813980555077e-01 4.319580271840095520e-03
2.725762327459708700e-01 4.187257960438728333e-03
2.988738959928071148e-01 4.060892388224601746e-03
3.277087103524789491e-01 3.939854446798563004e-03
3.431531460550240054e-01 3.823662176728248596e-03
3.762599425872716896e-01 3.712312318384647369e-03
3.939925273711246678e-01 3.605513600632548332e-03
4.125608231290300298e-01 3.502907464280724525e-03
4.320042157057852328e-01 3.404199844226241112e-03
4.736832031633308460e-01 3.309139516204595566e-03
4.960072047645178728e-01 3.217519959434866905e-03
5.193833041478548296e-01 3.129137214273214340e-03
5.438610851542219349e-01 3.043799893930554390e-03
5.694924684389270908e-01 2.921846695244312286e-03
5.963318216023762997e-01 2.805558498948812485e-03
6.244360745110443256e-01 2.731702057644724846e-03
6.538648400533531024e-01 2.660441678017377853e-03
6.846805405866013272e-01 2.558554057031869888e-03
7.169485403431529180e-01 2.461261115968227386e-03
7.507372840767374544e-01 2.369370311498641968e-03
7.861184422429497998e-01 2.281613647937774658e-03
8.231670630218950180e-01 2.198710339143872261e-03
8.619617315054403095e-01 2.094251336529850960e-03
9.025847363867310902e-01 2.019900828599929810e-03
9.451222445055416088e-01 1.949150348082184792e-03
9.896644836196951678e-01 1.859505660831928253e-03
1.036305933790234501e+00 1.775328069925308228e-03
1.085145527786299802e+00 1.696283696219325066e-03
1.136286860934794696e+00 1.604724791832268238e-03
1.189838410859966222e+00 1.519126351922750473e-03
1.245913767578986198e+00 1.455044490285217762e-03
1.304631874441609662e+00 1.380306668579578400e-03
1.366117280424966163e+00 1.297059003263711929e-03
1.430500404318638674e+00 1.220488105900585651e-03
1.497917811360400808e+00 1.150308293290436268e-03
1.568512502909397810e+00 1.085724448785185814e-03
1.642434219771200077e+00 1.026375568471848965e-03
1.719839759818128755e+00 9.714777697809040546e-04
1.800893310578565165e+00 9.126844233833253384e-04
1.885766797500710190e+00 8.509388426318764687e-04
1.974640248629512929e+00 7.952216546982526779e-04
2.067702176470289199e+00 7.449097465723752975e-04
2.165149977849019081e+00 6.992225535213947296e-04
2.267190352617480364e+00 6.581452907994389534e-04
2.374039742091349048e+00 6.162649951875209808e-04
2.485924788151246734e+00 5.740958149544894695e-04
2.603082813980555077e+00 5.360121722333133221e-04
2.725762327459708700e+00 4.987498978152871132e-04
2.854223548284725354e+00 4.651317431125789881e-04
2.988738959928070926e+00 4.344627086538821459e-04
3.129593887612636571e+00 4.021613858640193939e-04
3.277087103524790379e+00 3.737235674634575844e-04
3.431531460550241608e+00 3.486262576188892126e-04
3.593254555876957745e+00 3.244757535867393017e-04
3.762599425872718673e+00 3.024859761353582144e-04
3.939925273711248010e+00 2.811991143971681595e-04
4.125608231290302186e+00 2.605641493573784828e-04
4.320042157057854659e+00 2.411455643596127629e-04
4.523639471438666959e+00 2.235938445664942265e-04
4.736832031633308127e+00 2.080941922031342983e-04
4.960072047645175175e+00 1.939528883667662740e-04
5.193833041478544743e+00 1.802128390409052372e-04
5.438610851542216906e+00 1.683712762314826250e-04
5.694924684389268243e+00 1.568122534081339836e-04
5.963318216023761664e+00 1.446225360268726945e-04
6.244360745110442146e+00 1.343100302619859576e-04
6.538648400533531024e+00 1.248139451490715146e-04
6.846805405866013494e+00 1.162323533208109438e-04
7.169485403431528958e+00 1.083890747395344079e-04
7.507372840767374989e+00 1.017179092741571367e-04
7.861184422429498220e+00 9.519604645902290940e-05
8.231670630218948403e+00 8.838006033329293132e-05
8.619617315054401985e+00 8.175732364179566503e-05
9.025847363867310236e+00 7.555013871751725674e-05
9.451222445055416088e+00 7.005534280324354768e-05
9.896644836196950124e+00 6.550684338435530663e-05
1.036305933790234590e+01 6.079854574636556208e-05
1.085145527786299979e+01 5.638406946673057973e-05
1.136286860934795584e+01 5.281760240904986858e-05
1.189838410859966977e+01 4.851521589444018900e-05
1.245913767578986686e+01 4.457010072655975819e-05
1.304631874441610329e+01 4.200675903121009469e-05
1.366117280424967007e+01 3.918488073395565152e-05
1.430500404318639163e+01 3.576780000003054738e-05
1.497917811360400897e+01 3.341204865137115121e-05
1.568512502909397099e+01 3.090329482802189887e-05
1.642434219771199366e+01 2.875433892768342048e-05
1.719839759818128044e+01 2.727134778979234397e-05
1.800893310578564055e+01 2.578738349257037044e-05
1.885766797500709657e+01 2.414978371234610677e-05
1.974640248629512840e+01 2.208250043622683734e-05
2.067702176470289288e+01 2.024627974606119096e-05
2.165149977849018725e+01 1.854891888797283173e-05
2.267190352617480542e+01 1.676178544585127383e-05
2.374039742091349581e+01 1.551140303490683436e-05
2.485924788151246645e+01 1.358164081466384232e-05
2.603082813980554988e+01 1.221253478433936834e-05
2.725762327459708345e+01 1.101828911487245932e-05
2.854223548284724998e+01 1.049601996783167124e-05
2.988738959928070926e+01 9.017516276799142361e-06
3.129593887612636749e+01 8.393075404455885291e-06
3.277087103524790734e+01 6.785545338061638176e-06
3.431531460550241519e+01 5.993207651044940576e-06
3.593254555876957568e+01 5.031734417570987716e-06
3.762599425872718228e+01 4.628379883797606453e-06
3.939925273711248366e+01 4.154045655013760552e-06
4.125608231290302541e+01 4.195740984869189560e-06
4.320042157057854126e+01 3.431483037275029346e-06
4.523639471438667670e+01 3.052820147786405869e-06
4.736832031633310436e+01 2.915063532782369293e-06
4.960072047645179083e+01 2.747414555415161885e-06
5.193833041478545454e+01 1.999093456106493250e-06
5.438610851542216551e+01 3.103072003796114586e-06
5.694924684389268066e+01 2.456160700603504665e-06
5.963318216023762375e+01 1.036788034980418161e-06
6.244360745110442679e+01 6.925809543645300437e-07
6.538648400533530491e+01 8.924101280172180850e-07
6.846805405866012961e+01 4.546491538803820731e-07
7.169485403431528425e+01 6.399027938641665969e-07
7.507372840767374100e+01 7.727422257630678359e-07
7.861184422429498397e+01 1.455216647627821658e-06
8.231670630218950180e+01 1.397410613890315290e-07
8.619617315054402695e+01 -4.638111761323671089e-08
9.025847363867310946e+01 -4.409627933910087449e-07
9.451222445055417154e+01 4.444202517106532468e-08
9.896644836196954031e+01 2.444147071400948334e-07
1.036305933790234661e+02 -6.307022015761276634e-09
1.085145527786299908e+02 -1.085113865428866120e-07
1.136286860934795442e+02 1.536992044748330954e-07
1.189838410859966729e+02 7.447927146131405607e-07
1.245913767578986722e+02 1.819458077534363838e-07
1.304631874441610364e+02 2.047333680366136832e-07
1.366117280424967078e+02 3.069509091346844798e-07
1.430500404318639198e+02 6.238438459149620030e-07
1.497917811360401572e+02 -1.602661541255656630e-07
1.568512502909396744e+02 -8.487151603731035721e-08
1.642434219771199082e+02 -1.313735111807545763e-07
1.719839759818127902e+02 9.458982930254933308e-08
1.800893310578564126e+02 -2.253066497814870672e-07
1.885766797500709799e+02 -5.946261012468312401e-07
1.974640248629512769e+02 -4.721907487237331225e-07
2.067702176470289146e+02 3.366882026512030279e-07
2.165149977849018796e+02 1.731092538648226764e-06
2.267190352617481608e+02 1.001506916509242728e-06
