2.360412929539002988e-02 6.070361472666263580e-03
4.709642966074466253e-02 5.800514481961727142e-03
6.886332444834721012e-02 5.544329062104225159e-03
9.396973127166638462e-02 5.348906852304935455e-03
1.156080257851628129e-01 5.198057740926742554e-03
1.374003961552622832e-01 5.070085637271404266e-03
1.633006768812579612e-01 4.951928742229938507e-03
1.874942635541085867e-01 4.839183297008275986e-03
2.079639151403883390e-01 4.734701011329889297e-03
2.306683371570858732e-01 4.640514496713876724e-03
2.558515102530959928e-01 4.555926192551851273e-03
2.741498325103897682e-01 4.477437119930982590e-03
3.040800898289297560e-01 4.403254017233848572e-03
3.258276865900837094e-01 4.334616474807262421e-03
3.491306563621831560e-01 4.270249512046575546e-03
3.741002383423559507e-01 4.205165896564722061e-03
4.008556274778242168e-01 4.137868992984294891e-03
4.149425627530028415e-01 4.070018418133258820e-03
4.446189665546095293e-01 4.002945031970739365e-03
4.602438403860692473e-01 3.939261194318532944e-03
4.931601600903686711e-01 3.879240946844220161e-03
5.104908766358763339e-01 3.817457240074872971e-03
5.284306321108985793e-01 3.752063028514385223e-03
5.662236237857393162e-01 3.690603654831647873e-03
5.861219487505998638e-01 3.637949237599968910e-03
6.067195439680151958e-01 3.588859923183917999e-03
6.280409833097547745e-01 3.535586874932050705e-03
6.501117042266849610e-01 3.479805309325456619e-03
6.729580380968114284e-01 3.427574643865227699e-03
6.966072416398138012e-01 3.379508852958679199e-03
7.210875294355582055e-01 3.332901280373334885e-03
7.464281075853788083e-01 3.285237122327089310e-03
7.726592085562913326e-01 3.236167831346392632e-03
7.998121272497064060e-01 3.170395968481898308e-03
8.279192583376761005e-01 3.117630491033196449e-03
8.570141349112174733e-01 3.084496362134814262e-03
8.871314684868208955e-01 3.050225786864757538e-03
9.183071904188758738e-01 2.999692689627408981e-03
9.505784947674160712e-01 2.948939334601163864e-03
9.839838826723322773e-01 2.897806465625762939e-03
1.018563208286991317e+00 2.848818199709057808e-03
1.054357726326059952e+00 2.801568713039159775e-03
1.091410141284264501e+00 2.752854721620678902e-03
1.129764658384802001e+00 2.697033341974020004e-03
1.169467036318192710e+00 2.618268132209777832e-03
1.210564641834484867e+00 2.554152393713593483e-03
1.253106506253952368e+00 2.508874516934156418e-03
1.297143383963699215e+00 2.459109760820865631e-03
1.342727812969959578e+00 2.397424075752496719e-03
1.389914177578340571e+00 2.338764024898409843e-03
1.438758773276781477e+00 2.262077992781996727e-03
1.489319873898642399e+00 2.172938082367181778e-03
1.541657801146048001e+00 2.107271458953619003e-03
1.595834996556433127e+00 2.052986295893788338e-03
1.651916095998149370e+00 1.995067810639739037e-03
1.709968006784007288e+00 1.950430567376315594e-03
1.770059987494756015e+00 1.911238185130059719e-03
1.832263730607734065e+00 1.857528812251985073e-03
1.896653448029267608e+00 1.805269741453230381e-03
1.963305959632864139e+00 1.761516672559082508e-03
2.032300784908831481e+00 1.730691059492528439e-03
2.103720237834658668e+00 1.698333420790731907e-03
2.177649525079353054e+00 1.670888625085353851e-03
2.254176847658885485e+00 1.652481965720653534e-03
2.333393506164031184e+00 1.626282231882214546e-03
2.415394009686146148e+00 1.611510640941560268e-03
2.500276188570826452e+00 1.601506839506328106e-03
2.588141311133976163e+00 1.551856286823749542e-03
2.679094204479540942e+00 1.473494339734315872e-03
2.773243379563025801e+00 1.425475114956498146e-03
2.870701160650017680e+00 1.379611436277627945e-03
2.971583819324165709e+00 1.310700783506035805e-03
3.076011713204495734e+00 1.207917695865035057e-03
3.184109429537542724e+00 1.127229072153568268e-03
3.296005933835622681e+00 1.060135429725050926e-03
3.411834723738579545e+00 9.917457355186343193e-04
3.531733988282573122e+00 9.315209463238716125e-04
3.655846772765904085e+00 8.802528027445077896e-04
3.784321149408583551e+00 8.078205282799899578e-04
3.917310394009265284e+00 7.545743137598037720e-04
4.054973168810266593e+00 6.914700497873127460e-04
4.197473711788864748e+00 5.650660023093223572e-04
4.344982032600711364e+00 5.216118879616260529e-04
4.497674115409119544e+00 4.524594696704298258e-04
4.655732128842197781e+00 3.894474648404866457e-04
4.819344643328345335e+00 3.411195357330143452e-04
4.988706856069391904e+00 2.967798500321805477e-04
5.164020823919769576e+00 1.731787633616477251e-04
5.345495704449561458e+00 8.861495007295161486e-05
5.533348005479043152e+00 8.044527930906042457e-06
5.727801843382400726e+00 -6.676857447018846869e-05
5.929089210468799997e+00 -1.203435385832563043e-04
6.137450251759792863e+00 -1.265124301426112652e-04
6.353133551493313824e+00 -1.363346964353695512e-04
6.576396429696025336e+00 -1.490925496909767389e-04
6.807505249177847162e+00 -1.935292384587228298e-04
7.046735733314960726e+00 -1.657632528804242611e-04
7.294373295000402102e+00 -1.324356562690809369e-04
7.550713377154662176e+00 -1.227055327035486698e-04
7.816061805202581425e+00 -1.307236816501244903e-04
8.090735151937062497e+00 -1.085748081095516682e-04
8.375061115204861295e+00 -8.329458796652033925e-05
8.669378908865084554e+00 -1.141425600508227944e-04
8.974039667486806593e+00 -1.603887212695553899e-04
9.289406865268668767e+00 -1.989749434869736433e-04
9.615856749680185445e+00 -1.538914075354114175e-04
9.953778790342136418e+00 -1.501156802987679839e-04
1.030357614368165642e+01 -9.312413021689280868e-05
1.066566613391623086e+01 3.926701083400985226e-06
1.104048075094054937e+01 1.199344042106531560e-04
1.142846716571018639e+01 2.491327468305826187e-04
1.183008826373698064e+01 2.496458182577043772e-04
1.224582319733257840e+01 2.324054221389815211e-04
1.267616795725901646e+01 2.443818084429949522e-04
1.312163596446836777e+01 2.920801343861967325e-04
1.358275868263738495e+01 2.927106106653809547e-04
1.406008625222793462e+01 2.635991550050675869e-04
1.455418814682967721e+01 3.388403856661170721e-04
1.506565385256809364e+01 2.961709978990256786e-04
1.559509357138834318e+01 3.178420593030750751e-04
1.614313894905404112e+01 2.617824648041278124e-04
1.671044382872949896e+01 2.373584866290912032e-04
1.729768503104452293e+01 2.691255358513444662e-04
1.790556316157228522e+01 2.962602593470364809e-04
1.853480344668377100e+01 3.476885904092341661e-04
1.918615659877600166e+01 4.017514875158667564e-04
1.986039971190619013e+01 5.186802591197192669e-04
2.055833718890039208e+01 6.487017963081598282e-04
2.128080170104287916e+01 6.994080613367259502e-04
2.202865518149098634e+01 6.823863368481397629e-04
2.280278985360074273e+01 3.964383795391768217e-04
