2.360412929539002988e-02 6.043907254934310913e-03
4.709642966074466253e-02 5.782251246273517609e-03
6.886332444834721012e-02 5.540003068745136261e-03
9.396973127166638462e-02 5.363260395824909210e-03
1.156080257851628129e-01 5.230859853327274323e-03
1.374003961552622832e-01 5.114297382533550262e-03
1.633006768812579612e-01 5.003366619348526001e-03
1.874942635541085867e-01 4.899898078292608261e-03
2.079639151403883390e-01 4.805593751370906830e-03
2.306683371570858732e-01 4.720060620456933975e-03
2.558515102530959928e-01 4.642193205654621124e-03
2.741498325103897682e-01 4.570351447910070419e-03
3.040800898289297560e-01 4.504522308707237244e-03
3.258276865900837094e-01 4.445150960236787796e-03
3.491306563621831560e-01 4.393040202558040619e-03
3.741002383423559507e-01 4.346896428614854813e-03
4.008556274778242168e-01 4.301314242184162140e-03
4.149425627530028415e-01 4.252303857356309891e-03
4.446189665546095293e-01 4.200159572064876556e-03
4.602438403860692473e-01 4.148398060351610184e-03
4.931601600903686711e-01 4.099545534700155258e-03
5.104908766358763339e-01 4.053529351949691772e-03
5.284306321108985793e-01 4.010304342955350876e-03
5.662236237857393162e-01 3.968486562371253967e-03
5.861219487505998638e-01 3.925466910004615784e-03
6.067195439680151958e-01 3.881055628880858421e-03
6.280409833097547745e-01 3.834543749690055847e-03
6.501117042266849610e-01 3.782789222896099091e-03
6.729580380968114284e-01 3.725052345544099808e-03
6.966072416398138012e-01 3.663507988676428795e-03
7.210875294355582055e-01 3.603463061153888702e-03
7.464281075853788083e-01 3.551415633410215378e-03
7.726592085562913326e-01 3.508619498461484909e-03
7.998121272497064060e-01 3.450891003012657166e-03
8.279192583376761005e-01 3.390018828213214874e-03
8.570141349112174733e-01 3.347533056512475014e-03
8.871314684868208955e-01 3.306487808004021645e-03
9.183071904188758738e-01 3.251697868108749390e-03
9.505784947674160712e-01 3.204981097951531410e-03
9.839838826723322773e-01 3.157495986670255661e-03
1.018563208286991317e+00 3.106913994997739792e-03
1.054357726326059952e+00 3.049893770366907120e-03
1.091410141284264501e+00 2.984345657750964165e-03
1.129764658384802001e+00 2.927638823166489601e-03
1.169467036318192710e+00 2.873637247830629349e-03
1.210564641834484867e+00 2.808935940265655518e-03
1.253106506253952368e+00 2.756200265139341354e-03
1.297143383963699215e+00 2.699981909245252609e-03
1.342727812969959578e+00 2.626191591843962669e-03
1.389914177578340571e+00 2.568466123193502426e-03
1.438758773276781477e+00 2.494469517841935158e-03
1.489319873898642399e+00 2.413307782262563705e-03
1.541657801146048001e+00 2.356394659727811813e-03
1.595834996556433127e+00 2.295172074809670448e-03
1.651916095998149370e+00 2.203687094151973724e-03
1.709968006784007288e+00 2.111475449055433273e-03
1.770059987494756015e+00 2.025477588176727295e-03
1.832263730607734065e+00 1.951354439370334148e-03
1.896653448029267608e+00 1.895519788376986980e-03
1.963305959632864139e+00 1.812126836739480495e-03
2.032300784908831481e+00 1.722178887575864792e-03
2.103720237834658668e+00 1.619013608433306217e-03
2.177649525079353054e+00 1.526160514913499355e-03
2.254176847658885485e+00 1.435712329111993313e-03
2.333393506164031184e+00 1.343534793704748154e-03
2.415394009686146148e+00 1.261537428945302963e-03
2.500276188570826452e+00 1.201173290610313416e-03
2.588141311133976163e+00 1.144892070442438126e-03
2.679094204479540942e+00 1.076048705726861954e-03
2.773243379563025801e+00 1.001885742880403996e-03
2.870701160650017680e+00 9.655361063778400421e-04
2.971583819324165709e+00 9.007601183839142323e-04
3.076011713204495734e+00 8.341537322849035263e-04
3.184109429537542724e+00 7.775577250868082047e-04
3.296005933835622681e+00 7.014937000349164009e-04
3.411834723738579545e+00 6.195078603923320770e-04
3.531733988282573122e+00 5.504237487912178040e-04
3.655846772765904085e+00 5.053806235082447529e-04
3.784321149408583551e+00 4.692561924457550049e-04
3.917310394009265284e+00 4.224595613777637482e-04
4.054973168810266593e+00 3.670410078484565020e-04
4.197473711788864748e+00 3.355513908900320530e-04
4.344982032600711364e+00 3.094792773481458426e-04
4.497674115409119544e+00 2.998093550559133291e-04
4.655732128842197781e+00 3.058767761103808880e-04
4.819344643328345335e+00 3.418086562305688858e-04
4.988706856069391904e+00 3.298615629319101572e-04
5.164020823919769576e+00 3.345730074215680361e-04
5.345495704449561458e+00 3.568414831534028053e-04
5.533348005479043152e+00 3.654368920251727104e-04
5.727801843382400726e+00 4.272782825864851475e-04
5.929089210468799997e+00 4.819846362806856632e-04
6.137450251759792863e+00 4.933676682412624359e-04
6.353133551493313824e+00 5.230489186942577362e-04
6.576396429696025336e+00 5.328328115865588188e-04
6.807505249177847162e+00 5.157257546670734882e-04
7.046735733314960726e+00 5.008346051909029484e-04
7.294373295000402102e+00 4.307731869630515575e-04
7.550713377154662176e+00 3.546681255102157593e-04
7.816061805202581425e+00 3.228080167900770903e-04
8.090735151937062497e+00 2.735467569436877966e-04
8.375061115204861295e+00 2.135166287189349532e-04
8.669378908865084554e+00 1.396891602780669928e-04
8.974039667486806593e+00 8.391913434024900198e-05
9.289406865268668767e+00 -1.851019192145031411e-06
9.615856749680185445e+00 -5.317174145602621138e-05
9.953778790342136418e+00 -1.207260429509915411e-04
1.030357614368165642e+01 -2.377624332439154387e-04
1.066566613391623086e+01 -3.024716279469430447e-04
1.104048075094054937e+01 -3.360526752658188343e-04
1.142846716571018639e+01 -2.939050318673253059e-04
1.183008826373698064e+01 -2.288795658387243748e-04
1.224582319733257840e+01 -1.956164633156731725e-04
1.267616795725901646e+01 -1.674754603300243616e-04
1.312163596446836777e+01 -1.102949972846545279e-04
1.358275868263738495e+01 -6.157729512779042125e-05
1.406008625222793462e+01 -1.125994240283034742e-04
1.455418814682967721e+01 -1.083870956790633500e-04
1.506565385256809364e+01 -3.924472548533231020e-05
1.559509357138834318e+01 -3.216897675883956254e-05
1.614313894905404112e+01 3.319784082123078406e-05
1.671044382872949896e+01 1.043908923747949302e-04
1.729768503104452293e+01 1.948044518940150738e-04
1.790556316157228522e+01 3.888453065883368254e-04
1.853480344668377100e+01 2.076180389849469066e-04
1.918615659877600166e+01 8.421685924986377358e-05
1.986039971190619013e+01 5.081087510916404426e-05
2.055833718890039208e+01 -1.712967605271842331e-05
2.128080170104287916e+01 -1.080235597328282893e-04
2.202865518149098634e+01 -8.113871444948017597e-06
2.280278985360074273e+01 -2.677279117051512003e-04
