4.373462052840339311e+04 5.257478074891031201e-03
8.663872712536182371e+04 2.615863954277849839e-03
1.297612777633432561e+05 1.632583534365463288e-03
1.716321977237225219e+05 1.152853901748020129e-03
2.133352955044680566e+05 7.836552971327631276e-04
2.570584081843183085e+05 6.837030057513131861e-04
3.002659346223525354e+05 5.644643803564201694e-04
3.400051255699007888e+05 5.067849076275234097e-04
3.850036653648362262e+05 4.067139263360081787e-04
4.359576112151437555e+05 3.571826574672913807e-04
4.785516459628613084e+05 3.274469470761625658e-04
5.092353154750026879e+05 3.091132384300436867e-04
5.589887460015383549e+05 2.900104753761940262e-04
5.948298638579142280e+05 2.678383318484030924e-04
6.529460734121515416e+05 2.489498491201306445e-04
6.948115265870502917e+05 2.337509275600887040e-04
7.393612997095065657e+05 1.933437032383131314e-04
7.867675054173744284e+05 1.984033719455378095e-04
8.115985541599235730e+05 1.839269925392527727e-04
8.636364523104346590e+05 1.709615490040198357e-04
8.908935501131545752e+05 1.797869375613992879e-04
9.480156674285588088e+05 1.780253751559821571e-04
9.779358447166774422e+05 1.679963124228373386e-04
1.040638920793219935e+06 1.694398939459185259e-04
1.073482366395237856e+06 1.551121119725782922e-04
1.107362378953822656e+06 1.539399105478234922e-04
1.178363997175473720e+06 1.449193141944095028e-04
1.215554162820161553e+06 1.449902465688911245e-04
1.253918081586970249e+06 1.475319894922274199e-04
1.293492798118421575e+06 1.364063168320449424e-04
1.334316526217329316e+06 1.350987347836228353e-04
1.376428685746484902e+06 1.346072437061121151e-04
1.419869940692930249e+06 1.310617579268564463e-04
1.464682238433575025e+06 1.218250542683901899e-04
1.510908850240065483e+06 1.297595575531188699e-04
1.558594413062029285e+06 1.176821094505388989e-04
1.607784972629023949e+06 1.114573526659576352e-04
1.658528027912823018e+06 1.086469363823462577e-04
1.710872576992975082e+06 1.043372415772557318e-04
1.764869164369910955e+06 1.086098138933903223e-04
1.820569929771302268e+06 1.053584234721968602e-04
1.878028658498780802e+06 1.046602450193117966e-04
1.937300833363641519e+06 1.065783841874298434e-04
1.998443688261691248e+06 1.082717203333658933e-04
2.061516263438955182e+06 1.051348447657197922e-04
2.126579462501626462e+06 1.003157351284698749e-04
2.193696111225280445e+06 9.643205318352630949e-05
2.262931018220172729e+06 9.815838972319389298e-05
2.334351037511188537e+06 1.015293696256284138e-04
2.408025133092843927e+06 1.002445154181791088e-04
2.484024445521734189e+06 9.772873266331392605e-05
2.562422360610658303e+06 9.607658416305554035e-05
2.643294580290812068e+06 9.663220557785913087e-05
2.726719195710458793e+06 9.578906059398348532e-05
2.812776762640621979e+06 9.513153400906252256e-05
2.901550379260679241e+06 9.177679783122604906e-05
2.993125766398919281e+06 9.102423124003248102e-05
3.087591350305570289e+06 8.879709210849976591e-05
3.185038348038198892e+06 8.905116785995477555e-05
3.285560855541952420e+06 8.707621377421686593e-05
3.389255938509691972e+06 8.596647759214619299e-05
3.496223726109744050e+06 8.585497453895316554e-05
3.606567507671786007e+06 8.551252101620254330e-05
3.720393832424212713e+06 8.647767954404453523e-05
3.837812612379289698e+06 8.431045070176328854e-05
3.958937228465472348e+06 8.392912735220720553e-05
4.083884640009329189e+06 8.264863870124775948e-05
4.212775497672830708e+06 8.190430003163932449e-05
4.345734259955013171e+06 8.096677317174430369e-05
4.482889313370523974e+06 8.073428998591921887e-05
4.624373096421157010e+06 8.085960847366109789e-05
4.770322227479962632e+06 8.112816751787198320e-05
4.920877636711540632e+06 8.038737037355951404e-05
5.076184702155845240e+06 8.101350532024145280e-05
5.236393390106864274e+06 8.100022772638859917e-05
5.401658399921843782e+06 8.082666830912611301e-05
5.572139313400736079e+06 8.037391988764942222e-05
5.748000748880239204e+06 8.037862083839872492e-05
5.929412520191183314e+06 7.955048952122064667e-05
6.116549800632687286e+06 7.957023292760507269e-05
6.309593292121538892e+06 7.971755619225282669e-05
6.508729399680043571e+06 7.934337746459392635e-05
6.714150411430878565e+06 7.952531642187113533e-05
6.926054684272711165e+06 7.945245111453168665e-05
7.144646835415896028e+06 7.948558751633298994e-05
7.370137939963234589e+06 7.973006575781364737e-05
7.602745734726508148e+06 7.946755508802102943e-05
7.842694828475685790e+06 7.915793791277037235e-05
8.090216918823729269e+06 7.900756668837860682e-05
8.345551015956458636e+06 7.887321830191879361e-05
8.608943673423567787e+06 7.871714306830756582e-05
8.880649226213570684e+06 7.870759107759492694e-05
9.160930036342617124e+06 7.856311021561406026e-05
9.450056746194263920e+06 7.857220218453710354e-05
9.748308539854869246e+06 7.855017709799663923e-05
1.005597341269699484e+07 7.856162222011708689e-05
1.037334844947103225e+07 7.865025367315718792e-05
1.070074011117370427e+07 7.865848798189152623e-05
1.103846453097032011e+07 7.857305725998383131e-05
1.138684781945657544e+07 7.844344973415667518e-05
1.174622637955474481e+07 7.828310182248099803e-05
1.211694723134819791e+07 7.812983912679528106e-05
1.249936834716804884e+07 7.802467286703847833e-05
1.289385899725528806e+07 7.788495151401281962e-05
1.330080010633242689e+07 7.775423816032728968e-05
1.372058462142884918e+07 7.762689428704154667e-05
1.415361789131489024e+07 7.750952246923818116e-05
1.460031805791140534e+07 7.736412794748711848e-05
1.506111646005233191e+07 7.721107149799753496e-05
1.553645804999048449e+07 7.707354044812739810e-05
1.602680182304862514e+07 7.689316219650049039e-05
1.653262126083053835e+07 7.671299930565308534e-05
1.705440478842045739e+07 7.653955252035149958e-05
1.759265624601184949e+07 7.635018712437624175e-05
1.814789537542135641e+07 7.615190877861213335e-05
1.872065832195754722e+07 7.594704038419645802e-05
1.931149815212889016e+07 7.575418629529134763e-05
1.992098538769130781e+07 7.553879727101835010e-05
2.054970855655041710e+07 7.532247957542320498e-05
2.119827476105092838e+07 7.509596598969484906e-05
