4.373462052840339311e+04 7.305387382799684304e-03
8.663872712536182371e+04 6.453198681657299450e-03
1.297612777633432561e+05 5.917775653733338415e-03
1.716321977237225219e+05 5.318514007755610271e-03
2.133352955044680566e+05 4.469286794954211231e-03
2.570584081843183085e+05 4.231783477988820645e-03
3.002659346223525354e+05 4.491617367140861815e-03
3.400051255699007888e+05 4.287816615997397038e-03
3.850036653648362262e+05 3.783795018716682237e-03
4.359576112151437555e+05 3.738388719182871283e-03
4.785516459628613084e+05 3.633643173970803244e-03
5.092353154750026879e+05 3.525163751345114158e-03
5.589887460015383549e+05 3.698489069460090574e-03
5.948298638579142280e+05 3.571472080722572304e-03
6.529460734121515416e+05 3.581276801141221062e-03
6.948115265870502917e+05 3.481319361220417373e-03
7.393612997095065657e+05 3.511709373593966538e-03
7.867675054173744284e+05 3.492156915956183463e-03
8.115985541599235730e+05 3.450039105091098381e-03
8.636364523104346590e+05 3.431802940311024647e-03
8.908935501131545752e+05 3.505985272928274256e-03
9.480156674285588088e+05 3.514744580755295184e-03
9.779358447166774422e+05 3.444882897506577977e-03
1.040638920793219935e+06 3.413819380302645073e-03
1.073482366395237856e+06 3.485467769945287987e-03
1.107362378953822656e+06 3.424838102692056609e-03
1.178363997175473720e+06 3.439766128401456485e-03
1.215554162820161553e+06 3.465915491538558522e-03
1.253918081586970249e+06 3.457286655411931711e-03
1.293492798118421575e+06 3.474152429988493912e-03
1.334316526217329316e+06 3.452221163587534253e-03
1.376428685746484902e+06 3.432453953541609627e-03
1.419869940692930249e+06 3.434067847059526536e-03
1.464682238433575025e+06 3.448694691977223763e-03
1.510908850240065483e+06 3.442005559873899129e-03
1.558594413062029285e+06 3.425885558856181859e-03
1.607784972629023949e+06 3.424504252930823077e-03
1.658528027912823018e+06 3.411502374061176415e-03
1.710872576992975082e+06 3.412479164213917584e-03
1.764869164369910955e+06 3.405142984687289064e-03
1.820569929771302268e+06 3.429668804000053899e-03
1.878028658498780802e+06 3.413827757036233534e-03
1.937300833363641519e+06 3.400040389349180941e-03
1.998443688261691248e+06 3.402266295265030452e-03
2.061516263438955182e+06 3.401349521405188682e-03
2.126579462501626462e+06 3.399076186084988571e-03
2.193696111225280445e+06 3.396853500315145241e-03
2.262931018220172729e+06 3.414157620951306128e-03
2.334351037511188537e+06 3.404087570665609904e-03
2.408025133092843927e+06 3.385248033530848227e-03
2.484024445521734189e+06 3.398362489398753551e-03
2.562422360610658303e+06 3.395209450193266074e-03
2.643294580290812068e+06 3.392628631941375927e-03
2.726719195710458793e+06 3.394059586778506478e-03
2.812776762640621979e+06 3.393099090711153114e-03
2.901550379260679241e+06 3.390354189077104605e-03
2.993125766398919281e+06 3.388083831949626878e-03
3.087591350305570289e+06 3.392577777420118651e-03
3.185038348038198892e+06 3.393254781429949022e-03
3.285560855541952420e+06 3.388392374097345602e-03
3.389255938509691972e+06 3.387294131191409628e-03
3.496223726109744050e+06 3.390381337575838847e-03
3.606567507671786007e+06 3.389093189807665385e-03
3.720393832424212713e+06 3.392394102346768178e-03
3.837812612379289698e+06 3.387153472443113229e-03
3.958937228465472348e+06 3.386695284146365188e-03
4.083884640009329189e+06 3.391591684496226417e-03
4.212775497672830708e+06 3.388987887807947807e-03
4.345734259955013171e+06 3.387391578638482195e-03
4.482889313370523974e+06 3.385042825725887838e-03
4.624373096421157010e+06 3.387667271767293587e-03
4.770322227479962632e+06 3.391334400092942038e-03
4.920877636711540632e+06 3.387355714178571630e-03
5.076184702155845240e+06 3.389101305450997661e-03
5.236393390106864274e+06 3.386332749011781128e-03
5.401658399921843782e+06 3.388460841233642464e-03
5.572139313400736079e+06 3.387066315243427057e-03
5.748000748880239204e+06 3.385615178020941109e-03
5.929412520191183314e+06 3.384317239791045494e-03
6.116549800632687286e+06 3.384585658169055131e-03
6.309593292121538892e+06 3.383353130369510728e-03
6.508729399680043571e+06 3.383202541095766368e-03
6.714150411430878565e+06 3.384000445924269154e-03
6.926054684272711165e+06 3.382174010858595651e-03
7.144646835415896028e+06 3.382452123534296275e-03
7.370137939963234589e+06 3.383302823803960302e-03
7.602745734726508148e+06 3.382351208615968271e-03
7.842694828475685790e+06 3.382917937423181223e-03
8.090216918823729269e+06 3.381978141496197465e-03
8.345551015956458636e+06 3.382062087306455817e-03
8.608943673423567787e+06 3.381156997026688819e-03
8.880649226213570684e+06 3.381693416709401212e-03
9.160930036342617124e+06 3.381331041543029440e-03
9.450056746194263920e+06 3.381140900863176951e-03
9.748308539854869246e+06 3.381665458556645625e-03
1.005597341269699484e+07 3.381354994335312482e-03
1.037334844947103225e+07 3.381148988270756515e-03
1.070074011117370427e+07 3.381327020746264025e-03
1.103846453097032011e+07 3.381398706480766118e-03
1.138684781945657544e+07 3.381108338957546783e-03
1.174622637955474481e+07 3.381265643504897424e-03
1.211694723134819791e+07 3.381543927055436632e-03
1.249936834716804884e+07 3.381433328009236187e-03
1.289385899725528806e+07 3.381484081582974890e-03
1.330080010633242689e+07 3.381654961278252308e-03
1.372058462142884918e+07 3.381701160102700172e-03
1.415361789131489024e+07 3.381626330391780764e-03
1.460031805791140534e+07 3.381842004536410665e-03
1.506111646005233191e+07 3.382041916363472209e-03
1.553645804999048449e+07 3.382179500950062596e-03
1.602680182304862514e+07 3.382277061715550145e-03
1.653262126083053835e+07 3.382397986189380687e-03
1.705440478842045739e+07 3.382547454324713772e-03
1.759265624601184949e+07 3.382664414599636377e-03
1.814789537542135641e+07 3.382840917946524587e-03
1.872065832195754722e+07 3.382980500077345694e-03
1.931149815212889016e+07 3.383205291401483912e-03
1.992098538769130781e+07 3.383386594286133704e-03
2.054970855655041710e+07 3.383579573556604395e-03
2.119827476105092838e+07 3.383773877773223974e-03
