4.373462052840339311e+04 3.501185476927301445e-03
8.663872712536182371e+04 3.169644840638450884e-03
1.297612777633432561e+05 2.914593265152150715e-03
1.716321977237225219e+05 2.693516732609585809e-03
2.133352955044680566e+05 2.519557785175288028e-03
2.570584081843180466e+05 2.389710051052622818e-03
3.002659346223522443e+05 2.261060290276116144e-03
3.400051255699007888e+05 2.140978607666541630e-03
3.850036653648362262e+05 2.059982247110091636e-03
4.359576112151433481e+05 1.974149011120166549e-03
4.785516459628607845e+05 1.913701545681161138e-03
5.092353154750021058e+05 1.860270952477837293e-03
5.589887460015378892e+05 1.809837140593808201e-03
5.948298638579135295e+05 1.763430645281568706e-03
6.529460734121510759e+05 1.722383716689934903e-03
6.948115265870495932e+05 1.689000331523209022e-03
7.393612997095065657e+05 1.656642991055799980e-03
7.867675054173729150e+05 1.631972763920859493e-03
8.115985541599227581e+05 1.608279693445030783e-03
8.636364523104346590e+05 1.583694765553193828e-03
8.908935501131536439e+05 1.563859260421999629e-03
9.480156674285578774e+05 1.542774288830601158e-03
9.779358447166775586e+05 1.529616544199093910e-03
1.040638920793218771e+06 1.513280235099569463e-03
1.073482366395235760e+06 1.500610888876511987e-03
1.107362378953821491e+06 1.488132864110262377e-03
1.178363997175473720e+06 1.476129396661448115e-03
1.215554162820160389e+06 1.463699571672650570e-03
1.253918081586967921e+06 1.456039504393435557e-03
1.293492798118420411e+06 1.448048046593119944e-03
1.334316526217329316e+06 1.439989057013294068e-03
1.376428685746485135e+06 1.433927044112011774e-03
1.419869940692928853e+06 1.425788264278601922e-03
1.464682238433571998e+06 1.419302361699957202e-03
1.510908850240064086e+06 1.414335592882886954e-03
1.558594413062029285e+06 1.408072341930365111e-03
1.607784972629023949e+06 1.403400870715038658e-03
1.658528027912821388e+06 1.396620865233552233e-03
1.710872576992971590e+06 1.390517862567266930e-03
1.764869164369909326e+06 1.387621132081616167e-03
1.820569929771302501e+06 1.382816166088535973e-03
1.878028658498780802e+06 1.377725805486612089e-03
1.937300833363639424e+06 1.373022003176959131e-03
1.998443688261687290e+06 1.368435438705158450e-03
2.061516263438953087e+06 1.364322330421083133e-03
2.126579462501624133e+06 1.360563142086797586e-03
2.193696111225278117e+06 1.357390914903769700e-03
2.262931018220170401e+06 1.353427318234871977e-03
2.334351037511183880e+06 1.349537955038525739e-03
2.408025133092841599e+06 1.347182701163342385e-03
2.484024445521731861e+06 1.344644616131649480e-03
2.562422360610655509e+06 1.341474895160085432e-03
2.643294580290809739e+06 1.338545662659664133e-03
2.726719195710453670e+06 1.335667985347865818e-03
2.812776762640615925e+06 1.333657021553691369e-03
2.901550379260673188e+06 1.331380646139390753e-03
2.993125766398916487e+06 1.328987825721346340e-03
3.087591350305567030e+06 1.326914333336016560e-03
3.185038348038192838e+06 1.324182423783157357e-03
3.285560855541945901e+06 1.322229304850559579e-03
3.389255938509685453e+06 1.320670535774307432e-03
3.496223726109740324e+06 1.319489458039007192e-03
3.606567507671781816e+06 1.317608240021770315e-03
3.720393832424205262e+06 1.316345493776218713e-03
3.837812612379281782e+06 1.314873595865564612e-03
3.958937228465463966e+06 1.313364801266183853e-03
4.083884640009324998e+06 1.311851681987247437e-03
4.212775497672826983e+06 1.310475363264823785e-03
4.345734259955008514e+06 1.309491067709758457e-03
4.482889313370523974e+06 1.308257442660889017e-03
4.624373096421152353e+06 1.307129421969443301e-03
4.770322227479958907e+06 1.306162957174409863e-03
4.920877636711535975e+06 1.305153637288717326e-03
5.076184702155839652e+06 1.304426165276537488e-03
5.236393390106864274e+06 1.303510891283287104e-03
5.401658399921838194e+06 1.302458148273990353e-03
5.572139313400730491e+06 1.301487728647181263e-03
5.748000748880233616e+06 1.300791530675352763e-03
5.929412520191177726e+06 1.300004603749922889e-03
6.116549800632681698e+06 1.299066740803133226e-03
6.309593292121526785e+06 1.298430326813887307e-03
6.508729399680037051e+06 1.297813910972103616e-03
6.714150411430871114e+06 1.297131452912540133e-03
6.926054684272703715e+06 1.296522649049969625e-03
7.144646835415889509e+06 1.295987665664548620e-03
7.370137939963219687e+06 1.295525479854107249e-03
7.602745734726500697e+06 1.294918583520241395e-03
7.842694828475678340e+06 1.294426854289392696e-03
8.090216918823721819e+06 1.294019893683295321e-03
8.345551015956449322e+06 1.293614048427035824e-03
8.608943673423551023e+06 1.293146420982648924e-03
8.880649226213565096e+06 1.292684253412761585e-03
9.160930036342609674e+06 1.292285191180141818e-03
9.450056746194254607e+06 1.291921575246811034e-03
9.748308539854859933e+06 1.291597323239752687e-03
1.005597341269697435e+07 1.291259451173979150e-03
1.037334844947102293e+07 1.290941541913224241e-03
1.070074011117369495e+07 1.290617997160858855e-03
1.103846453097030893e+07 1.290286807871085430e-03
1.138684781945656426e+07 1.289993249887773363e-03
1.174622637955472060e+07 1.289751697332657552e-03
1.211694723134818673e+07 1.289527264070631195e-03
1.249936834716802277e+07 1.289344405078675457e-03
1.289385899725526199e+07 1.289145266915558670e-03
1.330080010633241385e+07 1.288937156444480182e-03
1.372058462142882124e+07 1.288782681406235291e-03
1.415361789131487533e+07 1.288630902209279318e-03
1.460031805791137554e+07 1.288497677680991611e-03
1.506111646005230211e+07 1.288375608256013072e-03
1.553645804999046959e+07 1.288263309689346428e-03
1.602680182304859161e+07 1.288164328330595630e-03
1.653262126083051972e+07 1.288079939057562746e-03
1.705440478842042387e+07 1.288016093211959969e-03
1.759265624601181597e+07 1.287943987427566305e-03
1.814789537542133778e+07 1.287884613774108135e-03
1.872065832195750624e+07 1.287835599972907055e-03
1.931149815212887153e+07 1.287794937937601376e-03
1.992098538769127056e+07 1.287763182936385586e-03
2.054970855655037612e+07 1.287736222701309913e-03
2.119827476105090603e+07 1.287716472240796328e-03
