4.402668768255080977e+03 3.353731331621896596e-03
8.702291228692711229e+03 3.246977976868079766e-03
1.276695311178296106e+04 3.156641541975507836e-03
1.720090168377494410e+04 3.050563573346161839e-03
2.128263827136110558e+04 2.970554746957631848e-03
2.633296208052036673e+04 2.893709074773997275e-03
2.992156217165216367e+04 2.818218048795821055e-03
3.399920905420426425e+04 2.767144514320345888e-03
3.863254898524766031e+04 2.714968666617181923e-03
4.389731063208368141e+04 2.656371722002032632e-03
4.779996890100366727e+04 2.605871862441263859e-03
5.204959014657664375e+04 2.548209789456622968e-03
5.667702085826511029e+04 2.504921848634814995e-03
5.914279763961255958e+04 2.461088743765110429e-03
6.440084477124233672e+04 2.415180533645458830e-03
7.012635473421998904e+04 2.361336638718319458e-03
7.317725498701544711e+04 2.322984075092815372e-03
7.636088696938366047e+04 2.289809233138206512e-03
8.314969572923782107e+04 2.253783290471846751e-03
8.676718631008510420e+04 2.217414650744587139e-03
9.054205856247972406e+04 2.183664147465217645e-03
9.448115949541462760e+04 2.145899188137974974e-03
9.859163400220239419e+04 2.118665307949953776e-03
1.028809378201585205e+05 2.075613214063479206e-03
1.073568510541054857e+05 2.034855657561251453e-03
1.120274922882271785e+05 2.002953878450728850e-03
1.169013333118703304e+05 1.975516611646623184e-03
1.219872144860027474e+05 1.941748872320061539e-03
1.272943607782017789e+05 1.893153158643275449e-03
1.328323984952562314e+05 1.839398556818892328e-03
1.386113727437329653e+05 1.810918697365206933e-03
1.446417656501793244e+05 1.776374557250600967e-03
1.509345153740085370e+05 1.739018889409849966e-03
1.575010359475556761e+05 1.698022283017492891e-03
1.643532379792899883e+05 1.663725609863298980e-03
1.715035502577361767e+05 1.629350877483638164e-03
1.789649422952906461e+05 1.584636531528258417e-03
1.867509478528242907e+05 1.538886910434527841e-03
1.948756894877398154e+05 1.498213261459216666e-03
2.033539041700111702e+05 1.455217055140648960e-03
2.122009700126690441e+05 1.413960892843766498e-03
2.214329341652157309e+05 1.374459659162654765e-03
2.310665419205641083e+05 1.340849315727159121e-03
2.411192670882964449e+05 1.298118308770974949e-03
2.516093436893345497e+05 1.253469535257102424e-03
2.625557990295107011e+05 1.214968628591942467e-03
2.739784882120293914e+05 1.174737515251613861e-03
2.858981301514200168e+05 1.143164743056907136e-03
2.983363451543037081e+05 1.102169998506743066e-03
3.113156941351395799e+05 1.066490661814852720e-03
3.248597195380828343e+05 1.023373235926974953e-03
3.389929880391783081e+05 9.822071392754092630e-04
3.537411351063454640e+05 9.449011992088569281e-04
3.691309114979797741e+05 9.096685831380661334e-04
3.851902317845114740e+05 8.735478458716674317e-04
4.019482249809301575e+05 8.352068611463524814e-04
4.194352873821160174e+05 8.017093669225745225e-04
4.376831376968135592e+05 7.687974417463264674e-04
4.567248745802495396e+05 7.366217810453031065e-04
4.765950366697513382e+05 7.050833369852083045e-04
4.973296652322599548e+05 6.756803444916212190e-04
5.189663695373723749e+05 6.459388675135422113e-04
5.415443950744859176e+05 6.133780899864573399e-04
5.651046947377803735e+05 5.904985364837526691e-04
5.896900031081594061e+05 5.648608725800881910e-04
6.153449139668828575e+05 5.403611188173209441e-04
6.421159611814880045e+05 5.149156662191270786e-04
6.700517031107150251e+05 4.910209809038825314e-04
6.992028106815317878e+05 4.687549197290769064e-04
7.296221592980173882e+05 4.466292039473980144e-04
7.613649247488108231e+05 4.256647185524002749e-04
7.944886832870859653e+05 4.051839957538899196e-04
8.290535160645822762e+05 3.865479043301468971e-04
8.651221181091159815e+05 3.678183233775795505e-04
9.027599120432425989e+05 3.510589561689319129e-04
9.420351667503338540e+05 3.350955240962910403e-04
9.830191212033140473e+05 3.203313523669379078e-04
1.025786113680658164e+06 3.061666160162628166e-04
1.070413716604031390e+06 2.924808714784120226e-04
1.116982877242140938e+06 2.793005816194021212e-04
1.165578064536016202e+06 2.670906751115973148e-04
1.216287422312036389e+06 2.552778431335025653e-04
1.269202929160604253e+06 2.452879855543030558e-04
1.324420565270459978e+06 2.353389841665582826e-04
1.382040486521255691e+06 2.258722732477665715e-04
1.442167206150155980e+06 2.162537564841981368e-04
1.504909784321977990e+06 2.075812731282742870e-04
1.570382025946733309e+06 1.993815436419340626e-04
1.638702687103363918e+06 1.919526672186011780e-04
1.709995690444097621e+06 1.848672563825667242e-04
1.784390349970143754e+06 1.786975540753416112e-04
1.862021605586416787e+06 1.726641741468080569e-04
1.943030267860745313e+06 1.669348353047797834e-04
2.027563273431514623e+06 1.617579805106937997e-04
2.115773951527012512e+06 1.565757686404721234e-04
2.207822302079902031e+06 1.517722052305232189e-04
2.303875285941275768e+06 1.473750160696575312e-04
2.404107127720690332e+06 1.432800497076305054e-04
2.508699631801488344e+06 1.395255317683299619e-04
2.617842512104606722e+06 1.358640202029655201e-04
2.731733736199009698e+06 1.326563695552209908e-04
2.850579884382903110e+06 1.295021516878869228e-04
2.974596524387058336e+06 1.265706979729096693e-04
3.104008602379877120e+06 1.237997733688815606e-04
3.239050850983437151e+06 1.212095255578080728e-04
3.379968215040580370e+06 1.187597382431124671e-04
3.527016295905329287e+06 1.165636533772850035e-04
3.680461815062484704e+06 1.143945294072347283e-04
3.840583097917342093e+06 1.123601500127685798e-04
4.007670578633065801e+06 1.105487773853478661e-04
4.182027326931377407e+06 1.086814055153274654e-04
4.363969597812118940e+06 1.070291856922819259e-04
4.553827405188770033e+06 1.054579747454182953e-04
4.751945120480441488e+06 1.039862726514807284e-04
4.958682097246030346e+06 1.025473393710535228e-04
5.174413322993571870e+06 1.012418388945503445e-04
5.399530099347066134e+06 1.000471267652875296e-04
5.634440751804464497e+06 9.893706061715465199e-05
5.879571370374217629e+06 9.790253237460127037e-05
6.135366582433775999e+06 9.694847539216692382e-05
6.402290359211891890e+06 9.603876667590723981e-05
6.680826857357543893e+06 9.522979626317372957e-05
6.971481297121950425e+06 9.448972955169886092e-05
7.274780878746563569e+06 9.379660787527819763e-05
7.591275738719213754e+06 9.318525097098215185e-05
7.921539947632909752e+06 9.267459821594946075e-05
8.266172551457234658e+06 9.218773863717142280e-05
8.625798658111047000e+06 9.176879472276997982e-05
9.001070571307353675e+06 9.138315181100203129e-05
9.392668973726961762e+06 9.104681990814091519e-05
9.801304161666996777e+06 9.073564619013745481e-05
1.022771733340373263e+07 9.048157441063689726e-05
1.067268193360666372e+07 9.030159649556701237e-05
1.113700505624227971e+07 9.053720348199414362e-05
1.162152890851223655e+07 9.095587672488827078e-05
1.212713233848131076e+07 9.141267818415741710e-05
1.265473242916593328e+07 9.190697584605637017e-05
1.320528616197475046e+07 9.244015329932787862e-05
1.377979215251847915e+07 9.301763620562746699e-05
1.437929246193742193e+07 9.364043636900942639e-05
1.500487448703214899e+07 9.430095411079640697e-05
1.565767293262583762e+07 9.501265053100806741e-05
1.633887186973565444e+07 9.576609525571819388e-05
1.704970688328647614e+07 9.656661947475775548e-05
1.779146731326251104e+07 9.740826295235772308e-05
1.856549859336193278e+07 9.829803014929099536e-05
1.937320469139645249e+07 9.923473274658326394e-05
2.021605065586232394e+07 1.002200499067697019e-04
2.109556527330185100e+07 1.012603162844875627e-04
