4.402668768255080977e+03 3.343011166224364034e-03
8.702291228692711229e+03 3.304655492265423829e-03
1.276695311178296106e+04 3.259123653550687581e-03
1.720090168377494410e+04 3.209371403224608142e-03
2.128263827136110558e+04 3.161965411561275165e-03
2.633296208052036673e+04 3.123399730880047249e-03
2.992156217165216367e+04 3.080735305391342667e-03
3.399920905420426425e+04 3.045598464362345072e-03
3.863254898524766031e+04 3.009465971580120840e-03
4.389731063208368141e+04 2.976295813744376031e-03
4.779996890100366727e+04 2.948309969556032334e-03
5.204959014657664375e+04 2.920015169030730582e-03
5.667702085826511029e+04 2.892801180067172510e-03
5.914279763961255958e+04 2.864389716650162128e-03
6.440084477124233672e+04 2.839224192014906147e-03
7.012635473421998904e+04 2.815287833793482693e-03
7.317725498701544711e+04 2.790871798369971152e-03
7.636088696938366047e+04 2.769603371679493428e-03
8.314969572923782107e+04 2.745308204210684076e-03
8.676718631008510420e+04 2.722957264487359773e-03
9.054205856247972406e+04 2.700258625001348937e-03
9.448115949541462760e+04 2.680582425821231938e-03
9.859163400220239419e+04 2.659661721549495730e-03
1.028809378201585205e+05 2.638772320580586982e-03
1.073568510541054857e+05 2.619017863675541635e-03
1.120274922882271785e+05 2.600073543392813873e-03
1.169013333118703304e+05 2.581791584499594071e-03
1.219872144860027474e+05 2.563164631249413572e-03
1.272943607782017789e+05 2.536507222341515769e-03
1.328323984952562314e+05 2.506210417582575758e-03
1.386113727437329653e+05 2.491567283978881730e-03
1.446417656501793244e+05 2.466000020033945299e-03
1.509345153740085370e+05 2.441262160921459350e-03
1.575010359475556761e+05 2.418148623393688405e-03
1.643532379792899883e+05 2.394109786011175151e-03
1.715035502577361767e+05 2.370469478009768101e-03
1.789649422952906461e+05 2.342458378922191754e-03
1.867509478528242907e+05 2.315274917058781322e-03
1.948756894877398154e+05 2.288228622223041110e-03
2.033539041700111702e+05 2.260823339378206006e-03
2.122009700126690441e+05 2.236398880065353176e-03
2.214329341652157309e+05 2.210226415886373114e-03
2.310665419205641083e+05 2.185008358343966915e-03
2.411192670882964449e+05 2.156252281281567477e-03
2.516093436893345497e+05 2.127783529172182480e-03
2.625557990295107011e+05 2.099801899206854040e-03
2.739784882120293914e+05 2.072701974049716896e-03
2.858981301514200168e+05 2.047995537289495384e-03
2.983363451543037081e+05 2.019720226810360446e-03
3.113156941351395799e+05 1.992460260486760785e-03
3.248597195380828343e+05 1.964246842084784068e-03
3.389929880391783081e+05 1.934206999452615884e-03
3.537411351063454640e+05 1.906243186626220510e-03
3.691309114979797741e+05 1.879253894400977759e-03
3.851902317845114740e+05 1.848928964089280313e-03
4.019482249809301575e+05 1.820552498454108088e-03
4.194352873821160174e+05 1.794450218448139737e-03
4.376831376968135592e+05 1.768550360731273655e-03
4.567248745802495396e+05 1.740725694953761896e-03
4.765950366697513382e+05 1.715814637875534478e-03
4.973296652322599548e+05 1.691325623426061893e-03
5.189663695373723749e+05 1.662635814287786703e-03
5.415443950744859176e+05 1.635744105760741918e-03
5.651046947377803735e+05 1.612905341963069604e-03
5.896900031081594061e+05 1.589877833818667281e-03
6.153449139668828575e+05 1.566670662888884017e-03
6.421159611814880045e+05 1.542168569851340822e-03
6.700517031107150251e+05 1.518814996836304748e-03
6.992028106815317878e+05 1.497675862855605503e-03
7.296221592980173882e+05 1.476211652062251909e-03
7.613649247488108231e+05 1.454568140285229013e-03
7.944886832870859653e+05 1.433691754822701047e-03
8.290535160645822762e+05 1.414665219522631689e-03
8.651221181091159815e+05 1.395780440186405232e-03
9.027599120432425989e+05 1.378159792279932310e-03
9.420351667503338540e+05 1.361038100542094793e-03
9.830191212033140473e+05 1.344549966424294111e-03
1.025786113680658164e+06 1.328718124981820249e-03
1.070413716604031390e+06 1.313396242280524730e-03
1.116982877242140938e+06 1.299583258519792801e-03
1.165578064536016202e+06 1.285404180888608319e-03
1.216287422312036389e+06 1.272069430614445598e-03
1.269202929160604253e+06 1.259577657894506240e-03
1.324420565270459978e+06 1.248281603912493321e-03
1.382040486521255691e+06 1.237036854275345727e-03
1.442167206150155980e+06 1.226433212011168250e-03
1.504909784321977990e+06 1.216143107177377258e-03
1.570382025946733309e+06 1.206638620070795169e-03
1.638702687103363918e+06 1.197806677745024209e-03
1.709995690444097621e+06 1.189572703392253799e-03
1.784390349970143754e+06 1.181589320982814797e-03
1.862021605586416787e+06 1.174341788024293358e-03
1.943030267860745313e+06 1.167434018098919462e-03
2.027563273431514623e+06 1.161020621442688996e-03
2.115773951527012512e+06 1.154986859866513269e-03
2.207822302079902031e+06 1.149249095258573789e-03
2.303875285941275768e+06 1.143909622524217533e-03
2.404107127720690332e+06 1.138832222102658092e-03
2.508699631801488344e+06 1.134287499811081294e-03
2.617842512104606722e+06 1.129882977349037660e-03
2.731733736199009698e+06 1.125824317757259836e-03
2.850579884382903110e+06 1.122005496010531614e-03
2.974596524387058336e+06 1.118377479833855635e-03
3.104008602379877120e+06 1.114991882994114314e-03
3.239050850983437151e+06 1.111922488635531557e-03
3.379968215040580370e+06 1.109032056678313982e-03
3.527016295905329287e+06 1.106297279644693913e-03
3.680461815062484704e+06 1.103741367153037453e-03
3.840583097917342093e+06 1.101385882482755572e-03
4.007670578633065801e+06 1.099182669696859363e-03
4.182027326931377407e+06 1.097085854816248849e-03
4.363969597812118940e+06 1.095160511554585988e-03
4.553827405188770033e+06 1.093341879051567276e-03
4.751945120480441488e+06 1.091640143579425751e-03
4.958682097246030346e+06 1.090052295197096359e-03
5.174413322993571870e+06 1.088550785456302624e-03
5.399530099347066134e+06 1.087166328457550525e-03
5.634440751804464497e+06 1.085878139220875904e-03
5.879571370374217629e+06 1.084666479273884224e-03
6.135366582433775999e+06 1.083517783541129102e-03
6.402290359211891890e+06 1.082448247783667893e-03
6.680826857357543893e+06 1.081437367332075978e-03
6.971481297121950425e+06 1.080491373348265978e-03
7.274780878746563569e+06 1.079614417276904010e-03
7.591275738719213754e+06 1.078796341172060360e-03
7.921539947632909752e+06 1.078035628913886004e-03
8.266172551457234658e+06 1.077304213367403455e-03
8.625798658111047000e+06 1.076630285226763944e-03
9.001070571307353675e+06 1.075990871277847805e-03
9.392668973726961762e+06 1.075393142217623971e-03
9.801304161666996777e+06 1.074848387231211065e-03
1.022771733340373263e+07 1.074333911071193547e-03
1.067268193360666372e+07 1.073857808228588550e-03
1.113700505624227971e+07 1.073409606479398815e-03
1.162152890851223655e+07 1.072991698415096725e-03
1.212713233848131076e+07 1.072615675880681570e-03
1.265473242916593328e+07 1.072270508392953337e-03
1.320528616197475046e+07 1.071956621714774708e-03
1.377979215251847915e+07 1.071675600102555337e-03
1.437929246193742193e+07 1.071429719202349196e-03
1.500487448703214899e+07 1.071216273885282995e-03
1.565767293262583762e+07 1.071031314029021820e-03
1.633887186973565444e+07 1.070871975732253173e-03
1.704970688328647614e+07 1.070737588074906470e-03
1.779146731326251104e+07 1.070624993196198083e-03
1.856549859336193278e+07 1.070529439973122356e-03
1.937320469139645249e+07 1.070453379477046647e-03
2.021605065586232394e+07 1.070394851809944531e-03
2.109556527330185100e+07 1.070353902802006780e-03
