2.374039742091349145e-02 6.167583167552947998e-03
4.736832031633308321e-02 5.935195367783308029e-03
6.846805405866014660e-02 5.708515178412199020e-03
9.451222445055411370e-02 5.534061230719089508e-03
1.136286860934795223e-01 5.400968249887228012e-03
1.366117280424966329e-01 5.287883803248405457e-03
1.642434219771199688e-01 5.183765664696693420e-03
1.885766797500710024e-01 5.086684133857488632e-03
2.067702176470289366e-01 4.997047595679759979e-03
2.374039742091349214e-01 4.913849756121635437e-03
2.603082813980555077e-01 4.835186060518026352e-03
2.725762327459708700e-01 4.759602714329957962e-03
2.988738959928071148e-01 4.686633590608835220e-03
3.277087103524789491e-01 4.616337828338146210e-03
3.431531460550240054e-01 4.548553843051195145e-03
3.762599425872716896e-01 4.482791759073734283e-03
3.939925273711246678e-01 4.418611992150545120e-03
4.125608231290300298e-01 4.355911631137132645e-03
4.320042157057852328e-01 4.294779151678085327e-03
4.736832031633308460e-01 4.235355649143457413e-03
4.960072047645178728e-01 4.177647642791271210e-03
5.193833041478548296e-01 4.121551290154457092e-03
5.438610851542219349e-01 4.066779278218746185e-03
5.694924684389270908e-01 3.986646421253681183e-03
5.963318216023762997e-01 3.908250946551561356e-03
6.244360745110443256e-01 3.857220755890011787e-03
6.538648400533531024e-01 3.807220607995986938e-03
6.846805405866013272e-01 3.734224243089556694e-03
7.169485403431529180e-01 3.662930103018879890e-03
7.507372840767374544e-01 3.593092318624258041e-03
7.861184422429497998e-01 3.524222178384661674e-03
8.231670630218950180e-01 3.457392565906047821e-03
8.619617315054403095e-01 3.371094586327672005e-03
9.025847363867310902e-01 3.307961393147706985e-03
9.451222445055416088e-01 3.246502019464969635e-03
9.896644836196951678e-01 3.167291171848773956e-03
1.036305933790234501e+00 3.090668236836791039e-03
1.085145527786299802e+00 3.016476985067129135e-03
1.136286860934794696e+00 2.927933586761355400e-03
1.189838410859966222e+00 2.843003254383802414e-03
1.245913767578986198e+00 2.777369227260351181e-03
1.304631874441609662e+00 2.697090851143002510e-03
1.366117280424966163e+00 2.603854751214385033e-03
1.430500404318638674e+00 2.515567932277917862e-03
1.497917811360400808e+00 2.432045759633183479e-03
1.568512502909397810e+00 2.352278679609298706e-03
1.642434219771200077e+00 2.276470884680747986e-03
1.719839759818128755e+00 2.203946933150291443e-03
1.800893310578565165e+00 2.123293699696660042e-03
1.885766797500710190e+00 2.036664867773652077e-03
1.974640248629512929e+00 1.954500330612063408e-03
2.067702176470289199e+00 1.875747926533222198e-03
2.165149977849019081e+00 1.799922203645110130e-03
2.267190352617480364e+00 1.727958209812641144e-03
2.374039742091349048e+00 1.651700935326516628e-03
2.485924788151246734e+00 1.571547240018844604e-03
2.603082813980555077e+00 1.495498232543468475e-03
2.725762327459708700e+00 1.417480292730033398e-03
2.854223548284725354e+00 1.345122815109789371e-03
2.988738959928070926e+00 1.276285271160304546e-03
3.129593887612636571e+00 1.201394363306462765e-03
3.277087103524790379e+00 1.132880686782300472e-03
3.431531460550241608e+00 1.069890800863504410e-03
3.593254555876957745e+00 1.007075188681483269e-03
3.762599425872718673e+00 9.487750940024852753e-04
3.939925273711248010e+00 8.900358225218951702e-04
4.125608231290302186e+00 8.333860896527767181e-04
4.320042157057854659e+00 7.799144950695335865e-04
4.523639471438666959e+00 7.280990830622613430e-04
4.736832031633308127e+00 6.796406814828515053e-04
4.960072047645175175e+00 6.340929539874196053e-04
5.193833041478544743e+00 5.888348678126931190e-04
5.438610851542216906e+00 5.489695467986166477e-04
5.694924684389268243e+00 5.122984875924885273e-04
5.963318216023761664e+00 4.745108308270573616e-04
6.244360745110442146e+00 4.406170628499239683e-04
6.538648400533531024e+00 4.097811761312186718e-04
6.846805405866013494e+00 3.800952399615198374e-04
7.169485403431528958e+00 3.519936581142246723e-04
7.507372840767374989e+00 3.215731703676283360e-04
7.861184422429498220e+00 2.967370091937482357e-04
8.231670630218948403e+00 2.722735807765275240e-04
8.619617315054401985e+00 2.467270242050290108e-04
9.025847363867310236e+00 2.245760260848328471e-04
9.451222445055416088e+00 2.078857214655727148e-04
9.896644836196950124e+00 1.920687791425734758e-04
1.036305933790234590e+01 1.747935020830482244e-04
1.085145527786299979e+01 1.589611638337373734e-04
1.136286860934795584e+01 1.408335810992866755e-04
1.189838410859966977e+01 1.200846891151741147e-04
1.245913767578986686e+01 1.043231532094068825e-04
1.304631874441610329e+01 9.011531074065715075e-05
1.366117280424967007e+01 7.815519347786903381e-05
1.430500404318639163e+01 7.032124267425388098e-05
1.497917811360400897e+01 6.081266838009469211e-05
1.568512502909397099e+01 5.057299858890473843e-05
1.642434219771199366e+01 3.993918653577566147e-05
1.719839759818128044e+01 3.486234345473349094e-05
1.800893310578564055e+01 2.855208003893494606e-05
1.885766797500709657e+01 2.479053000570274889e-05
1.974640248629512840e+01 2.585512083896901459e-05
2.067702176470289288e+01 2.201534880441613495e-05
2.165149977849018725e+01 1.354778032691683620e-05
2.267190352617480542e+01 1.194148626382229850e-05
2.374039742091349581e+01 6.978546934988116845e-06
2.485924788151246645e+01 3.432552603044314310e-06
2.603082813980554988e+01 7.537665851486963220e-07
2.725762327459708345e+01 -1.873086716841498856e-06
2.854223548284724998e+01 -3.201787421858171001e-06
2.988738959928070926e+01 -5.237196546659106389e-06
3.129593887612636749e+01 -1.156527673629170749e-06
3.277087103524790734e+01 -8.444076229352504015e-06
3.431531460550241519e+01 -1.586395410413388163e-05
3.593254555876957568e+01 -1.401127792632905766e-05
3.762599425872718228e+01 -1.095492280001053587e-05
3.939925273711248366e+01 -6.712397862429497764e-06
4.125608231290302541e+01 -5.628901362797478214e-06
4.320042157057854126e+01 2.995636577907134779e-06
4.523639471438667670e+01 1.011329823086271062e-05
4.736832031633310436e+01 1.846053055487573147e-05
4.960072047645179083e+01 1.987894574995152652e-05
5.193833041478545454e+01 2.167388811358250678e-05
5.438610851542216551e+01 1.944375799212139100e-05
5.694924684389268066e+01 1.309196431975578889e-05
5.963318216023762375e+01 2.465439365550992079e-06
6.244360745110442679e+01 -7.435970019287196919e-06
6.538648400533530491e+01 -7.298727268789662048e-06
6.846805405866012961e+01 2.871503284040954895e-06
7.169485403431528425e+01 9.630864042264875025e-06
7.507372840767374100e+01 -4.765357971336925402e-06
7.861184422429498397e+01 -4.019308562419610098e-06
8.231670630218950180e+01 -4.000553701644093962e-07
8.619617315054402695e+01 -4.822733444598270580e-06
9.025847363867310946e+01 -1.464481465518474579e-05
9.451222445055417154e+01 -6.258668236114317551e-06
9.896644836196954031e+01 8.261627044703345746e-07
1.036305933790234661e+02 2.134227088390616700e-06
1.085145527786299908e+02 9.141077725871582516e-07
1.136286860934795442e+02 -8.756812349020037800e-06
1.189838410859966729e+02 5.185919462746824138e-07
1.245913767578986722e+02 -1.450711238248914015e-06
1.304631874441610364e+02 -1.160646661446662620e-05
1.366117280424967078e+02 -1.317250462307129055e-05
1.430500404318639198e+02 1.106329273170558736e-05
1.497917811360401572e+02 1.516562633696594276e-06
1.568512502909396744e+02 -5.071445130511165189e-08
1.642434219771199082e+02 1.840470213210210204e-05
1.719839759818127902e+02 1.716014776320662349e-05
1.800893310578564126e+02 1.555902963445987552e-05
1.885766797500709799e+02 1.685997449385467917e-05
1.974640248629512769e+02 5.224819233262678608e-06
2.067702176470289146e+02 4.066157089255284518e-06
2.165149977849018796e+02 -1.210424034070456401e-05
2.267190352617481608e+02 1.839086144173052162e-05
