2.374039742091349145e-02 6.169742679667961430e-03
4.736832031633308321e-02 5.939904944399910028e-03
6.846805405866014660e-02 5.714646447892561022e-03
9.451222445055411370e-02 5.539941377082297294e-03
1.136286860934795223e-01 5.405920064841681326e-03
1.366117280424966329e-01 5.293284508895297960e-03
1.642434219771199688e-01 5.191956316646918063e-03
1.885766797500710301e-01 5.099148258758136841e-03
2.067702176470289366e-01 5.013456874991308911e-03
2.374039742091349492e-01 4.932396148357068300e-03
2.603082813980555077e-01 4.853656131863385258e-03
2.725762327459708700e-01 4.776647465092313805e-03
2.988738959928071148e-01 4.702052402670026630e-03
3.277087103524790046e-01 4.630689003056323756e-03
3.431531460550240609e-01 4.562926348415432924e-03
3.762599425872716341e-01 4.498965141298032905e-03
3.939925273711246123e-01 4.438942175197860968e-03
4.125608231290300298e-01 4.382016490477206455e-03
4.320042157057852328e-01 4.326539978597436498e-03
4.736832031633308460e-01 4.271245601361164761e-03
4.960072047645178728e-01 4.215316729861602781e-03
5.193833041478548296e-01 4.158541397082970645e-03
5.438610851542220459e-01 4.102089385414863822e-03
5.694924684389270908e-01 4.022642238298008814e-03
5.963318216023762997e-01 3.949864810953261987e-03
6.244360745110443256e-01 3.904995934609405573e-03
6.538648400533532135e-01 3.861513535031652674e-03
6.846805405866014382e-01 3.797434319891404737e-03
7.169485403431529180e-01 3.733608714399886709e-03
7.507372840767374544e-01 3.668461009487393974e-03
7.861184422429497998e-01 3.602625577695386244e-03
8.231670630218950180e-01 3.539188063558233732e-03
8.619617315054403095e-01 3.460540173677295432e-03
9.025847363867310902e-01 3.403309499524306229e-03
9.451222445055416088e-01 3.344864593995425239e-03
9.896644836196950568e-01 3.267066182559320853e-03
1.036305933790234501e+00 3.191655781786091432e-03
1.085145527786299802e+00 3.121255020616490149e-03
1.136286860934794918e+00 3.035487988023423400e-03
1.189838410859966222e+00 2.948628662256093727e-03
1.245913767578986198e+00 2.881372541656490593e-03
1.304631874441609662e+00 2.802590296182294171e-03
1.366117280424966163e+00 2.700129730675783230e-03
1.430500404318638674e+00 2.598199237900146452e-03
1.497917811360400586e+00 2.502471848687565139e-03
1.568512502909397810e+00 2.414349348271244405e-03
1.642434219771200077e+00 2.330885038522673754e-03
1.719839759818128755e+00 2.250992978218753666e-03
1.800893310578565165e+00 2.163480245341745795e-03
1.885766797500710190e+00 2.069604332384940380e-03
1.974640248629512929e+00 1.984318122396792027e-03
2.067702176470289199e+00 1.904216096929059856e-03
2.165149977849019081e+00 1.824521616019190474e-03
2.267190352617480364e+00 1.754616769124596118e-03
2.374039742091349492e+00 1.678184243880070968e-03
2.485924788151246734e+00 1.592969861327847222e-03
2.603082813980555077e+00 1.509454019838630656e-03
2.725762327459708700e+00 1.418473174558524058e-03
2.854223548284725354e+00 1.331677988634239656e-03
2.988738959928070926e+00 1.253403559090830862e-03
3.129593887612636571e+00 1.175814817146136199e-03
3.277087103524790379e+00 1.104832185052914001e-03
3.431531460550242052e+00 1.052252450896397308e-03
3.593254555876957745e+00 9.907635207348785850e-04
3.762599425872718673e+00 9.254100280923999253e-04
3.939925273711248010e+00 8.755494360116816092e-04
4.125608231290302186e+00 8.225064293999298677e-04
4.320042157057854659e+00 7.741199348882892668e-04
4.523639471438666959e+00 7.269138307200212392e-04
4.736832031633308127e+00 6.827713854916235255e-04
4.960072047645176063e+00 6.289807983245497081e-04
5.193833041478546519e+00 5.684829386392737651e-04
5.438610851542217794e+00 5.221684498361039593e-04
5.694924684389268243e+00 5.039245901748552704e-04
5.963318216023761664e+00 4.850096797949818121e-04
6.244360745110442146e+00 4.601495943987356642e-04
6.538648400533531913e+00 4.403545772670704682e-04
6.846805405866014382e+00 4.188221948595212689e-04
7.169485403431528958e+00 3.986710662351220067e-04
7.507372840767374989e+00 4.018479371459524638e-04
7.861184422429498220e+00 3.939529067863549189e-04
8.231670630218950180e+00 3.920515601172484040e-04
8.619617315054403761e+00 3.857761016136595448e-04
9.025847363867310236e+00 3.657802529501954147e-04
9.451222445055416088e+00 3.360341161649370734e-04
9.896644836196951900e+00 3.185701022390504040e-04
1.036305933790234590e+01 3.086865398618889901e-04
1.085145527786299979e+01 2.958711004371732947e-04
1.136286860934795406e+01 2.550276288782678843e-04
1.189838410859966800e+01 2.180580192757705193e-04
1.245913767578986686e+01 2.201807112845664252e-04
1.304631874441610329e+01 2.382943999684187966e-04
1.366117280424967007e+01 2.530676059767271251e-04
1.430500404318639163e+01 2.628411489931389931e-04
1.497917811360400897e+01 2.955241821903262732e-04
1.568512502909397099e+01 3.070997381721653425e-04
1.642434219771199366e+01 2.904040732015452145e-04
1.719839759818128044e+01 2.554611086649864185e-04
1.800893310578564055e+01 1.956203318890140205e-04
1.885766797500709657e+01 1.598909962238082157e-04
1.974640248629512840e+01 1.264347428783449423e-04
2.067702176470289288e+01 1.067951857332781869e-04
2.165149977849018725e+01 1.436967613738008534e-04
2.267190352617480542e+01 1.722167301136719056e-04
2.374039742091349225e+01 1.530413494042885431e-04
2.485924788151246645e+01 1.045519237097296728e-04
2.603082813980555343e+01 7.663725182312583354e-05
2.725762327459708700e+01 7.596891451530970042e-05
2.854223548284725354e+01 6.684991043661391279e-05
2.988738959928070926e+01 2.107321585856436347e-05
3.129593887612637104e+01 4.996613862467146375e-05
3.277087103524790734e+01 8.988549808774217765e-05
3.431531460550241519e+01 9.199227429532691295e-05
3.593254555876957568e+01 5.876016361349421270e-05
3.762599425872718939e+01 3.506678433507385098e-05
3.939925273711248366e+01 -1.930420878293226782e-05
4.125608231290302541e+01 -7.693586876184596170e-06
4.320042157057854126e+01 9.893350601025642085e-06
4.523639471438667670e+01 2.544371240392222428e-05
4.736832031633310436e+01 -2.868925760931402707e-05
4.960072047645179083e+01 -4.956282121621544275e-05
5.193833041478545454e+01 -3.613932391396493271e-05
5.438610851542216551e+01 -2.134908186151931466e-05
5.694924684389268066e+01 1.144328481433030342e-05
5.963318216023762375e+01 -4.476464354291923462e-06
6.244360745110443389e+01 -4.471024153618396795e-05
6.538648400533531913e+01 -2.876691954260009973e-05
6.846805405866012961e+01 1.660586980999642306e-05
7.169485403431529846e+01 3.397393832045055565e-05
7.507372840767375521e+01 -7.502062672219234150e-05
7.861184422429498397e+01 -5.593552543096718728e-05
8.231670630218950180e+01 -7.532900515428546937e-05
8.619617315054402695e+01 -9.859092000579552104e-05
9.025847363867310946e+01 -1.124452233963700994e-04
9.451222445055415733e+01 -1.845326194964534586e-04
9.896644836196952610e+01 -2.073427111413128101e-04
1.036305933790234661e+02 -8.289574552182405560e-05
1.085145527786300050e+02 -1.387978537978308289e-05
1.136286860934795442e+02 5.394983334078265755e-06
1.189838410859966871e+02 -5.417012422971998782e-05
1.245913767578986722e+02 -8.346400323659282339e-05
1.304631874441610364e+02 -2.855450001735798101e-05
1.366117280424967078e+02 -8.215964614731582558e-05
1.430500404318639198e+02 -6.333673599828388895e-05
1.497917811360401572e+02 -7.715599699320570108e-05
1.568512502909397028e+02 -5.410127820054430972e-05
1.642434219771199366e+02 7.288031452801997310e-08
1.719839759818127902e+02 7.512561476367985298e-06
1.800893310578564126e+02 -1.146034789783681412e-05
1.885766797500709799e+02 -4.299791487133914931e-05
1.974640248629512769e+02 -1.378093848986673559e-05
2.067702176470289146e+02 -5.276414765159162663e-06
2.165149977849018796e+02 6.415998496683653367e-05
2.267190352617480471e+02 3.477161427589470683e-05
