2.374039742091349145e-02 6.239216605546439066e-03
4.736832031633308321e-02 6.005366005633673912e-03
6.846805405866014660e-02 5.776490254465881102e-03
9.451222445055411370e-02 5.599740190894477061e-03
1.136286860934795223e-01 5.464307009810358100e-03
1.366117280424966329e-01 5.348832306384912645e-03
1.642434219771199688e-01 5.242914228193114139e-03
1.885766797500710024e-01 5.145215355420456813e-03
2.067702176470289366e-01 5.055587136558319615e-03
2.374039742091349214e-01 4.972326533011534218e-03
2.603082813980555077e-01 4.893510810717685046e-03
2.725762327459708700e-01 4.817756107458813844e-03
2.988738959928071148e-01 4.744781240662369372e-03
3.277087103524789491e-01 4.674368319993328635e-03
3.431531460550240054e-01 4.605408763724655637e-03
3.762599425872716896e-01 4.537337705141130176e-03
3.939925273711246678e-01 4.470262487989726773e-03
4.125608231290300298e-01 4.404144447642899772e-03
4.320042157057852328e-01 4.338984478208990359e-03
4.736832031633308460e-01 4.275230276647262913e-03
4.960072047645178728e-01 4.213370432082585992e-03
5.193833041478548296e-01 4.153811767190840679e-03
5.438610851542219349e-01 4.096570994548376712e-03
5.694924684389270908e-01 4.015004322015923444e-03
5.963318216023762997e-01 3.938061941548455167e-03
6.244360745110443256e-01 3.890071310234397787e-03
6.538648400533531024e-01 3.843995595092778231e-03
6.846805405866013272e-01 3.777277560930720167e-03
7.169485403431529180e-01 3.713706250195683827e-03
7.507372840767374544e-01 3.654273312643255452e-03
7.861184422429497998e-01 3.595868373008421787e-03
8.231670630218950180e-01 3.537459360830946462e-03
8.619617315054403095e-01 3.458799680498716653e-03
9.025847363867310902e-01 3.401526571824165478e-03
9.451222445055416088e-01 3.347018462729983452e-03
9.896644836196951678e-01 3.276828074751427997e-03
1.036305933790234501e+00 3.207756801096110430e-03
1.085145527786299802e+00 3.136248312809335626e-03
1.136286860934794696e+00 3.045445631257060869e-03
1.189838410859966222e+00 2.961126656851963135e-03
1.245913767578986198e+00 2.900327834458737639e-03
1.304631874441609662e+00 2.828369971994318648e-03
1.366117280424966163e+00 2.741213376757709822e-03
1.430500404318638674e+00 2.659410526636066859e-03
1.497917811360400808e+00 2.583524541369701475e-03
1.568512502909397810e+00 2.508840094165979730e-03
1.642434219771200077e+00 2.431242966541466346e-03
1.719839759818128755e+00 2.355404805518974184e-03
1.800893310578565165e+00 2.272525098265189020e-03
1.885766797500710190e+00 2.179313565715065501e-03
1.974640248629512929e+00 2.094793514279456002e-03
2.067702176470289199e+00 2.018580538390825699e-03
2.165149977849019081e+00 1.941506536718560832e-03
2.267190352617480364e+00 1.863175999836200712e-03
2.374039742091349048e+00 1.790371080923324702e-03
2.485924788151246734e+00 1.714467944129798764e-03
2.603082813980555077e+00 1.639277684842064750e-03
2.725762327459708700e+00 1.559343613138690571e-03
2.854223548284725354e+00 1.483418220063535339e-03
2.988738959928070926e+00 1.425414999743642970e-03
3.129593887612636571e+00 1.359175264877335787e-03
3.277087103524790379e+00 1.293050740303236914e-03
3.431531460550241608e+00 1.230592345191965694e-03
3.593254555876957745e+00 1.160787989419464475e-03
3.762599425872718673e+00 1.097804061067061314e-03
3.939925273711248010e+00 1.031602804003390076e-03
4.125608231290302186e+00 9.707973509812830139e-04
4.320042157057854659e+00 9.073411582350020179e-04
4.523639471438666959e+00 8.407137276953717195e-04
4.736832031633308127e+00 7.852854432484129496e-04
4.960072047645175175e+00 7.224540791141288547e-04
5.193833041478544743e+00 6.548962423521839746e-04
5.438610851542216906e+00 5.930839480757789080e-04
5.694924684389268243e+00 5.366761040427335582e-04
5.963318216023761664e+00 4.885983354776671575e-04
6.244360745110442146e+00 4.203847182120872884e-04
6.538648400533531024e+00 3.706999692695522571e-04
6.846805405866013494e+00 3.153337280938966949e-04
7.169485403431528958e+00 2.637596029613944299e-04
7.507372840767374989e+00 2.301599080687238017e-04
7.861184422429498220e+00 2.026611732722876887e-04
8.231670630218948403e+00 1.776879937567606594e-04
8.619617315054401985e+00 1.598829128934909423e-04
9.025847363867310236e+00 1.365397720524410500e-04
9.451222445055416088e+00 1.092594929772700951e-04
9.896644836196950124e+00 9.440412152245990034e-05
1.036305933790234590e+01 8.440981765460211779e-05
1.085145527786299979e+01 5.827136715221571922e-05
1.136286860934795584e+01 5.361331390659593077e-05
1.189838410859966977e+01 2.651671326731237866e-05
1.245913767578986686e+01 -1.200477490129984557e-05
1.304631874441610329e+01 -3.423249252320863917e-05
1.366117280424967007e+01 -2.599718994332388542e-05
1.430500404318639163e+01 3.797774813111495676e-06
1.497917811360400897e+01 1.374954682969191640e-05
1.568512502909397099e+01 1.496591036954399586e-05
1.642434219771199366e+01 -2.834454780631969166e-06
1.719839759818128044e+01 -5.958116150461367942e-06
1.800893310578564055e+01 -3.513784818212243666e-05
1.885766797500709657e+01 -3.200109051079952604e-05
1.974640248629512840e+01 -3.474761137618167731e-06
2.067702176470289288e+01 -1.338740098453832767e-05
2.165149977849018725e+01 -2.254726059662456725e-05
2.267190352617480542e+01 2.877322731021487048e-06
2.374039742091349581e+01 1.616531353856706635e-05
2.485924788151246645e+01 1.331118951217197119e-06
2.603082813980554988e+01 8.151480087395043551e-06
2.725762327459708345e+01 1.256109117125281409e-05
2.854223548284724998e+01 -1.634974561859434483e-05
2.988738959928070926e+01 -7.658040999453958198e-05
3.129593887612636749e+01 -9.567755521671799128e-05
3.277087103524790734e+01 -5.948186803984812591e-05
3.431531460550241519e+01 -1.437101453661475568e-05
3.593254555876957568e+01 6.430675732110920405e-06
3.762599425872718228e+01 3.111704829838418625e-05
3.939925273711248366e+01 5.505681154108257440e-05
4.125608231290302541e+01 1.981494001538459341e-05
4.320042157057854126e+01 6.074427504832987080e-06
4.523639471438667670e+01 -2.672182843861782979e-05
4.736832031633310436e+01 -9.242240059640606726e-06
4.960072047645179083e+01 -3.012376438546317560e-05
5.193833041478545454e+01 -6.780094956566502513e-05
5.438610851542216551e+01 -6.745981015255824505e-05
5.694924684389268066e+01 -5.142184254170559411e-05
5.963318216023762375e+01 9.353497871744894225e-06
6.244360745110442679e+01 -5.873946509351775154e-06
6.538648400533530491e+01 -1.208421663932603586e-05
6.846805405866012961e+01 -2.509659368872565097e-05
7.169485403431528425e+01 1.872897454786273340e-06
7.507372840767374100e+01 3.469791864664488213e-05
7.861184422429498397e+01 1.440677655830983592e-05
8.231670630218950180e+01 7.154952610917922763e-05
8.619617315054402695e+01 2.105670806108029093e-05
9.025847363867310946e+01 8.254615091322125620e-05
9.451222445055417154e+01 1.028723206458443084e-04
9.896644836196954031e+01 -9.117525486288149459e-06
1.036305933790234661e+02 -6.163478000947592711e-05
1.085145527786299908e+02 -2.983110909278353606e-06
1.136286860934795442e+02 4.016397414261242932e-05
1.189838410859966729e+02 7.234304146044954337e-05
1.245913767578986722e+02 2.291426260101132431e-05
1.304631874441610364e+02 7.471913902520699671e-05
1.366117280424967078e+02 6.528143159682907716e-05
1.430500404318639198e+02 -3.915891872660422668e-05
1.497917811360401572e+02 1.173264856620925676e-04
1.568512502909396744e+02 1.358720955086995170e-04
1.642434219771199082e+02 9.882611829751425955e-05
1.719839759818127902e+02 7.113679228637221491e-05
1.800893310578564126e+02 5.830531835705404851e-05
1.885766797500709799e+02 1.265023042748905917e-04
1.974640248629512769e+02 4.429547560073323671e-05
2.067702176470289146e+02 9.840238490482121564e-05
2.165149977849018796e+02 1.252852592878130262e-04
2.267190352617481608e+02 -1.240489856547523991e-04
