2.374039742091349145e-02 6.156517467817699749e-03
4.736832031633308321e-02 5.926660195919165701e-03
6.846805405866014660e-02 5.700478549793758405e-03
9.451222445055411370e-02 5.525990309180543736e-03
1.136286860934795223e-01 5.394910910788182010e-03
1.366117280424966329e-01 5.286374729476559821e-03
1.642434219771199688e-01 5.186579161683343119e-03
1.885766797500710301e-01 5.089767072081982126e-03
2.067702176470289366e-01 4.994976619684440844e-03
2.374039742091349492e-01 4.903426289113176767e-03
2.603082813980555077e-01 4.816273478178451951e-03
2.725762327459708700e-01 4.734151494282780315e-03
2.988738959928071148e-01 4.657468271641771254e-03
3.277087103524790046e-01 4.585651642098195410e-03
3.431531460550240609e-01 4.516912866098596151e-03
3.762599425872716341e-01 4.449476828177678298e-03
3.939925273711246123e-01 4.383319297571248996e-03
4.125608231290300298e-01 4.319546385489415191e-03
4.320042157057852328e-01 4.258099094454379646e-03
4.736832031633308460e-01 4.197932043214254796e-03
4.960072047645178728e-01 4.138744067973438266e-03
5.193833041478548296e-01 4.080845490917970816e-03
5.438610851542220459e-01 4.024220696277194115e-03
5.694924684389270908e-01 3.940734269631007182e-03
5.963318216023762997e-01 3.859883679290288232e-03
6.244360745110443256e-01 3.808408029487544023e-03
6.538648400533532135e-01 3.758497832937959023e-03
6.846805405866014382e-01 3.685863701744713280e-03
7.169485403431529180e-01 3.615284909318121093e-03
7.507372840767374544e-01 3.548006099988179445e-03
7.861184422429497998e-01 3.483158934793174379e-03
8.231670630218950180e-01 3.419310613433853251e-03
8.619617315054403095e-01 3.334811753711867249e-03
9.025847363867310902e-01 3.272889340607266963e-03
9.451222445055416088e-01 3.211493403034097142e-03
9.896644836196950568e-01 3.130837140430983278e-03
1.036305933790234501e+00 3.053203338568955851e-03
1.085145527786299802e+00 2.979017975651042198e-03
1.136286860934794918e+00 2.887402137767112673e-03
1.189838410859966222e+00 2.800753269897661955e-03
1.245913767578986198e+00 2.733671321967792722e-03
1.304631874441609662e+00 2.651433448317988117e-03
1.366117280424966163e+00 2.558236959822404039e-03
1.430500404318638674e+00 2.471411777133697418e-03
1.497917811360400586e+00 2.390846945838273011e-03
1.568512502909397810e+00 2.308304590703996739e-03
1.642434219771200077e+00 2.228362716610283057e-03
1.719839759818128755e+00 2.158724379447557028e-03
1.800893310578565165e+00 2.075229345569784209e-03
1.885766797500710190e+00 1.991576402888603232e-03
1.974640248629512929e+00 1.916884722415448418e-03
2.067702176470289199e+00 1.854919498521572126e-03
2.165149977849019081e+00 1.792109464896714721e-03
2.267190352617480364e+00 1.724208347766109824e-03
2.374039742091349492e+00 1.650600572594762517e-03
2.485924788151246734e+00 1.568176581852332493e-03
2.603082813980555077e+00 1.493953981645401805e-03
2.725762327459708700e+00 1.421711754280965793e-03
2.854223548284725354e+00 1.358742431683865109e-03
2.988738959928070926e+00 1.289544190729612983e-03
3.129593887612636571e+00 1.208997690365502678e-03
3.277087103524790379e+00 1.144237585071206315e-03
3.431531460550242052e+00 1.077908785268275136e-03
3.593254555876957745e+00 1.016882916526709981e-03
3.762599425872718673e+00 9.664223802480685849e-04
3.939925273711248010e+00 9.106314624630529493e-04
4.125608231290302186e+00 8.605515936581793453e-04
4.320042157057854659e+00 8.011369536445962693e-04
4.523639471438666959e+00 7.432498119771241809e-04
4.736832031633308127e+00 6.972378584750867732e-04
4.960072047645176063e+00 6.580856551684829275e-04
5.193833041478546519e+00 6.140479604505136605e-04
5.438610851542217794e+00 5.772349545766681817e-04
5.694924684389268243e+00 5.398932460251083289e-04
5.963318216023761664e+00 4.964981010063539450e-04
6.244360745110442146e+00 4.406422959392021130e-04
6.538648400533531913e+00 3.740262608510824469e-04
6.846805405866014382e+00 3.203425043132921259e-04
7.169485403431528958e+00 2.845516069656363551e-04
7.507372840767374989e+00 2.584148261502675504e-04
7.861184422429498220e+00 2.354508816389127852e-04
8.231670630218950180e+00 2.197295352530090936e-04
8.619617315054403761e+00 1.968013216086709300e-04
9.025847363867310236e+00 1.875058272879912057e-04
9.451222445055416088e+00 1.938299467227443790e-04
9.896644836196951900e+00 2.396738892224420522e-04
1.036305933790234590e+01 2.585677677525526335e-04
1.085145527786299979e+01 2.569581067333497537e-04
1.136286860934795406e+01 2.440389282073145822e-04
1.189838410859966800e+01 2.153038679961323759e-04
1.245913767578986686e+01 1.761743202501806741e-04
1.304631874441610329e+01 1.441348555984837444e-04
1.366117280424967007e+01 1.443933946614331301e-04
1.430500404318639163e+01 1.279097671571118413e-04
1.497917811360400897e+01 8.725499123733860402e-05
1.568512502909397099e+01 5.254625269561555279e-05
1.642434219771199366e+01 4.974428194183127427e-05
1.719839759818128044e+01 6.644415467681638837e-05
1.800893310578564055e+01 7.564008346688288803e-05
1.885766797500709657e+01 5.387936378907158378e-05
1.974640248629512840e+01 2.951679875292919234e-05
2.067702176470289288e+01 5.994707600437201144e-06
2.165149977849018725e+01 7.842687244853323219e-06
2.267190352617480542e+01 4.192326371356945320e-07
2.374039742091349225e+01 2.810926084359383691e-05
2.485924788151246645e+01 3.780772241265116941e-05
2.603082813980555343e+01 1.690097929739910437e-05
2.725762327459708700e+01 -1.069895714064605948e-05
2.854223548284725354e+01 -1.793256988230675368e-05
2.988738959928070926e+01 -1.384079992342523970e-05
3.129593887612637104e+01 1.536712815471863553e-05
3.277087103524790734e+01 3.281308322604959977e-05
3.431531460550241519e+01 9.859787622094092884e-05
3.593254555876957568e+01 1.227988187806217525e-04
3.762599425872718939e+01 8.686794716977736365e-05
3.939925273711248366e+01 1.072608892252702536e-04
4.125608231290302541e+01 1.303957507982841945e-04
4.320042157057854126e+01 1.371256720782415691e-04
4.523639471438667670e+01 1.048993186088456592e-04
4.736832031633310436e+01 1.496787522904730522e-05
4.960072047645179083e+01 -2.826153709351620320e-05
5.193833041478545454e+01 -2.585350019291388391e-05
5.438610851542216551e+01 -4.813818189157494120e-05
5.694924684389268066e+01 -3.165023549070326901e-05
5.963318216023762375e+01 2.081362700061977462e-05
6.244360745110443389e+01 2.075513862386713955e-05
6.538648400533531913e+01 7.799256214038450174e-05
6.846805405866012961e+01 2.693620907232127494e-05
7.169485403431529846e+01 6.288344974923065636e-05
7.507372840767375521e+01 -2.295650138916879523e-05
7.861184422429498397e+01 -1.008826562873660937e-05
8.231670630218950180e+01 -1.499862430277009368e-05
8.619617315054402695e+01 4.092376338694693222e-05
9.025847363867310946e+01 -5.287655620881515057e-05
9.451222445055415733e+01 -4.935654997606049512e-05
9.896644836196952610e+01 -6.596850659307616608e-05
1.036305933790234661e+02 -1.126775087442828584e-04
1.085145527786300050e+02 -4.551653336760639083e-05
1.136286860934795442e+02 4.520800926533726806e-05
1.189838410859966871e+02 1.155763999173624426e-04
1.245913767578986722e+02 1.117387882356419575e-06
1.304631874441610364e+02 -1.239622257058674922e-04
1.366117280424967078e+02 -1.163205182941859009e-04
1.430500404318639198e+02 -1.260585982986816395e-04
1.497917811360401572e+02 -1.082600974095076894e-04
1.568512502909397028e+02 7.592881349134559751e-05
1.642434219771199366e+02 1.273032065513710327e-05
1.719839759818127902e+02 8.212479539214821082e-05
1.800893310578564126e+02 4.360270166133562846e-05
1.885766797500709799e+02 -7.490107918062279923e-05
1.974640248629512769e+02 3.418073316492337263e-05
2.067702176470289146e+02 -9.978668158753727788e-06
2.165149977849018796e+02 1.056705930438529812e-05
2.267190352617480471e+02 -3.205046416950713128e-04
