4.402668768255080977e+03 1.269849298399023350e-02
8.702291228692711229e+03 1.136624963453864746e-02
1.276695311178296106e+04 1.076320851455145333e-02
1.720090168377494410e+04 8.813146452450369706e-03
2.128263827136110558e+04 8.055932247121894152e-03
2.633296208052036673e+04 8.049121932174952906e-03
2.992156217165216367e+04 7.657818016562296937e-03
3.399920905420426425e+04 6.297278602802438077e-03
3.863254898524766031e+04 6.092653208298619630e-03
4.389731063208368141e+04 5.510804786930808066e-03
4.779996890100366727e+04 4.854281229727296434e-03
5.204959014657664375e+04 4.696265787722970000e-03
5.667702085826511029e+04 5.201334729874405871e-03
5.914279763961255958e+04 4.674220003916654091e-03
6.440084477124233672e+04 4.366344120955831590e-03
7.012635473421998904e+04 3.846325068135790677e-03
7.317725498701544711e+04 3.624984295442063107e-03
7.636088696938366047e+04 3.634461843098439442e-03
8.314969572923782107e+04 2.961290890517746452e-03
8.676718631008510420e+04 2.835533731206321944e-03
9.054205856247972406e+04 2.776047379626991104e-03
9.448115949541462760e+04 2.607076795749415418e-03
9.859163400220239419e+04 2.455779194886960684e-03
1.028809378201585205e+05 2.180725475991451660e-03
1.073568510541054857e+05 2.247442276685915601e-03
1.120274922882271785e+05 2.110391410497815517e-03
1.169013333118703304e+05 1.787336067712165782e-03
1.219872144860027474e+05 1.904545270228154199e-03
1.272943607782017789e+05 1.855892642818763542e-03
1.328323984952562314e+05 1.739640667714040505e-03
1.386113727437329653e+05 1.611347809785673799e-03
1.446417656501793244e+05 1.455492887103137763e-03
1.509345153740085370e+05 1.322939473020748628e-03
1.575010359475556761e+05 1.307745966816296641e-03
1.643532379792899883e+05 1.201484254583298295e-03
1.715035502577361767e+05 1.241353230035527680e-03
1.789649422952906461e+05 1.145971354141410176e-03
1.867509478528242907e+05 1.085957156737790089e-03
1.948756894877398154e+05 1.002032166501237633e-03
2.033539041700111702e+05 9.147119401470393384e-04
2.122009700126690441e+05 9.430542748849144461e-04
2.214329341652157309e+05 8.367662198893328343e-04
2.310665419205641083e+05 8.123776179171090595e-04
2.411192670882964449e+05 7.294588620119537821e-04
2.516093436893345497e+05 6.846243951079015793e-04
2.625557990295107011e+05 6.492637751873751948e-04
2.739784882120293914e+05 6.034143922818256548e-04
2.858981301514200168e+05 6.309452804310733800e-04
2.983363451543037081e+05 5.785883863725963493e-04
3.113156941351395799e+05 5.626318522658234128e-04
3.248597195380828343e+05 5.032817834326675432e-04
3.389929880391783081e+05 4.700764629892863851e-04
3.537411351063454640e+05 4.450849437563577271e-04
3.691309114979797741e+05 4.127043456825972502e-04
3.851902317845114740e+05 3.849724376363886352e-04
4.019482249809301575e+05 3.554132334012564997e-04
4.194352873821160174e+05 3.726627441125825906e-04
4.376831376968135592e+05 3.511498506159337909e-04
4.567248745802495396e+05 3.286915206709579420e-04
4.765950366697513382e+05 2.875190916533171747e-04
4.973296652322599548e+05 2.678727655038986048e-04
5.189663695373723749e+05 2.547017454193426520e-04
5.415443950744859176e+05 2.361719796284088551e-04
5.651046947377803735e+05 2.490181062736918798e-04
5.896900031081594061e+05 2.493607051008949458e-04
6.153449139668828575e+05 2.284360044645223861e-04
6.421159611814880045e+05 2.159783347826805253e-04
6.700517031107150251e+05 2.155709337574267107e-04
6.992028106815317878e+05 2.012381152207673755e-04
7.296221592980173882e+05 2.018071688118797319e-04
7.613649247488108231e+05 1.891160995037142383e-04
7.944886832870859653e+05 1.809614641675209249e-04
8.290535160645822762e+05 1.737737619350549032e-04
8.651221181091159815e+05 1.687640092724490592e-04
9.027599120432425989e+05 1.613601341680014837e-04
9.420351667503338540e+05 1.544905531188753203e-04
9.830191212033140473e+05 1.536842705965754349e-04
1.025786113680658164e+06 1.487418852265750982e-04
1.070413716604031390e+06 1.373468513307198914e-04
1.116982877242140938e+06 1.378085288861252765e-04
1.165578064536016202e+06 1.382602697543369448e-04
1.216287422312036389e+06 1.330807407303749254e-04
1.269202929160604253e+06 1.251813760882181646e-04
1.324420565270459978e+06 1.298506507731213842e-04
1.382040486521255691e+06 1.271456703360419134e-04
1.442167206150155980e+06 1.248716475894539083e-04
1.504909784321977990e+06 1.205587381437263654e-04
1.570382025946733309e+06 1.226080595389384656e-04
1.638702687103363918e+06 1.174924094886722924e-04
1.709995690444097621e+06 1.150110352372594677e-04
1.784390349970143754e+06 1.093543580260881434e-04
1.862021605586416787e+06 1.074188944080799413e-04
1.943030267860745313e+06 1.059117521204622203e-04
2.027563273431514623e+06 1.056058547533011407e-04
2.115773951527012512e+06 1.038917737134183920e-04
2.207822302079902031e+06 1.001712275516957888e-04
2.303875285941275768e+06 1.011635622335401000e-04
2.404107127720690332e+06 9.998970077731940062e-05
2.508699631801488344e+06 9.772591304817212013e-05
2.617842512104606722e+06 9.620461788510046826e-05
2.731733736199009698e+06 9.506723800965715212e-05
2.850579884382903110e+06 9.190860434023859357e-05
2.974596524387058336e+06 8.943152795801972824e-05
3.104008602379877120e+06 8.916632476793779607e-05
3.239050850983437151e+06 8.769098385541056185e-05
3.379968215040580370e+06 8.723649385559082423e-05
3.527016295905329287e+06 8.590240525244990260e-05
3.680461815062484704e+06 8.484038566213984505e-05
3.840583097917342093e+06 8.310991682871279591e-05
4.007670578633065801e+06 8.217596223774481122e-05
4.182027326931377407e+06 8.137499741714908754e-05
4.363969597812118940e+06 8.065141942771262434e-05
4.553827405188770033e+06 8.061220482010351138e-05
4.751945120480441488e+06 8.049380142970810940e-05
4.958682097246030346e+06 8.000226016737456620e-05
5.174413322993571870e+06 7.961183788303158684e-05
5.399530099347066134e+06 7.935470447949555836e-05
5.634440751804464497e+06 7.862760230729840124e-05
5.879571370374217629e+06 7.797568708544009544e-05
6.135366582433775999e+06 7.780099513077507248e-05
6.402290359211891890e+06 7.749020492631786348e-05
6.680826857357543893e+06 7.733862226634848568e-05
6.971481297121950425e+06 7.724498284123697928e-05
7.274780878746563569e+06 7.715538451886511529e-05
7.591275738719213754e+06 7.692965831151503647e-05
7.921539947632909752e+06 7.672896171483263583e-05
8.266172551457234658e+06 7.649798741378704275e-05
8.625798658111047000e+06 7.632591939393489739e-05
9.001070571307353675e+06 7.641467042695431269e-05
9.392668973726961762e+06 7.632720400870102151e-05
9.801304161666996777e+06 7.629080008293956014e-05
1.022771733340373263e+07 7.630531158767429076e-05
1.067268193360666372e+07 7.627197582984226705e-05
1.113700505624227971e+07 7.643440569865245476e-05
1.162152890851223655e+07 7.665028720216972703e-05
1.212713233848131076e+07 7.691491538136233281e-05
1.265473242916593328e+07 7.717562343082296264e-05
1.320528616197475046e+07 7.745033733218501123e-05
1.377979215251847915e+07 7.773376204308997590e-05
1.437929246193742193e+07 7.804448339582548404e-05
1.500487448703214899e+07 7.837438679481136840e-05
1.565767293262583762e+07 7.870975328104750507e-05
1.633887186973565444e+07 7.906439542530697365e-05
1.704970688328647614e+07 7.942412723776751300e-05
1.779146731326251104e+07 7.980637584812973336e-05
1.856549859336193278e+07 8.020626536867871603e-05
1.937320469139645249e+07 8.061993086479925913e-05
2.021605065586232394e+07 8.105401721177811838e-05
2.109556527330185100e+07 8.151163649430225044e-05
