4.402668768255080977e+03 1.372109588284183522e-02
8.702291228692711229e+03 1.169491496353541014e-02
1.276695311178296106e+04 1.075523536917053630e-02
1.720090168377494410e+04 9.343255399820709489e-03
2.128263827136110558e+04 7.956202732748914389e-03
2.633296208052036673e+04 8.007659706974182626e-03
2.992156217165216367e+04 7.437893048833400973e-03
3.399920905420426425e+04 6.223648928184972486e-03
3.863254898524766031e+04 6.073119019217647525e-03
4.389731063208368141e+04 5.133295694727542380e-03
4.779996890100366727e+04 4.692893462825423016e-03
5.204959014657664375e+04 4.805670824955596623e-03
5.667702085826511029e+04 4.455650108660975418e-03
5.914279763961255958e+04 4.013838846804134233e-03
6.440084477124233672e+04 3.904385874196161874e-03
7.012635473421998904e+04 3.506688535663419429e-03
7.317725498701544711e+04 3.235040635039390221e-03
7.636088696938366047e+04 3.108189299508319538e-03
8.314969572923782107e+04 3.084863558132569863e-03
8.676718631008510420e+04 2.702527349759613340e-03
9.054205856247972406e+04 2.750484174826837991e-03
9.448115949541462760e+04 2.477300191175733652e-03
9.859163400220239419e+04 2.326740758857775548e-03
1.028809378201585205e+05 2.258870274308343896e-03
1.073568510541054857e+05 2.083902685743696092e-03
1.120274922882271785e+05 1.982912696636017404e-03
1.169013333118703304e+05 1.801592399436225712e-03
1.219872144860027474e+05 1.801419649185241221e-03
1.272943607782017789e+05 1.718796580485374478e-03
1.328323984952562314e+05 1.577745358407228347e-03
1.386113727437329653e+05 1.527287611139290435e-03
1.446417656501793244e+05 1.392087725507526203e-03
1.509345153740085370e+05 1.331981920285854994e-03
1.575010359475556761e+05 1.309846840401691307e-03
1.643532379792899883e+05 1.288673857900220860e-03
1.715035502577361767e+05 1.184482952496579596e-03
1.789649422952906461e+05 1.146275036488057569e-03
1.867509478528242907e+05 1.032314700121031350e-03
1.948756894877398154e+05 9.733760731620650286e-04
2.033539041700111702e+05 8.911218560809801206e-04
2.122009700126690441e+05 8.861196753604881193e-04
2.214329341652157309e+05 8.201182509490320596e-04
2.310665419205641083e+05 7.820594453534434557e-04
2.411192670882964449e+05 7.510105588679948313e-04
2.516093436893345497e+05 7.253863348348169472e-04
2.625557990295107011e+05 6.601596932169507539e-04
2.739784882120293914e+05 6.041666620399273845e-04
2.858981301514200168e+05 5.614576145279230298e-04
2.983363451543037081e+05 5.226575714368770316e-04
3.113156941351395799e+05 4.965969109338827688e-04
3.248597195380828343e+05 4.719317895988357834e-04
3.389929880391783081e+05 4.512279657235880202e-04
3.537411351063454640e+05 4.193028079963549682e-04
3.691309114979797741e+05 3.835809401698959931e-04
3.851902317845114740e+05 3.623574310235815727e-04
4.019482249809301575e+05 3.431596773585991137e-04
4.194352873821160174e+05 3.387674226974504103e-04
4.376831376968135592e+05 3.214697177996279583e-04
4.567248745802495396e+05 3.049699163527179761e-04
4.765950366697513382e+05 3.004507335904907741e-04
4.973296652322599548e+05 2.990286952959346077e-04
5.189663695373723749e+05 2.744937252322616713e-04
5.415443950744859176e+05 2.582847628231512804e-04
5.651046947377803735e+05 2.450259118966246780e-04
5.896900031081594061e+05 2.317956121258146892e-04
6.153449139668828575e+05 2.215256413022846638e-04
6.421159611814880045e+05 2.107704576815891775e-04
6.700517031107150251e+05 2.055459979184834005e-04
6.992028106815317878e+05 1.983482406175134821e-04
7.296221592980173882e+05 1.898447702058947970e-04
7.613649247488108231e+05 1.851654178297750582e-04
7.944886832870859653e+05 1.802297250056400621e-04
8.290535160645822762e+05 1.765464359171423623e-04
8.651221181091159815e+05 1.707019196883128827e-04
9.027599120432425989e+05 1.625960327664920883e-04
9.420351667503338540e+05 1.595171001105459628e-04
9.830191212033140473e+05 1.563238600549858755e-04
1.025786113680658164e+06 1.561792670178444096e-04
1.070413716604031390e+06 1.471167983180513732e-04
1.116982877242140938e+06 1.453345883821356851e-04
1.165578064536016202e+06 1.408526188008921859e-04
1.216287422312036389e+06 1.389898173683411762e-04
1.269202929160604253e+06 1.335002682667654295e-04
1.324420565270459978e+06 1.305994979758464726e-04
1.382040486521255691e+06 1.264265889174338744e-04
1.442167206150155980e+06 1.255331684406566786e-04
1.504909784321977990e+06 1.223916185743364885e-04
1.570382025946733309e+06 1.193651701650903855e-04
1.638702687103363918e+06 1.165014437927853726e-04
1.709995690444097621e+06 1.140038947001533598e-04
1.784390349970143754e+06 1.105859528952284206e-04
1.862021605586416787e+06 1.080663522512767365e-04
1.943030267860745313e+06 1.063811782502364266e-04
2.027563273431514623e+06 1.054238132011606221e-04
2.115773951527012512e+06 1.037479947152018984e-04
2.207822302079902031e+06 1.015233100220041320e-04
2.303875285941275768e+06 9.990236615053660070e-05
2.404107127720690332e+06 9.934208996889985527e-05
2.508699631801488344e+06 9.833236387914525995e-05
2.617842512104606722e+06 9.704040597225255238e-05
2.731733736199009698e+06 9.547863452116691491e-05
2.850579884382903110e+06 9.395947226925271630e-05
2.974596524387058336e+06 9.248508743882437593e-05
3.104008602379877120e+06 9.122151677746973399e-05
3.239050850983437151e+06 9.006421527824868851e-05
3.379968215040580370e+06 8.874923264908590943e-05
3.527016295905329287e+06 8.801967935898985214e-05
3.680461815062484704e+06 8.694136503560960223e-05
3.840583097917342093e+06 8.614615672817313528e-05
4.007670578633065801e+06 8.504115013455592514e-05
4.182027326931377407e+06 8.469652271487502278e-05
4.363969597812118940e+06 8.388541541141872478e-05
4.553827405188770033e+06 8.320892716125308014e-05
4.751945120480441488e+06 8.270275967192198890e-05
4.958682097246030346e+06 8.223854937512612795e-05
5.174413322993571870e+06 8.175448845097770716e-05
5.399530099347066134e+06 8.133773679199583361e-05
5.634440751804464497e+06 8.089172358819224818e-05
5.879571370374217629e+06 8.053472057844749494e-05
6.135366582433775999e+06 8.026112186633333205e-05
6.402290359211891890e+06 7.993649976236761321e-05
6.680826857357543893e+06 7.971814735270612543e-05
6.971481297121950425e+06 7.961303987933708126e-05
7.274780878746563569e+06 7.947748376878696359e-05
7.591275738719213754e+06 7.929266792288179697e-05
7.921539947632909752e+06 7.908568481061378005e-05
8.266172551457234658e+06 7.896850411181302349e-05
8.625798658111047000e+06 7.881656993163212003e-05
9.001070571307353675e+06 7.872864789934418313e-05
9.392668973726961762e+06 7.861411634444566388e-05
9.801304161666996777e+06 7.847365582648236000e-05
1.022771733340373263e+07 7.838732380114894586e-05
1.067268193360666372e+07 7.831121919922749762e-05
1.113700505624227971e+07 7.818730424033206686e-05
1.162152890851223655e+07 7.805705400682166721e-05
1.212713233848131076e+07 7.793018968216044854e-05
1.265473242916593328e+07 7.777140282555277881e-05
1.320528616197475046e+07 7.763959973589054067e-05
1.377979215251847915e+07 7.751495719285658281e-05
1.437929246193742193e+07 7.737949790767913595e-05
1.500487448703214899e+07 7.724105028595489898e-05
1.565767293262583762e+07 7.709133547999697010e-05
1.633887186973565444e+07 7.693281580114598504e-05
1.704970688328647614e+07 7.677263296247997196e-05
1.779146731326251104e+07 7.660731265996933298e-05
1.856549859336193278e+07 7.643688880936178758e-05
1.937320469139645249e+07 7.625697618059406463e-05
2.021605065586232394e+07 7.607170600714700164e-05
2.109556527330185100e+07 7.588055432421466164e-05
