4.402668768255081886e+03 1.097760990925562667e-02
8.702291228692711229e+03 8.622630677958950315e-03
1.276695311178296288e+04 8.745802737011330874e-03
1.720090168377494410e+04 1.020386035484836459e-02
2.128263827136110922e+04 5.869386938563360585e-03
2.633296208052037036e+04 9.198290775480030476e-03
2.992156217165216731e+04 6.653430758811732307e-03
3.399920905420427152e+04 7.262388456825389846e-03
3.863254898524766031e+04 5.078602590105521508e-03
4.389731063208368869e+04 6.838406641167764713e-03
4.779996890100365999e+04 4.623944961267025672e-03
5.204959014657664375e+04 6.605064607874534463e-03
5.667702085826511757e+04 6.391981420312570043e-03
5.914279763961255958e+04 5.909173908971709736e-03
6.440084477124233672e+04 6.729876664806856354e-03
7.012635473421998904e+04 6.224478833632326666e-03
7.317725498701544711e+04 5.102416746577823244e-03
7.636088696938367502e+04 4.904162243989819772e-03
8.314969572923783562e+04 6.346070456321793382e-03
8.676718631008510420e+04 5.637297907142575781e-03
9.054205856247972406e+04 5.589914747916500948e-03
9.448115949541462760e+04 4.322329721322637659e-03
9.859163400220239419e+04 4.592930286255875183e-03
1.028809378201585205e+05 5.476137411776569285e-03
1.073568510541054857e+05 5.591359552391753605e-03
1.120274922882271931e+05 6.192263146290090219e-03
1.169013333118703304e+05 5.404293382763980351e-03
1.219872144860027474e+05 4.975699839086997027e-03
1.272943607782017789e+05 5.525860051476112061e-03
1.328323984952562314e+05 5.241107008903757997e-03
1.386113727437329653e+05 5.334637846896623722e-03
1.446417656501793244e+05 4.863297107333586396e-03
1.509345153740085370e+05 4.951845594110508043e-03
1.575010359475556761e+05 4.558515906629893519e-03
1.643532379792899883e+05 4.758750583718124143e-03
1.715035502577361767e+05 4.448757150484254630e-03
1.789649422952906752e+05 4.562052244831809808e-03
1.867509478528243199e+05 4.110785825832623253e-03
1.948756894877398154e+05 4.176436570867752759e-03
2.033539041700111702e+05 4.006864938570686187e-03
2.122009700126690441e+05 3.553531094217702614e-03
2.214329341652157309e+05 3.941118315343238032e-03
2.310665419205641374e+05 3.635834953861841190e-03
2.411192670882964740e+05 3.915081181722297743e-03
2.516093436893345497e+05 4.100829103073166601e-03
2.625557990295106429e+05 3.869571189184437682e-03
2.739784882120293914e+05 3.634117035604819516e-03
2.858981301514200750e+05 3.741037932392171726e-03
2.983363451543037081e+05 3.300093773485823171e-03
3.113156941351395799e+05 3.449171706559919087e-03
3.248597195380828343e+05 3.200647454427274930e-03
3.389929880391783081e+05 3.484912213075930763e-03
3.537411351063454640e+05 3.465480704208219898e-03
3.691309114979797741e+05 3.585030935769660445e-03
3.851902317845114740e+05 3.592428042607186817e-03
4.019482249809301575e+05 3.502554064902908305e-03
4.194352873821160174e+05 3.486402499942740409e-03
4.376831376968135592e+05 3.459828315461811483e-03
4.567248745802495978e+05 3.409184484706918698e-03
4.765950366697513964e+05 3.280000553594294901e-03
4.973296652322599548e+05 3.273244308163253402e-03
5.189663695373724331e+05 3.268621210084985632e-03
5.415443950744860340e+05 3.318860389970168436e-03
5.651046947377803735e+05 3.274415910763504248e-03
5.896900031081594061e+05 3.201840878798220894e-03
6.153449139668828575e+05 3.161963786659642214e-03
6.421159611814880045e+05 3.152199143193863944e-03
6.700517031107150251e+05 3.218647595925204843e-03
6.992028106815317878e+05 3.194740818003246902e-03
7.296221592980173882e+05 3.183455134129176915e-03
7.613649247488108231e+05 3.131374667431645678e-03
7.944886832870859653e+05 3.101971464821956341e-03
8.290535160645822762e+05 3.110967972502771527e-03
8.651221181091160979e+05 3.120989373536228219e-03
9.027599120432427153e+05 3.085085573472499086e-03
9.420351667503338540e+05 3.071437880915258919e-03
9.830191212033139309e+05 3.091933567091359816e-03
1.025786113680658164e+06 3.090330742003656508e-03
1.070413716604031390e+06 3.058878868739262503e-03
1.116982877242140938e+06 3.062508827381688146e-03
1.165578064536016202e+06 3.072570125452332278e-03
1.216287422312036389e+06 3.047454086984903009e-03
1.269202929160604253e+06 3.044260403604201731e-03
1.324420565270459978e+06 3.084577156263589547e-03
1.382040486521255923e+06 3.052787564104772391e-03
1.442167206150156213e+06 3.071364846429479496e-03
1.504909784321977990e+06 3.063181532649562801e-03
1.570382025946733309e+06 3.064029529558272465e-03
1.638702687103363918e+06 3.056168573593085955e-03
1.709995690444097621e+06 3.058427864230519461e-03
1.784390349970143754e+06 3.057415184136601325e-03
1.862021605586416787e+06 3.043097165325647519e-03
1.943030267860745313e+06 3.041434502409565317e-03
2.027563273431514390e+06 3.042267727990567976e-03
2.115773951527012512e+06 3.036063468285316209e-03
2.207822302079902031e+06 3.033923280109523685e-03
2.303875285941275768e+06 3.043472563162716738e-03
2.404107127720690332e+06 3.035609332257136177e-03
2.508699631801488344e+06 3.032408848612987064e-03
2.617842512104606722e+06 3.027509222350601315e-03
2.731733736199009698e+06 3.033902078774602506e-03
2.850579884382903576e+06 3.022015175004751867e-03
2.974596524387058336e+06 3.017497058538017377e-03
3.104008602379877120e+06 3.028626295815512251e-03
3.239050850983437616e+06 3.021608021995223197e-03
3.379968215040580835e+06 3.024386933080244148e-03
3.527016295905329287e+06 3.022853866589750305e-03
3.680461815062484704e+06 3.016872306676406362e-03
3.840583097917342559e+06 3.018865814042962729e-03
4.007670578633065801e+06 3.016091159736741020e-03
4.182027326931377407e+06 3.018350479917649397e-03
4.363969597812118940e+06 3.016081485114587273e-03
4.553827405188770033e+06 3.019765945475102499e-03
4.751945120480441488e+06 3.014267991401493613e-03
4.958682097246030346e+06 3.013708165360556336e-03
5.174413322993571870e+06 3.013608011559851686e-03
5.399530099347066134e+06 3.015329184412455545e-03
5.634440751804465428e+06 3.012802935975032476e-03
5.879571370374216698e+06 3.012717569503409968e-03
6.135366582433775067e+06 3.012326708232643604e-03
6.402290359211891890e+06 3.011617566200033326e-03
6.680826857357543893e+06 3.011496963133118189e-03
6.971481297121950425e+06 3.010019208372231424e-03
7.274780878746563569e+06 3.011129852966758398e-03
7.591275738719213754e+06 3.009717884640130108e-03
7.921539947632909752e+06 3.009107321157534608e-03
8.266172551457234658e+06 3.008407057573526944e-03
8.625798658111047000e+06 3.009105356537259551e-03
9.001070571307353675e+06 3.009135287330827555e-03
9.392668973726961762e+06 3.008737971847700015e-03
9.801304161666996777e+06 3.008686834204409976e-03
1.022771733340373263e+07 3.008738701709261394e-03
1.067268193360666372e+07 3.008474350227757516e-03
1.113700505624227971e+07 3.008366594134958411e-03
1.162152890851223469e+07 3.007611779172091309e-03
1.212713233848130889e+07 3.007243086551278019e-03
1.265473242916593328e+07 3.006606795100387215e-03
1.320528616197475232e+07 3.006291906225604885e-03
1.377979215251848102e+07 3.005766897572341532e-03
1.437929246193742193e+07 3.005420548595825851e-03
1.500487448703214899e+07 3.004916706404405728e-03
1.565767293262583762e+07 3.004458440724428955e-03
1.633887186973565444e+07 3.003970263985772382e-03
1.704970688328647614e+07 3.003406200741411472e-03
1.779146731326251104e+07 3.002903293162868890e-03
1.856549859336193278e+07 3.002321209467015851e-03
1.937320469139645621e+07 3.001724545307813113e-03
2.021605065586232394e+07 3.001119370477157641e-03
2.109556527330185100e+07 3.000482781642996050e-03
