4.402668768255081886e+03 1.735545774873195959e-02
8.702291228692711229e+03 1.318798183971200098e-02
1.276695311178296288e+04 1.128555905185044637e-02
1.720090168377494410e+04 1.170069843190417111e-02
2.128263827136110922e+04 7.979976736514174038e-03
2.633296208052037036e+04 8.964155336050851769e-03
2.992156217165216731e+04 8.391067518396255059e-03
3.399920905420427152e+04 8.402808906099255848e-03
3.863254898524766031e+04 7.354939812491747067e-03
4.389731063208368869e+04 7.793368309218971779e-03
4.779996890100365999e+04 6.984627320382052681e-03
5.204959014657664375e+04 6.289565707887545022e-03
5.667702085826511757e+04 7.733314313648758688e-03
5.914279763961255958e+04 7.521513859482119660e-03
6.440084477124233672e+04 7.302657447674158753e-03
7.012635473421998904e+04 7.654113901789763239e-03
7.317725498701544711e+04 6.622525017808243361e-03
7.636088696938367502e+04 6.817695498147020514e-03
8.314969572923783562e+04 6.722786501291409984e-03
8.676718631008510420e+04 7.470817657856203796e-03
9.054205856247972406e+04 6.016015697702528121e-03
9.448115949541462760e+04 5.470823557878656124e-03
9.859163400220239419e+04 5.741964480844996208e-03
1.028809378201585205e+05 5.273660773220071631e-03
1.073568510541054857e+05 6.182953349417372353e-03
1.120274922882271931e+05 5.734179320102629138e-03
1.169013333118703304e+05 5.646182706543449205e-03
1.219872144860027474e+05 5.932300847403898514e-03
1.272943607782017789e+05 5.895352567673121588e-03
1.328323984952562314e+05 6.253220001781999333e-03
1.386113727437329653e+05 6.089179234770944124e-03
1.446417656501793244e+05 5.590105944439810806e-03
1.509345153740085370e+05 5.645834379861504847e-03
1.575010359475556761e+05 4.791353137766764941e-03
1.643532379792899883e+05 4.686033029154489625e-03
1.715035502577361767e+05 4.752132624350854928e-03
1.789649422952906752e+05 4.837561256792462933e-03
1.867509478528243199e+05 4.860292272497407015e-03
1.948756894877398154e+05 4.485469583942107083e-03
2.033539041700111702e+05 4.268660169715663907e-03
2.122009700126690441e+05 4.292146442276039732e-03
2.214329341652157309e+05 4.117018744585808007e-03
2.310665419205641374e+05 3.955311256112615040e-03
2.411192670882964740e+05 3.636621682609116404e-03
2.516093436893345497e+05 3.727549995273732493e-03
2.625557990295106429e+05 3.764453114877278767e-03
2.739784882120293914e+05 3.922703953547299754e-03
2.858981301514200750e+05 3.720270844292756281e-03
2.983363451543037081e+05 3.678659295946641681e-03
3.113156941351395799e+05 3.599269063211235284e-03
3.248597195380828343e+05 3.564132573724841744e-03
3.389929880391783081e+05 3.539724388744715840e-03
3.537411351063454640e+05 3.443712812656691321e-03
3.691309114979797741e+05 3.469418853363832878e-03
3.851902317845114740e+05 3.367397843573404978e-03
4.019482249809301575e+05 3.314309257909316391e-03
4.194352873821160174e+05 3.441575977108019165e-03
4.376831376968135592e+05 3.382372939755951685e-03
4.567248745802495978e+05 3.499142439273403900e-03
4.765950366697513964e+05 3.427134425795892985e-03
4.973296652322599548e+05 3.367305527957255296e-03
5.189663695373724331e+05 3.303395400753472710e-03
5.415443950744860340e+05 3.348973984644808277e-03
5.651046947377803735e+05 3.374598510396835394e-03
5.896900031081594061e+05 3.392544181595118225e-03
6.153449139668828575e+05 3.307582475790869694e-03
6.421159611814880045e+05 3.337981030179061788e-03
6.700517031107150251e+05 3.354284226193972752e-03
6.992028106815317878e+05 3.293094182859088431e-03
7.296221592980173882e+05 3.279096778018638237e-03
7.613649247488108231e+05 3.285734669976177191e-03
7.944886832870859653e+05 3.285844947642209933e-03
8.290535160645822762e+05 3.235188438968799197e-03
8.651221181091160979e+05 3.257613407580505285e-03
9.027599120432427153e+05 3.244894550936916651e-03
9.420351667503338540e+05 3.206687617004135016e-03
9.830191212033139309e+05 3.243906940924938184e-03
1.025786113680658164e+06 3.261171328987089515e-03
1.070413716604031390e+06 3.253304798994036129e-03
1.116982877242140938e+06 3.256792075218745402e-03
1.165578064536016202e+06 3.263925207568857054e-03
1.216287422312036389e+06 3.246341093488049143e-03
1.269202929160604253e+06 3.231447352824415656e-03
1.324420565270459978e+06 3.231794708823932348e-03
1.382040486521255923e+06 3.218536849884183568e-03
1.442167206150156213e+06 3.225631226574024370e-03
1.504909784321977990e+06 3.218903160030052099e-03
1.570382025946733309e+06 3.219885817429771896e-03
1.638702687103363918e+06 3.218572103885366728e-03
1.709995690444097621e+06 3.222663451175432261e-03
1.784390349970143754e+06 3.204987873650051028e-03
1.862021605586416787e+06 3.210391846060307690e-03
1.943030267860745313e+06 3.221832490491395324e-03
2.027563273431514390e+06 3.217221286492202934e-03
2.115773951527012512e+06 3.214551549986759647e-03
2.207822302079902031e+06 3.205557858548912023e-03
2.303875285941275768e+06 3.198268059775287789e-03
2.404107127720690332e+06 3.194298964121602795e-03
2.508699631801488344e+06 3.198291572158259814e-03
2.617842512104606722e+06 3.201273404839147588e-03
2.731733736199009698e+06 3.201226219872843615e-03
2.850579884382903576e+06 3.199902904814656054e-03
2.974596524387058336e+06 3.196844985032192433e-03
3.104008602379877120e+06 3.192146307574676972e-03
3.239050850983437616e+06 3.189447961440891079e-03
3.379968215040580835e+06 3.186201267506537805e-03
3.527016295905329287e+06 3.184448504251292510e-03
3.680461815062484704e+06 3.183761702307346623e-03
3.840583097917342559e+06 3.184903178220649389e-03
4.007670578633065801e+06 3.185150547921518360e-03
4.182027326931377407e+06 3.183066528247506955e-03
4.363969597812118940e+06 3.185211984091401976e-03
4.553827405188770033e+06 3.180723146624925193e-03
4.751945120480441488e+06 3.182060638675367377e-03
4.958682097246030346e+06 3.182633951456315027e-03
5.174413322993571870e+06 3.183715794173355273e-03
5.399530099347066134e+06 3.181668641671657125e-03
5.634440751804465428e+06 3.182542717145725193e-03
5.879571370374216698e+06 3.182291917722639054e-03
6.135366582433775067e+06 3.181080403572884505e-03
6.402290359211891890e+06 3.180027863089323736e-03
6.680826857357543893e+06 3.178982454712656319e-03
6.971481297121950425e+06 3.178589712303193753e-03
7.274780878746563569e+06 3.178300830896883204e-03
7.591275738719213754e+06 3.177641769735429621e-03
7.921539947632909752e+06 3.177801720705536112e-03
8.266172551457234658e+06 3.177531157315415834e-03
8.625798658111047000e+06 3.177057933631126894e-03
9.001070571307353675e+06 3.177138826539981781e-03
9.392668973726961762e+06 3.176629098639595448e-03
9.801304161666996777e+06 3.176448204127369640e-03
1.022771733340373263e+07 3.176069292899342048e-03
1.067268193360666372e+07 3.175876038469029397e-03
1.113700505624227971e+07 3.176215044313568901e-03
1.162152890851223469e+07 3.176712919451258124e-03
1.212713233848130889e+07 3.176999016488905522e-03
1.265473242916593328e+07 3.177578483678762319e-03
1.320528616197475232e+07 3.178344969073906238e-03
1.377979215251848102e+07 3.179144293073394613e-03
1.437929246193742193e+07 3.179939541649708275e-03
1.500487448703214899e+07 3.180783808023930712e-03
1.565767293262583762e+07 3.181712329204752603e-03
1.633887186973565444e+07 3.182655003595929490e-03
1.704970688328647614e+07 3.183643165868394430e-03
1.779146731326251104e+07 3.184706295657078936e-03
1.856549859336193278e+07 3.185832927192484235e-03
1.937320469139645621e+07 3.186985832172158691e-03
2.021605065586232394e+07 3.188189334790296741e-03
2.109556527330185100e+07 3.189472647338435947e-03
