4.402668768255081886e+03 1.602048076968807383e-02
8.702291228692711229e+03 1.228240942914068760e-02
1.276695311178296288e+04 1.196713807418420955e-02
1.720090168377494410e+04 1.142692105778232541e-02
2.128263827136110922e+04 9.226599589504230411e-03
2.633296208052037036e+04 8.710699428295640839e-03
2.992156217165216731e+04 8.757831205282933656e-03
3.399920905420427152e+04 7.377321943542639905e-03
3.863254898524766031e+04 9.197063495357460025e-03
4.389731063208368869e+04 8.068885635023372027e-03
4.779996890100365999e+04 8.406625972565723304e-03
5.204959014657664375e+04 9.555997781519658119e-03
5.667702085826511757e+04 8.168008437044108408e-03
5.914279763961255958e+04 7.410590160281093838e-03
6.440084477124233672e+04 6.873791584666327260e-03
7.012635473421998904e+04 6.985248820791314581e-03
7.317725498701544711e+04 7.877761391500698665e-03
7.636088696938367502e+04 9.568097469060102625e-03
8.314969572923783562e+04 7.015194612317706725e-03
8.676718631008510420e+04 7.935587758706690378e-03
9.054205856247972406e+04 8.020535155726414914e-03
9.448115949541462760e+04 7.681135416470384614e-03
9.859163400220239419e+04 8.213030000597790550e-03
1.028809378201585205e+05 8.460427190637316228e-03
1.073568510541054857e+05 7.960278419022396093e-03
1.120274922882271931e+05 7.147644836104763422e-03
1.169013333118703304e+05 7.287284381754684064e-03
1.219872144860027474e+05 6.231784074357288317e-03
1.272943607782017789e+05 6.865623288964346760e-03
1.328323984952562314e+05 6.777953332597721689e-03
1.386113727437329653e+05 7.078696912992790517e-03
1.446417656501793244e+05 7.049762797830637709e-03
1.509345153740085370e+05 7.446290296193393103e-03
1.575010359475556761e+05 7.384362813243188287e-03
1.643532379792899883e+05 6.719516678622234826e-03
1.715035502577361767e+05 6.581455451379994957e-03
1.789649422952906752e+05 6.949602725780033331e-03
1.867509478528243199e+05 6.293868418451743080e-03
1.948756894877398154e+05 5.678689337752441252e-03
2.033539041700111702e+05 5.915842541994939530e-03
2.122009700126690441e+05 5.789244880621679558e-03
2.214329341652157309e+05 5.529729253857708013e-03
2.310665419205641374e+05 5.259113354648379396e-03
2.411192670882964740e+05 5.471264104107628756e-03
2.516093436893345497e+05 5.503749756280987976e-03
2.625557990295106429e+05 5.546342599637523775e-03
2.739784882120293914e+05 5.503881363363209711e-03
2.858981301514200750e+05 5.245576316867710948e-03
2.983363451543037081e+05 5.057384611084601161e-03
3.113156941351395799e+05 5.028123647974715345e-03
3.248597195380828343e+05 4.970065989668331734e-03
3.389929880391783081e+05 4.976368528580675001e-03
3.537411351063454640e+05 5.113772612836592173e-03
3.691309114979797741e+05 5.071396036492217818e-03
3.851902317845114740e+05 4.954620424438946520e-03
4.019482249809301575e+05 4.894480885689266383e-03
4.194352873821160174e+05 4.989790784823945440e-03
4.376831376968135592e+05 4.902766631123251992e-03
4.567248745802495978e+05 4.859728560918103422e-03
4.765950366697513964e+05 4.914934003836122535e-03
4.973296652322599548e+05 4.860229915853162171e-03
5.189663695373724331e+05 4.918632015815721167e-03
5.415443950744860340e+05 4.874707806905043475e-03
5.651046947377803735e+05 4.857997987001328941e-03
5.896900031081594061e+05 4.914502589848043952e-03
6.153449139668828575e+05 4.893924066320263534e-03
6.421159611814880045e+05 4.827603885810654617e-03
6.700517031107150251e+05 4.747838670957851663e-03
6.992028106815317878e+05 4.764667490245211821e-03
7.296221592980173882e+05 4.759374465001983343e-03
7.613649247488108231e+05 4.772465529304324369e-03
7.944886832870859653e+05 4.740343954865232183e-03
8.290535160645822762e+05 4.775181548097126583e-03
8.651221181091160979e+05 4.793540462896685173e-03
9.027599120432427153e+05 4.772552661243073535e-03
9.420351667503338540e+05 4.760636050773245365e-03
9.830191212033139309e+05 4.720127524314044615e-03
1.025786113680658164e+06 4.702692830628389491e-03
1.070413716604031390e+06 4.709119156283293924e-03
1.116982877242140938e+06 4.719855762657068805e-03
1.165578064536016202e+06 4.728445104276889598e-03
1.216287422312036389e+06 4.719025596501087196e-03
1.269202929160604253e+06 4.715985772915113651e-03
1.324420565270459978e+06 4.724076923669480975e-03
1.382040486521255923e+06 4.718599457668883231e-03
1.442167206150156213e+06 4.719053236905986978e-03
1.504909784321977990e+06 4.702548926294544511e-03
1.570382025946733309e+06 4.701298867024402382e-03
1.638702687103363918e+06 4.690784747754537902e-03
1.709995690444097621e+06 4.686736780229875006e-03
1.784390349970143754e+06 4.687291582386460785e-03
1.862021605586416787e+06 4.698296085768215689e-03
1.943030267860745313e+06 4.695042075568861030e-03
2.027563273431514390e+06 4.689527870540497086e-03
2.115773951527012512e+06 4.694861589140173971e-03
2.207822302079902031e+06 4.687893352715733625e-03
2.303875285941275768e+06 4.680216510296097109e-03
2.404107127720690332e+06 4.675044923308439848e-03
2.508699631801488344e+06 4.679968314663088616e-03
2.617842512104606722e+06 4.678352740342632890e-03
2.731733736199009698e+06 4.674593809919437397e-03
2.850579884382903576e+06 4.675075753853609635e-03
2.974596524387058336e+06 4.673633786187088475e-03
3.104008602379877120e+06 4.675572853521506311e-03
3.239050850983437616e+06 4.677954182609786460e-03
3.379968215040580835e+06 4.671437064662629923e-03
3.527016295905329287e+06 4.669731966318843401e-03
3.680461815062484704e+06 4.670813143447589098e-03
3.840583097917342559e+06 4.669065353979083045e-03
4.007670578633065801e+06 4.669392769556175368e-03
4.182027326931377407e+06 4.672559996334580551e-03
4.363969597812118940e+06 4.666564650206656527e-03
4.553827405188770033e+06 4.669792209535558042e-03
4.751945120480441488e+06 4.670850833176675050e-03
4.958682097246030346e+06 4.667414075012379059e-03
5.174413322993571870e+06 4.667004014316838284e-03
5.399530099347066134e+06 4.667674730630476387e-03
5.634440751804465428e+06 4.665355035899826884e-03
5.879571370374216698e+06 4.665018950385938293e-03
6.135366582433775067e+06 4.663682715108329047e-03
6.402290359211891890e+06 4.664064655755895648e-03
6.680826857357543893e+06 4.662912474461644412e-03
6.971481297121950425e+06 4.663227909471303646e-03
7.274780878746563569e+06 4.661451922594410206e-03
7.591275738719213754e+06 4.661373628921171124e-03
7.921539947632909752e+06 4.660631098389081753e-03
8.266172551457234658e+06 4.659909419604231842e-03
8.625798658111047000e+06 4.659760972276011208e-03
9.001070571307353675e+06 4.659924212268934385e-03
9.392668973726961762e+06 4.660280257870669414e-03
9.801304161666996777e+06 4.659922616535592914e-03
1.022771733340373263e+07 4.659652195378802784e-03
1.067268193360666372e+07 4.659621731437970163e-03
1.113700505624227971e+07 4.659850395212310897e-03
1.162152890851223469e+07 4.660314158745412251e-03
1.212713233848130889e+07 4.660800290366545577e-03
1.265473242916593328e+07 4.661308915871902048e-03
1.320528616197475232e+07 4.661784119755931280e-03
1.377979215251848102e+07 4.662302828521291617e-03
1.437929246193742193e+07 4.662922665902525729e-03
1.500487448703214899e+07 4.663574998883722456e-03
1.565767293262583762e+07 4.664234827480474507e-03
1.633887186973565444e+07 4.664890749460407458e-03
1.704970688328647614e+07 4.665562334725391336e-03
1.779146731326251104e+07 4.666266620734558883e-03
1.856549859336193278e+07 4.667002360525524321e-03
1.937320469139645621e+07 4.667787739183129267e-03
2.021605065586232394e+07 4.668616568024201892e-03
2.109556527330185100e+07 4.669466411386291073e-03
