1.842230206990918412e-02 6.386743392795324326e-03
2.762240569191672795e-02 6.294500082731246948e-03
3.742826534768099733e-02 6.186686921864748001e-03
4.583091204874288616e-02 6.074369419366121292e-03
5.611995318799211513e-02 5.966138094663619995e-03
6.532605018906281757e-02 5.866350140422582626e-03
7.604234485029938428e-02 5.776724778115749359e-03
8.414627599132266933e-02 5.696948617696762085e-03
9.311385356602366881e-02 5.625504069030284882e-03
1.030371174929830824e-01 5.560870748013257980e-03
1.140179165040669240e-01 5.500967614352703094e-03
1.199396565092502448e-01 5.444563459604978561e-03
1.327217809866377551e-01 5.390448030084371567e-03
1.396149422031007503e-01 5.337948910892009735e-03
1.468661130183117614e-01 5.286830011755228043e-03
1.544938873500352194e-01 5.237107165157794952e-03
1.709585009447166792e-01 5.188545677810907364e-03
1.798375598269615905e-01 5.141371395438909531e-03
1.891777697265511760e-01 5.095491651445627213e-03
1.990030814093963207e-01 5.051157902926206589e-03
2.093386895705464934e-01 4.986919928342103958e-03
2.202110974400442456e-01 4.924869164824485779e-03
2.316481847442094510e-01 4.884890280663967133e-03
2.436792791966234106e-01 4.845682531595230103e-03
2.563352317021351801e-01 4.788280464708805084e-03
2.696484954667323630e-01 4.732183180749416351e-03
2.836532092161358487e-01 4.677610937505960464e-03
2.983852847365116578e-01 4.624144639819860458e-03
3.138824989617793881e-01 4.571978002786636353e-03
3.301845908436509824e-01 4.503996111452579498e-03
3.473333632528028403e-01 4.437886178493499756e-03
3.653727901724801996e-01 4.373450763523578644e-03
3.843491294594083563e-01 4.310566466301679611e-03
4.043110414611592041e-01 4.249189049005508423e-03
4.253097137941382888e-01 4.189284518361091614e-03
4.473989926021577079e-01 4.116309806704521179e-03
4.706355206321748419e-01 4.045177251100540161e-03
4.950788824812612510e-01 3.976035863161087036e-03
5.207917573872515860e-01 3.895015455782413483e-03
5.478400799548701627e-01 3.815919393673539162e-03
5.762932092294772435e-01 3.738967003300786018e-03
6.062241065519865524e-01 3.664157353341579437e-03
6.377095226510199888e-01 3.579656826332211494e-03
6.708301944520537186e-01 3.497811267152428627e-03
7.056710521082267817e-01 3.418638836592435837e-03
7.423214367836916683e-01 3.330804407596588135e-03
7.808753297479640310e-01 3.235387150198221207e-03
8.214315933687281746e-01 3.143534995615482330e-03
8.640942246210678856e-01 3.055388806387782097e-03
9.089726217631862726e-01 2.961302874609827995e-03
9.561818648624442751e-01 2.870840951800346375e-03
1.005843010891057432e+00 2.783977193757891655e-03
1.058083404148157047e+00 2.692424692213535309e-03
1.113037002804217357e+00 2.597143175080418587e-03
1.170844722405197436e+00 2.498996676877140999e-03
1.231654797217231812e+00 2.405486768111586571e-03
1.295623160338452928e+00 2.316676080226898193e-03
1.362913843552652660e+00 2.219592221081256866e-03
1.433699397950114474e+00 2.121847588568925858e-03
1.508161336394197249e+00 2.029809867963194847e-03
1.586490598968274046e+00 1.942600123584270477e-03
1.668888042596553101e+00 1.849976135417819023e-03
1.755564956094297635e+00 1.758171711117029190e-03
1.846743601968173554e+00 1.672548940405249596e-03
1.942657786356038585e+00 1.584266196005046368e-03
2.043553458567651582e+00 1.498418045230209827e-03
2.149689341763685313e+00 1.415693550370633602e-03
2.261337596390264881e+00 1.335553824901580811e-03
2.378784518070259146e+00 1.258762553334236145e-03
2.502331271740897201e+00 1.185396569781005383e-03
2.632294663920237365e+00 1.112902420572936535e-03
2.769007955082780192e+00 1.041860668919980526e-03
2.912821714227376457e+00 9.750744211487472057e-04
3.064104717828758595e+00 9.119016467593610287e-04
3.223244895477856975e+00 8.507826714776456356e-04
3.390650324635765767e+00 7.925369427539408207e-04
3.566750277052166851e+00 7.375037530437111855e-04
3.751996319531508917e+00 6.853545201011002064e-04
3.946863471869604734e+00 6.364767905324697495e-04
4.151851424929886569e+00 5.904533318243920803e-04
4.367485821982806549e+00 5.476947990246117115e-04
4.594319606594052807e+00 5.076260422356426716e-04
4.832934440517943742e+00 4.703199374489486217e-04
5.083942195231847982e+00 4.354961565695703030e-04
5.347986520936308885e+00 4.026034148409962654e-04
5.625744497044213865e+00 3.720588283613324165e-04
5.917928368391295102e+00 3.434400423429906368e-04
6.225287371620071397e+00 3.170073905494064093e-04
6.548609656420548930e+00 2.922633429989218712e-04
6.888724306554259158e+00 2.694662543945014477e-04
7.246503465844070568e+00 2.481095725670456886e-04
7.622864574581377894e+00 2.288660325575619936e-04
8.018772722085397930e+00 2.116578107234090567e-04
8.435243121447166814e+00 1.950317237060517073e-04
8.873343712804135919e+00 1.794132404029369354e-04
9.334197901820822096e+00 1.650741323828697205e-04
9.818987440397759059e+00 1.517399359727278352e-04
1.032895545699558681e+01 1.394520659232512116e-04
1.086540964434486689e+01 1.281154109165072441e-04
1.142972561271573184e+01 1.178750244434922934e-04
1.202335041734608190e+01 1.081684022210538387e-04
1.264780626907352712e+01 9.887148189591243863e-05
1.330469443768612692e+01 9.193682490149512887e-05
1.399569935800121989e+01 8.642511966172605753e-05
1.472259294920131723e+01 8.018776134122163057e-05
1.548723915850304067e+01 7.413193088723346591e-05
1.629159874081024384e+01 6.882156594656407833e-05
1.713773428660763543e+01 6.341918196994811296e-05
1.802781551098771828e+01 5.884349229745566845e-05
1.896412481737354483e+01 5.517575846170075238e-05
1.994906315020411469e+01 5.111645805300213397e-05
2.098515615159024605e+01 4.706627078121528029e-05
2.207506063772824589e+01 4.306097252992913127e-05
2.322157141167858185e+01 3.831952562904916704e-05
2.442762842997932182e+01 3.545809158822521567e-05
2.569632434147145972e+01 3.366631790413521230e-05
2.703091241766762209e+01 3.114909122814424336e-05
2.843481489499976078e+01 2.793636849673930556e-05
2.991163175033754840e+01 2.570623109932057559e-05
3.146514993228018042e+01 2.280945955135393888e-05
3.309935307189313392e+01 2.072369170491583645e-05
3.481843169779072156e+01 1.912048719532322139e-05
3.662679398175856704e+01 1.705151225905865431e-05
3.852907704247078868e+01 1.582319418957922608e-05
4.053015883628738436e+01 1.465866171201923862e-05
4.263517066562310731e+01 1.360275928163900971e-05
4.484951033696265910e+01 1.233783768839202821e-05
4.717885600226255605e+01 1.051244453265098855e-05
4.962918071923294150e+01 9.034370123117696494e-06
5.220676776783570006e+01 8.397194505960214883e-06
5.491822676227434386e+01 7.675844244658946991e-06
5.777051059979113745e+01 6.604650025110458955e-06
6.077093328973256092e+01 6.138347089290618896e-06
6.392718870860174718e+01 5.433974820334697142e-06
6.724737032919053092e+01 4.960281785315601155e-06
7.073999197438206465e+01 4.790013917954638600e-06
7.441400964884203972e+01 3.598957619033171795e-06
7.827884450458091692e+01 3.312515900688595138e-06
8.234440699927679930e+01 2.972343509100028314e-06
8.662112230930722490e+01 1.960220743058016524e-06
9.111995706265582839e+01 2.565208433225052431e-06
9.585244746024407902e+01 1.921579951158491895e-06
1.008307288577980358e+02 1.296047457799431868e-06
1.060675668841069665e+02 3.520284508340409957e-07
1.115763901754680916e+02 2.406243879704561550e-07
1.173713248102580877e+02 -2.515775747724546818e-07
1.234672305319301557e+02 4.474350987493380671e-07
1.298797388533222659e+02 4.101757866692423704e-08
1.366252931399860415e+02 -7.901902421281192801e-08
1.437211907753203093e+02 9.930599844665266573e-07
1.511856275156324045e+02 7.308248086701496504e-07
1.590377441488646184e+02 3.037742146716482239e-07
1.672976755766314625e+02 3.883028512063901871e-07
1.759866024454273656e+02 3.727156752120208694e-07
1.851268054594002308e+02 3.721676478107838193e-07
1.947417225139634525e+02 2.462504369304951979e-07
2.048560087967522634e+02 -1.205727500064313062e-07
2.154956000100388280e+02 3.974162439135398017e-07
2.266877788767251616e+02 6.914688128745183349e-07
