4.403540007298322053e+03 1.126652382103022522e-02
8.522865743804779413e+03 1.005148610098743900e-02
1.303006547076204879e+04 9.117093742272918203e-03
1.729234526649331019e+04 8.415352407567876225e-03
2.189155687188862066e+04 7.766376059627384809e-03
2.521914152164711777e+04 7.152590479518682910e-03
3.045569391134540638e+04 6.677408873708621205e-03
3.508505399524486711e+04 6.220696829892253393e-03
3.855593588134813763e+04 5.774297416952425127e-03
4.237018395035411959e+04 5.412765423735561333e-03
4.656176661128097476e+04 5.058776913603867109e-03
5.116801268797135708e+04 4.732685258241186611e-03
5.622994385702858563e+04 4.454049893325267781e-03
5.894570956789412594e+04 4.195888476010355313e-03
6.477706999933137558e+04 3.957877188053030015e-03
6.790564053466430050e+04 3.734608577453466059e-03
7.462338586656418920e+04 3.525399587784539598e-03
7.822750884204490285e+04 3.325357187512091497e-03
8.200570194676922983e+04 3.150202728597198149e-03
8.596637233279633801e+04 2.981378650919701626e-03
9.011833319661162386e+04 2.842386476299012081e-03
9.447082339005732501e+04 2.703925522531169193e-03
9.903352797842207656e+04 2.573774053479903692e-03
1.038165997914349136e+05 2.438980803665595758e-03
1.088306820151181892e+05 2.324681536620228171e-03
1.140869318747707002e+05 2.171869421821890668e-03
1.195970454617796204e+05 2.029524406704574530e-03
1.253732837595053425e+05 1.952671341360843246e-03
1.314284999261513876e+05 1.829512173072850474e-03
1.377761678953293595e+05 1.723426673053954925e-03
1.444304123579587904e+05 1.625272848988268881e-03
1.514060401922180608e+05 1.503881653300930162e-03
1.587185734114836960e+05 1.415913780549848044e-03
1.663842837035727280e+05 1.342963632099108268e-03
1.744202286381436570e+05 1.250563934066333937e-03
1.828442896228248428e+05 1.172257763564029612e-03
1.916752116925287992e+05 1.102023125174762417e-03
2.009326452204905509e+05 1.039522137126376849e-03
2.106371896438460099e+05 9.627554127629006078e-04
2.208104393010453205e+05 8.936859776661357311e-04
2.314750314830983407e+05 8.356656755414256172e-04
2.426546968055768230e+05 7.816042005217804746e-04
2.543743120134568599e+05 7.323831581404330110e-04
2.666599553363039740e+05 6.824652373537890135e-04
2.795389645169749856e+05 6.382002850774473341e-04
2.930399976429609815e+05 5.973195982161370182e-04
3.071930969157324289e+05 5.557096987615750116e-04
3.220297554999838467e+05 5.179302601177202198e-04
3.375829876015302725e+05 4.851727631426509292e-04
3.538874019297904451e+05 4.502244354558840160e-04
3.709792787083248259e+05 4.199585101290854105e-04
3.888966504047894850e+05 3.948254095797279505e-04
4.076793863599454053e+05 3.685099151466908951e-04
4.273692815040373243e+05 3.442359042941426327e-04
4.480101493579514208e+05 3.234592088453931897e-04
4.696479195260962006e+05 3.030068877048720452e-04
4.923307398979483987e+05 2.830941320983072925e-04
5.161090837856741273e+05 2.660960491331428751e-04
5.410358622362307506e+05 2.506617841323921059e-04
5.671665417678643716e+05 2.350187197532223327e-04
5.945592677929829806e+05 2.210940054128768468e-04
6.232749940020475769e+05 2.083357134949890058e-04
6.533776179963822942e+05 1.961863551533951319e-04
6.849341234717087355e+05 1.850209489757183334e-04
7.180147292687877780e+05 1.744731984710031359e-04
7.526930456228397088e+05 1.646324778430241877e-04
7.890462379594170488e+05 1.559802466372917876e-04
8.271551986012092093e+05 1.480719161628872528e-04
8.671047267678569769e+05 1.399968044188773270e-04
9.089837172693080502e+05 1.327230034113168389e-04
9.528853583125894656e+05 1.261761122180743303e-04
9.989073388621528866e+05 1.200688082872674835e-04
1.047152066015205928e+06 1.140102881156071111e-04
1.097726892875729362e+06 1.086566579632420340e-04
1.150744357434237842e+06 1.038534097266273514e-04
1.206322432984838495e+06 9.909944489695520799e-05
1.264584790636804886e+06 9.424676274470546818e-05
1.325661074504805030e+06 9.016166356817818122e-05
1.389687190190128982e+06 8.622758349529156656e-05
1.456805607194839977e+06 8.260357300753104026e-05
1.527165675941767171e+06 7.920085078591742537e-05
1.600923960105784237e+06 7.595207682337926265e-05
1.678244584995844401e+06 7.293095069682671778e-05
1.759299602762999479e+06 7.014790628347170813e-05
1.844269375247060088e+06 6.757971038969140564e-05
1.933342975313787349e+06 6.499833594690935981e-05
2.026718607575667324e+06 6.266004908853369340e-05
2.124604049432447180e+06 6.047200282136618726e-05
2.227217113412831444e+06 5.836067740672371565e-05
2.334786131846122444e+06 5.643170456672393564e-05
2.447550464942280203e+06 5.461708179433026990e-05
2.565761033410997596e+06 5.285167445706859696e-05
2.689680876804931089e+06 5.120753354886243950e-05
2.819585738829520997e+06 4.961006078940343963e-05
2.955764680921808351e+06 4.818279089908727048e-05
3.098520725463576149e+06 4.681870128427090689e-05
3.248171530060076620e+06 4.551560864597664337e-05
3.405050094384738244e+06 4.429844801676289780e-05
3.569505501162703149e+06 4.314455459785945698e-05
3.741903692942012101e+06 4.207966904010938667e-05
3.922628286380905192e+06 4.103872430344134351e-05
4.112081425863155629e+06 4.003183164867958615e-05
4.310684678340893239e+06 3.909337089277052960e-05
4.518879971396100707e+06 3.823813196348852612e-05
4.737130576608127914e+06 3.749621293154501724e-05
4.965922140415411443e+06 3.681028377057171924e-05
5.205763764765218832e+06 3.621449874403659180e-05
5.457189139956100844e+06 3.570186736041038543e-05
5.720757732193782926e+06 3.526311242710173781e-05
5.997056028503021225e+06 3.486029966769161633e-05
6.286698841765630059e+06 3.451465433059726178e-05
6.590330678788556717e+06 3.421135296660738002e-05
6.908627174446216784e+06 3.393570566395030753e-05
7.242296595088358968e+06 3.369126857994691093e-05
7.592081414558726363e+06 3.347362778221519230e-05
7.958759966331481934e+06 3.326848967854193091e-05
8.343148175441727042e+06 3.307857703728866289e-05
8.746101374063910916e+06 3.291801418022855062e-05
9.168516204778138548e+06 3.277228606015669969e-05
9.611332615759486333e+06 3.265630261421682747e-05
1.007553595232997276e+07 3.255166768957511121e-05
1.056215914952726290e+07 3.246763186728425017e-05
1.107228503056895174e+07 3.239985416781736126e-05
1.160704871632694453e+07 3.235144362987563528e-05
1.216764015117340162e+07 3.231015112268272781e-05
1.275530675081873685e+07 3.227539305813284038e-05
1.337135617803359404e+07 3.224869814473988849e-05
1.401715925243121386e+07 3.222734967520591334e-05
1.469415300078504160e+07 3.221065937377306208e-05
1.540384385466905683e+07 3.220303004068848654e-05
1.614781100253611058e+07 3.219059943671391815e-05
1.692770990369325876e+07 3.218382060109786932e-05
1.774527597199340910e+07 3.217945525196073394e-05
1.860232843743995205e+07 3.217582445562574791e-05
1.950077439429723844e+07 3.217373063977320961e-05
2.044261304471478611e+07 3.216946497468531769e-05
2.142994014730783924e+07 3.216952363412886508e-05
2.246495268059327081e+07 3.216889102080192807e-05
2.354995373165773973e+07 3.216923822329654760e-05
2.468735762093641981e+07 3.216758444959711582e-05
2.587969527450558543e+07 3.216542672448935669e-05
2.712961985584353283e+07 3.216192726248956251e-05
2.843991266959153861e+07 3.213438556035572451e-05
2.981348935045167059e+07 3.210255914736253100e-05
3.125340635099288076e+07 3.206992468344796275e-05
3.276286774280194193e+07 3.203466324871801011e-05
3.434523234611292928e+07 3.199817605246387469e-05
3.600402120378002524e+07 3.195954381406960522e-05
3.774292541622450948e+07 3.191969337197697132e-05
3.956581435479007661e+07 3.187748242343408620e-05
4.147674427178271860e+07 3.183325172405066655e-05
4.347996732635400444e+07 3.178728159266488177e-05
4.557994104631191492e+07 3.173896543702532755e-05
4.778133824691354483e+07 3.168816523147836682e-05
5.008905742871059477e+07 3.163475659728789540e-05
5.250823367758503556e+07 3.157847570920632198e-05
