4.403540007298322053e+03 1.208262114852836494e-02
8.522865743804779413e+03 1.138599097198878494e-02
1.303006547076204879e+04 1.081641098229326955e-02
1.729234526649331019e+04 1.040064933368893205e-02
2.189155687188862066e+04 9.992877348436787072e-03
2.521914152164711777e+04 9.654694306580157218e-03
3.045569391134540638e+04 9.338713517122374658e-03
3.508505399524486711e+04 9.043407009282989142e-03
3.855593588134813763e+04 8.779313637564361075e-03
4.237018395035411959e+04 8.520079027665014224e-03
4.656176661128097476e+04 8.304346878481826122e-03
5.116801268797135708e+04 8.091677613567233723e-03
5.622994385702858563e+04 7.880449995472034105e-03
5.894570956789412594e+04 7.694939606895858687e-03
6.477706999933137558e+04 7.521272830162087364e-03
6.790564053466430050e+04 7.359758868441190587e-03
7.462338586656418920e+04 7.200170562024731102e-03
7.822750884204490285e+04 7.060466488462143614e-03
8.200570194676922983e+04 6.928214337366742429e-03
8.596637233279633801e+04 6.798755274924021125e-03
9.011833319661162386e+04 6.686199322980684173e-03
9.447082339005732501e+04 6.576374078680949191e-03
9.903352797842207656e+04 6.460805877624905928e-03
1.038165997914349136e+05 6.360890797583544469e-03
1.088306820151181892e+05 6.268061889037240646e-03
1.140869318747707002e+05 6.131745493950395420e-03
1.195970454617796204e+05 6.001976828809176684e-03
1.253732837595053425e+05 5.925838624226656588e-03
1.314284999261513876e+05 5.818708396015428476e-03
1.377761678953293595e+05 5.720544184928011422e-03
1.444304123579587904e+05 5.620876295681738119e-03
1.514060401922180608e+05 5.501578678590324581e-03
1.587185734114836960e+05 5.428922222286459293e-03
1.663842837035727280e+05 5.354326958686972220e-03
1.744202286381436570e+05 5.266323290649429709e-03
1.828442896228248428e+05 5.182294764748069174e-03
1.916752116925287992e+05 5.105079450953209017e-03
2.009326452204905509e+05 5.027186886459667284e-03
2.106371896438460099e+05 4.951009799907225666e-03
2.208104393010453205e+05 4.878290968267006041e-03
2.314750314830983407e+05 4.815852294494605591e-03
2.426546968055768230e+05 4.756844746266268922e-03
2.543743120134568599e+05 4.702786305342463585e-03
2.666599553363039740e+05 4.645853963404960978e-03
2.795389645169749856e+05 4.592228886431278488e-03
2.930399976429609815e+05 4.545019099072324965e-03
3.071930969157324289e+05 4.497372328676241086e-03
3.220297554999838467e+05 4.451631177536455319e-03
3.375829876015302725e+05 4.413018045754518552e-03
3.538874019297904451e+05 4.372867326017973802e-03
3.709792787083248259e+05 4.336592426712162357e-03
3.888966504047894850e+05 4.304062088819114382e-03
4.076793863599454053e+05 4.272012775967396619e-03
4.273692815040373243e+05 4.244334490237798921e-03
4.480101493579514208e+05 4.219330097297174960e-03
4.696479195260962006e+05 4.194664827976329717e-03
4.923307398979483987e+05 4.169747777488968729e-03
5.161090837856741273e+05 4.148642417316175668e-03
5.410358622362307506e+05 4.128632211315221533e-03
5.671665417678643716e+05 4.108323897642815643e-03
5.945592677929829806e+05 4.091728607031929268e-03
6.232749940020475769e+05 4.076257184805222138e-03
6.533776179963822942e+05 4.061124063131703148e-03
6.849341234717087355e+05 4.047591885720370000e-03
7.180147292687877780e+05 4.035099129590168782e-03
7.526930456228397088e+05 4.022871801518914520e-03
7.890462379594170488e+05 4.012131293479142408e-03
8.271551986012092093e+05 4.002647197230645680e-03
8.671047267678569769e+05 3.992679008661752585e-03
9.089837172693080502e+05 3.983961631866435316e-03
9.528853583125894656e+05 3.975682076828792808e-03
9.989073388621528866e+05 3.968315103181227488e-03
1.047152066015205928e+06 3.961542586320424691e-03
1.097726892875729362e+06 3.954592637062472049e-03
1.150744357434237842e+06 3.948659478101377261e-03
1.206322432984838495e+06 3.943758558474783245e-03
1.264584790636804886e+06 3.938366601017466266e-03
1.325661074504805030e+06 3.933506265090347918e-03
1.389687190190128982e+06 3.929109601471140328e-03
1.456805607194839977e+06 3.925143506347325041e-03
1.527165675941767171e+06 3.921267262401105166e-03
1.600923960105784237e+06 3.917594169545452268e-03
1.678244584995844401e+06 3.914345599247512353e-03
1.759299602762999479e+06 3.911271124274450124e-03
1.844269375247060088e+06 3.908020906429858152e-03
1.933342975313787349e+06 3.904903882012240087e-03
2.026718607575667324e+06 3.902421933135361183e-03
2.124604049432447180e+06 3.900016078955529254e-03
2.227217113412831444e+06 3.897659619304571100e-03
2.334786131846122444e+06 3.895732999983643908e-03
2.447550464942280203e+06 3.893759037291067478e-03
2.565761033410997596e+06 3.891714998385861941e-03
2.689680876804931089e+06 3.889960496729397230e-03
2.819585738829520997e+06 3.888364029327848366e-03
2.955764680921808351e+06 3.886806284042121883e-03
3.098520725463576149e+06 3.885467595093631578e-03
3.248171530060076620e+06 3.884020644827162767e-03
3.405050094384738244e+06 3.882646384945091008e-03
3.569505501162703149e+06 3.881402186619866638e-03
3.741903692942012101e+06 3.880219457130549849e-03
3.922628286380905192e+06 3.879083542550310418e-03
4.112081425863155629e+06 3.878044696935669961e-03
4.310684678340893239e+06 3.877093894165182294e-03
4.518879971396100707e+06 3.876170676959989764e-03
4.737130576608127914e+06 3.875302426888107069e-03
4.965922140415411443e+06 3.874514875441652240e-03
5.205763764765218832e+06 3.873760564059251527e-03
5.457189139956100844e+06 3.873068752297308126e-03
5.720757732193782926e+06 3.872460380803968098e-03
5.997056028503021225e+06 3.871862094368184494e-03
6.286698841765630059e+06 3.871308873907419040e-03
6.590330678788556717e+06 3.870762208429116228e-03
6.908627174446216784e+06 3.870249159275060673e-03
7.242296595088358968e+06 3.869765602548226428e-03
7.592081414558726363e+06 3.869344762694308573e-03
7.958759966331481934e+06 3.868931450235229674e-03
8.343148175441727042e+06 3.868536739207520392e-03
8.746101374063910916e+06 3.868170415956577544e-03
9.168516204778138548e+06 3.867861544033421826e-03
9.611332615759486333e+06 3.867593601564491695e-03
1.007553595232997276e+07 3.867359022365406303e-03
1.056215914952726290e+07 3.867159170444910577e-03
1.107228503056895174e+07 3.867002448237837498e-03
1.160704871632694453e+07 3.866883228093470105e-03
1.216764015117340162e+07 3.866778758956477494e-03
1.275530675081873685e+07 3.866695692510845831e-03
1.337135617803359404e+07 3.866637659143825050e-03
1.401715925243121386e+07 3.866589808609022325e-03
1.469415300078504160e+07 3.866552078246929432e-03
1.540384385466905683e+07 3.866526331462169248e-03
1.614781100253611058e+07 3.866502273660281461e-03
1.692770990369325876e+07 3.866484435685524444e-03
1.774527597199340910e+07 3.866472918223386786e-03
1.860232843743995205e+07 3.866464819053956180e-03
1.950077439429723844e+07 3.866457057379273868e-03
2.044261304471478611e+07 3.866452075275906859e-03
2.142994014730783924e+07 3.866450175626942251e-03
2.246495268059327081e+07 3.866448287692622957e-03
2.354995373165773973e+07 3.866447356150127038e-03
2.468735762093641981e+07 3.866444114965291758e-03
2.587969527450558543e+07 3.866444612870949867e-03
2.712961985584353283e+07 3.866439938781236069e-03
2.843991266959153861e+07 3.866424805721513629e-03
2.981348935045167059e+07 3.866410103417003939e-03
3.125340635099288076e+07 3.866391770370018483e-03
3.276286774280194193e+07 3.866373025955566894e-03
3.434523234611292928e+07 3.866354480287363064e-03
3.600402120378002524e+07 3.866334294442174985e-03
3.774292541622450948e+07 3.866312906560805378e-03
3.956581435479007661e+07 3.866289729294885950e-03
4.147674427178271860e+07 3.866267884475394455e-03
4.347996732635400444e+07 3.866244662979022827e-03
4.557994104631191492e+07 3.866218522282816646e-03
4.778133824691354483e+07 3.866193024646329222e-03
5.008905742871059477e+07 3.866165166938290414e-03
5.250823367758503556e+07 3.866137721509658402e-03
