4.373462052840339311e+04 3.085185428215398741e-03
8.663872712536182371e+04 2.810398444942215860e-03
1.297612777633432561e+05 2.605308756547989376e-03
1.716321977237225219e+05 2.431186737786234561e-03
2.133352955044680566e+05 2.289650472924830218e-03
2.570584081843180466e+05 2.168734914624808902e-03
3.002659346223522443e+05 2.077790265417270993e-03
3.400051255699007888e+05 1.986592468042890167e-03
3.850036653648362262e+05 1.908525203699836404e-03
4.359576112151433481e+05 1.840633642637850642e-03
4.785516459628607845e+05 1.781713687364193431e-03
5.092353154750021058e+05 1.719771552121016371e-03
5.589887460015378892e+05 1.673349198154600341e-03
5.948298638579135295e+05 1.637130442570855059e-03
6.529460734121510759e+05 1.593960166692527354e-03
6.948115265870495932e+05 1.567891093149320582e-03
7.393612997095065657e+05 1.530881009735274431e-03
7.867675054173729150e+05 1.504358206972786910e-03
8.115985541599227581e+05 1.479276667681507377e-03
8.636364523104346590e+05 1.455183071691843952e-03
8.908935501131536439e+05 1.434057239661530071e-03
9.480156674285578774e+05 1.413091963564787421e-03
9.779358447166775586e+05 1.396539567624881153e-03
1.040638920793218771e+06 1.380098847259398232e-03
1.073482366395235760e+06 1.367532836671341229e-03
1.107362378953821491e+06 1.354346908042317532e-03
1.178363997175473720e+06 1.339267337069493082e-03
1.215554162820160389e+06 1.330479227956458477e-03
1.253918081586967921e+06 1.319258862400068044e-03
1.293492798118420411e+06 1.310643804771274585e-03
1.334316526217329316e+06 1.302796713643704406e-03
1.376428685746485135e+06 1.295117651827010913e-03
1.419869940692928853e+06 1.287597844771741192e-03
1.464682238433571998e+06 1.280621715308580396e-03
1.510908850240064086e+06 1.274869107311245049e-03
1.558594413062029285e+06 1.267553098163325164e-03
1.607784972629023949e+06 1.261380139651024782e-03
1.658528027912821388e+06 1.253089271695440867e-03
1.710872576992971590e+06 1.245548822651063557e-03
1.764869164369909326e+06 1.240052682133090198e-03
1.820569929771302501e+06 1.235461673119489815e-03
1.878028658498780802e+06 1.229278942285332975e-03
1.937300833363639424e+06 1.224238081395492448e-03
1.998443688261687290e+06 1.220355519238141857e-03
2.061516263438953087e+06 1.216138120402361330e-03
2.126579462501624133e+06 1.211711124895333957e-03
2.193696111225278117e+06 1.207741992560691213e-03
2.262931018220170401e+06 1.203932815696967225e-03
2.334351037511183880e+06 1.199796059032772963e-03
2.408025133092841599e+06 1.196398642888523442e-03
2.484024445521731861e+06 1.193985067089990953e-03
2.562422360610655509e+06 1.190608478229268803e-03
2.643294580290809739e+06 1.187090678563321004e-03
2.726719195710453670e+06 1.183942891059515997e-03
2.812776762640615925e+06 1.180989894942437776e-03
2.901550379260673188e+06 1.178345179358584105e-03
2.993125766398916487e+06 1.175776701587361462e-03
3.087591350305567030e+06 1.174056815193467128e-03
3.185038348038192838e+06 1.171054036963952881e-03
3.285560855541945901e+06 1.169429441508996071e-03
3.389255938509685453e+06 1.167344922040915688e-03
3.496223726109740324e+06 1.165513124129140309e-03
3.606567507671781816e+06 1.163502157559265617e-03
3.720393832424205262e+06 1.161634332207268569e-03
3.837812612379281782e+06 1.159941151478228669e-03
3.958937228465463966e+06 1.158151739417219569e-03
4.083884640009324998e+06 1.156754319087714873e-03
4.212775497672826983e+06 1.155217756655848270e-03
4.345734259955008514e+06 1.154015496968963800e-03
4.482889313370523974e+06 1.152734275495673026e-03
4.624373096421152353e+06 1.151478247137202897e-03
4.770322227479958907e+06 1.150300534487421486e-03
4.920877636711535975e+06 1.149154822602198485e-03
5.076184702155839652e+06 1.148148980057105010e-03
5.236393390106864274e+06 1.147235962981108621e-03
5.401658399921838194e+06 1.146137858725598639e-03
5.572139313400730491e+06 1.145068536953107582e-03
5.748000748880233616e+06 1.144199011118694331e-03
5.929412520191177726e+06 1.143491761361260448e-03
6.116549800632681698e+06 1.142655133819401323e-03
6.309593292121526785e+06 1.141802224575737268e-03
6.508729399680037051e+06 1.141189578698627348e-03
6.714150411430871114e+06 1.140430194327238548e-03
6.926054684272703715e+06 1.139757786237020941e-03
7.144646835415889509e+06 1.139089376042973266e-03
7.370137939963219687e+06 1.138583062024828719e-03
7.602745734726500697e+06 1.137963464590985340e-03
7.842694828475678340e+06 1.137392805041148635e-03
8.090216918823721819e+06 1.136839974951432035e-03
8.345551015956449322e+06 1.136305744930756617e-03
8.608943673423551023e+06 1.135884371160014381e-03
8.880649226213565096e+06 1.135391120710332923e-03
9.160930036342609674e+06 1.134962526298742645e-03
9.450056746194254607e+06 1.134534916141959364e-03
9.748308539854859933e+06 1.134171203496058119e-03
1.005597341269697435e+07 1.133790128454150933e-03
1.037334844947102293e+07 1.133456330012941370e-03
1.070074011117369495e+07 1.133113920043403704e-03
1.103846453097030893e+07 1.132825388114004541e-03
1.138684781945656426e+07 1.132545383550232800e-03
1.174622637955472060e+07 1.132277676641393633e-03
1.211694723134818673e+07 1.132075595535692990e-03
1.249936834716802277e+07 1.131886177757789741e-03
1.289385899725526199e+07 1.131696220924105793e-03
1.330080010633241385e+07 1.131510515453687396e-03
1.372058462142882124e+07 1.131342464024053581e-03
1.415361789131487533e+07 1.131220020573113581e-03
1.460031805791137554e+07 1.131102161635990765e-03
1.506111646005230211e+07 1.131001967663640157e-03
1.553645804999046959e+07 1.130931046781916615e-03
1.602680182304859161e+07 1.130873482230002579e-03
1.653262126083051972e+07 1.130821518530842132e-03
1.705440478842042387e+07 1.130778600330559387e-03
1.759265624601181597e+07 1.130759947847249534e-03
1.814789537542133778e+07 1.130751413784372369e-03
1.872065832195750624e+07 1.130751872788560109e-03
1.931149815212887153e+07 1.130763363874223845e-03
1.992098538769127056e+07 1.130787595824168934e-03
2.054970855655037612e+07 1.130823166079852112e-03
2.119827476105090603e+07 1.130873837205452872e-03
