4.402668768255080977e+03 1.135199095194703439e-02
8.702291228692711229e+03 1.020637085121981272e-02
1.276695311178296106e+04 9.267529257999574874e-03
1.720090168377494410e+04 8.556407798570499906e-03
2.128263827136110558e+04 7.854150938577388399e-03
2.633296208052036673e+04 7.261738696343652232e-03
2.992156217165216367e+04 6.740544898442332039e-03
3.399920905420426425e+04 6.291474072873886637e-03
3.863254898524766031e+04 5.815304083256762034e-03
4.389731063208368141e+04 5.455124113295702244e-03
4.779996890100366727e+04 5.100889724771982825e-03
5.204959014657664375e+04 4.785992469871258419e-03
5.667702085826511029e+04 4.499451597011298702e-03
5.914279763961255958e+04 4.250086362578417952e-03
6.440084477124233672e+04 4.004739900659948747e-03
7.012635473421998904e+04 3.772327386793200999e-03
7.317725498701544711e+04 3.567469518664376834e-03
7.636088696938366047e+04 3.371670358904161387e-03
8.314969572923782107e+04 3.196703020955475594e-03
8.676718631008510420e+04 3.029847848399700328e-03
9.054205856247972406e+04 2.885602846318625556e-03
9.448115949541462760e+04 2.739104168099618444e-03
9.859163400220239419e+04 2.609629235604876349e-03
1.028809378201585205e+05 2.483871124309851384e-03
1.073568510541054857e+05 2.369373439395440744e-03
1.120274922882271785e+05 2.268257963046480755e-03
1.169013333118703304e+05 2.169307028814684672e-03
1.219872144860027474e+05 2.076322586684776084e-03
1.272943607782017789e+05 1.956469404610501530e-03
1.328323984952562314e+05 1.839530391647494845e-03
1.386113727437329653e+05 1.763013572497511977e-03
1.446417656501793244e+05 1.675593049065541521e-03
1.509345153740085370e+05 1.576550574460720442e-03
1.575010359475556761e+05 1.488967051539982463e-03
1.643532379792899883e+05 1.417804360486668016e-03
1.715035502577361767e+05 1.347717970260681707e-03
1.789649422952906461e+05 1.260955576524899237e-03
1.867509478528242907e+05 1.185704438304539896e-03
1.948756894877398154e+05 1.117458591475561230e-03
2.033539041700111702e+05 1.056497701792430584e-03
2.122009700126690441e+05 9.979505842895408478e-04
2.214329341652157309e+05 9.429180180483600618e-04
2.310665419205641083e+05 8.933391530651839472e-04
2.411192670882964449e+05 8.412247533288976431e-04
2.516093436893345497e+05 7.909475051052076208e-04
2.625557990295107011e+05 7.453535638300675184e-04
2.739784882120293914e+05 7.081417172353465491e-04
2.858981301514200168e+05 6.750183151552043362e-04
2.983363451543037081e+05 6.355988539437787757e-04
3.113156941351395799e+05 5.973100974188470629e-04
3.248597195380828343e+05 5.671905116075027500e-04
3.389929880391783081e+05 5.344791817554307234e-04
3.537411351063454640e+05 5.037790408550947953e-04
3.691309114979797741e+05 4.770858997177582260e-04
3.851902317845114740e+05 4.496727155361836628e-04
4.019482249809301575e+05 4.273625444764038829e-04
4.194352873821160174e+05 4.052672232897292165e-04
4.376831376968135592e+05 3.843373611704328113e-04
4.567248745802495396e+05 3.638980868868436176e-04
4.765950366697513382e+05 3.474825856117665763e-04
4.973296652322599548e+05 3.310220746323924322e-04
5.189663695373723749e+05 3.139410888854449384e-04
5.415443950744859176e+05 2.986735916034051041e-04
5.651046947377803735e+05 2.865882745615912913e-04
5.896900031081594061e+05 2.739678210919096481e-04
6.153449139668828575e+05 2.616347699912509989e-04
6.421159611814880045e+05 2.501833112112920475e-04
6.700517031107150251e+05 2.399100331767872166e-04
6.992028106815317878e+05 2.303333257948346512e-04
7.296221592980173882e+05 2.207133255376909464e-04
7.613649247488108231e+05 2.121725766885671806e-04
7.944886832870859653e+05 2.042518651246116716e-04
8.290535160645822762e+05 1.970833585410614475e-04
8.651221181091159815e+05 1.892406035922360316e-04
9.027599120432425989e+05 1.828733885947500830e-04
9.420351667503338540e+05 1.766903816344669116e-04
9.830191212033140473e+05 1.708973149862667113e-04
1.025786113680658164e+06 1.652177422083609879e-04
1.070413716604031390e+06 1.598070169485365513e-04
1.116982877242140938e+06 1.552534311943070116e-04
1.165578064536016202e+06 1.507957687963334883e-04
1.216287422312036389e+06 1.463204406022482575e-04
1.269202929160604253e+06 1.423931443685765724e-04
1.324420565270459978e+06 1.387256818106623150e-04
1.382040486521255691e+06 1.350593130218521543e-04
1.442167206150155980e+06 1.316802613491527545e-04
1.504909784321977990e+06 1.287479612171617662e-04
1.570382025946733309e+06 1.255917531808230865e-04
1.638702687103363918e+06 1.227955947814462416e-04
1.709995690444097621e+06 1.201579447445115122e-04
1.784390349970143754e+06 1.177289177282386128e-04
1.862021605586416787e+06 1.154036236577967443e-04
1.943030267860745313e+06 1.130421166630979167e-04
2.027563273431514623e+06 1.109366000605196750e-04
2.115773951527012512e+06 1.088643090283257899e-04
2.207822302079902031e+06 1.069175776544647143e-04
2.303875285941275768e+06 1.052486968359707951e-04
2.404107127720690332e+06 1.035730825299160127e-04
2.508699631801488344e+06 1.019295320574728335e-04
2.617842512104606722e+06 1.004423486010888844e-04
2.731733736199009698e+06 9.889350952346290789e-05
2.850579884382903110e+06 9.756471847589312226e-05
2.974596524387058336e+06 9.628938056836928419e-05
3.104008602379877120e+06 9.505802199349756908e-05
3.239050850983437151e+06 9.386444852548709065e-05
3.379968215040580370e+06 9.276100907241156563e-05
3.527016295905329287e+06 9.169306788720809373e-05
3.680461815062484704e+06 9.068412043112590191e-05
3.840583097917342093e+06 8.970946485525038022e-05
4.007670578633065801e+06 8.881080929911445716e-05
4.182027326931377407e+06 8.793559440877749293e-05
4.363969597812118940e+06 8.711205366961149532e-05
4.553827405188770033e+06 8.640242524882643118e-05
4.751945120480441488e+06 8.574585294711735450e-05
4.958682097246030346e+06 8.513932166610374574e-05
5.174413322993571870e+06 8.460150187216432238e-05
5.399530099347066134e+06 8.410336808686122055e-05
5.634440751804464497e+06 8.368523144635948291e-05
5.879571370374217629e+06 8.331130207500295334e-05
6.135366582433775999e+06 8.297259659216503784e-05
6.402290359211891890e+06 8.268340197380963353e-05
6.680826857357543893e+06 8.241674301682790614e-05
6.971481297121950425e+06 8.217513136658657284e-05
7.274780878746563569e+06 8.194480982781900754e-05
7.591275738719213754e+06 8.175030074528747391e-05
7.921539947632909752e+06 8.156789808444844282e-05
8.266172551457234658e+06 8.140132127430052740e-05
8.625798658111047000e+06 8.124491642230861389e-05
9.001070571307353675e+06 8.111365935642517937e-05
9.392668973726961762e+06 8.100177320355231075e-05
9.801304161666996777e+06 8.090402140096723078e-05
1.022771733340373263e+07 8.082356783803297778e-05
1.067268193360666372e+07 8.075240410316641797e-05
1.113700505624227971e+07 8.070268311194060391e-05
1.162152890851223655e+07 8.066142101477065949e-05
1.212713233848131076e+07 8.062961827663830483e-05
1.265473242916593328e+07 8.060636885718288247e-05
1.320528616197475046e+07 8.058815869543065199e-05
1.377979215251847915e+07 8.057477424542140167e-05
1.437929246193742193e+07 8.056569443622934419e-05
1.500487448703214899e+07 8.056019769984160616e-05
1.565767293262583762e+07 8.055704899915578808e-05
1.633887186973565444e+07 8.055614878090065073e-05
1.704970688328647614e+07 8.055666599329734125e-05
1.779146731326251104e+07 8.056026255886804027e-05
1.856549859336193278e+07 8.056443198495445007e-05
1.937320469139645249e+07 8.057059626240462686e-05
2.021605065586232394e+07 8.057782864099938887e-05
2.109556527330185100e+07 8.058608820293959856e-05
