2.374039742091349145e-02 6.357254507020115679e-03
4.736832031633308321e-02 6.090116919949650764e-03
6.846805405866014660e-02 5.837071919813752174e-03
9.451222445055411370e-02 5.643122456967830311e-03
1.136286860934795223e-01 5.490935640409588814e-03
1.366117280424966329e-01 5.357554135844111616e-03
1.642434219771199688e-01 5.233465600758791317e-03
1.885766797500710024e-01 5.117584811523556362e-03
2.067702176470289366e-01 5.009940778836608107e-03
2.374039742091349214e-01 4.909267695620655840e-03
2.603082813980555077e-01 4.813778167590499098e-03
2.725762327459708700e-01 4.722369229421019207e-03
2.988738959928071148e-01 4.634448280557990248e-03
3.277087103524789491e-01 4.549702443182468241e-03
3.431531460550240054e-01 4.467831738293170755e-03
3.762599425872716896e-01 4.388471134006977081e-03
3.939925273711246678e-01 4.311469290405512203e-03
4.125608231290300298e-01 4.236611630767583500e-03
4.320042157057852328e-01 4.163776198402047504e-03
4.736832031633308460e-01 4.092787764966488231e-03
4.960072047645178728e-01 4.023531638085842306e-03
5.193833041478548296e-01 3.955950774252414530e-03
5.438610851542219349e-01 3.889982006512582302e-03
5.694924684389270908e-01 3.794146468862891197e-03
5.963318216023762997e-01 3.701204364188015287e-03
6.244360745110443256e-01 3.641083138063549995e-03
6.538648400533531024e-01 3.582298196852207097e-03
6.846805405866013272e-01 3.496737661771476356e-03
7.169485403431529180e-01 3.413644479587674228e-03
7.507372840767374544e-01 3.333372110500931566e-03
7.861184422429497998e-01 3.255308489315211773e-03
8.231670630218950180e-01 3.179954830557107925e-03
8.619617315054403095e-01 3.082837746478617365e-03
9.025847363867310902e-01 3.012419072911143390e-03
9.451222445055416088e-01 2.944318111985921860e-03
9.896644836196951678e-01 2.856439026072621172e-03
1.036305933790234501e+00 2.771920734085142699e-03
1.085145527786299802e+00 2.690560068003833294e-03
1.136286860934794696e+00 2.593370596878230658e-03
1.189838410859966222e+00 2.500466513447463599e-03
1.245913767578986198e+00 2.429318730719387531e-03
1.304631874441609662e+00 2.344205603003501979e-03
1.366117280424966163e+00 2.247010986320674246e-03
1.430500404318638674e+00 2.155069005675613967e-03
1.497917811360400808e+00 2.068035444244742307e-03
1.568512502909397810e+00 1.985603431239724333e-03
1.642434219771200077e+00 1.907462382223457055e-03
1.719839759818128755e+00 1.833321095909923402e-03
1.800893310578565165e+00 1.751751976553350730e-03
1.885766797500710190e+00 1.664115581661462784e-03
1.974640248629512929e+00 1.582113769836723891e-03
2.067702176470289199e+00 1.505421334877610293e-03
2.165149977849019081e+00 1.433685759548097892e-03
2.267190352617480364e+00 1.366550754755735354e-03
2.374039742091349048e+00 1.296191371511667923e-03
2.485924788151246734e+00 1.223813241813331756e-03
2.603082813980555077e+00 1.156912115402519746e-03
2.725762327459708700e+00 1.089140388648956927e-03
2.854223548284725354e+00 1.026617211755365047e-03
2.988738959928070926e+00 9.692012914456427314e-04
3.129593887612636571e+00 9.072583343368023634e-04
3.277087103524790379e+00 8.505183737725019672e-04
3.431531460550241608e+00 7.989659730810672262e-04
3.593254555876957745e+00 7.482725253794342063e-04
3.762599425872718673e+00 7.021202531177550337e-04
3.939925273711248010e+00 6.570272264070809321e-04
4.125608231290302186e+00 6.133699091151357131e-04
4.320042157057854659e+00 5.718442145735025840e-04
4.523639471438666959e+00 5.321054661180824475e-04
4.736832031633308127e+00 4.964085062965750261e-04
4.960072047645175175e+00 4.627402900950983384e-04
5.193833041478544743e+00 4.298299085348844311e-04
5.438610851542216906e+00 4.004447691841050982e-04
5.694924684389268243e+00 3.727635456016287316e-04
5.963318216023761664e+00 3.455949597992003072e-04
6.244360745110442146e+00 3.212379961041733623e-04
6.538648400533531024e+00 2.985233440995216370e-04
6.846805405866013494e+00 2.778836467768997062e-04
7.169485403431528958e+00 2.584133733762428273e-04
7.507372840767374989e+00 2.397911361185833866e-04
7.861184422429498220e+00 2.231779202702455277e-04
8.231670630218948403e+00 2.074825140880420912e-04
8.619617315054401985e+00 1.924601834616623765e-04
9.025847363867310236e+00 1.788177760317921638e-04
9.451222445055416088e+00 1.664541239733807851e-04
9.896644836196950124e+00 1.549244494526646977e-04
1.036305933790234590e+01 1.440703417756594718e-04
1.085145527786299979e+01 1.336368659394793212e-04
1.136286860934795584e+01 1.241003177710808868e-04
1.189838410859966977e+01 1.155684549303259701e-04
1.245913767578986686e+01 1.072029263013973832e-04
1.304631874441610329e+01 9.887798951240256700e-05
1.366117280424967007e+01 9.164814473479054597e-05
1.430500404318639163e+01 8.542419091099873456e-05
1.497917811360400897e+01 7.971895684022456408e-05
1.568512502909397099e+01 7.373121989076025242e-05
1.642434219771199366e+01 6.762368575436994162e-05
1.719839759818128044e+01 6.161302844702732089e-05
1.800893310578564055e+01 5.629936604236718403e-05
1.885766797500709657e+01 5.171402008272707327e-05
1.974640248629512840e+01 4.775789893756155196e-05
2.067702176470289288e+01 4.365136774140409990e-05
2.165149977849018725e+01 3.958939050789922747e-05
2.267190352617480542e+01 3.538372038747183979e-05
2.374039742091349581e+01 3.172614287905162200e-05
2.485924788151246645e+01 2.824700441124150597e-05
2.603082813980554988e+01 2.525679010432213409e-05
2.725762327459708345e+01 2.280014141433639587e-05
2.854223548284724998e+01 2.029457482422003523e-05
2.988738959928070926e+01 1.774446700437692993e-05
3.129593887612636749e+01 1.580012303747935221e-05
3.277087103524790734e+01 1.368856819681241211e-05
3.431531460550241519e+01 1.209692636621184579e-05
3.593254555876957568e+01 1.062840165104716948e-05
3.762599425872718228e+01 9.548469597575603645e-06
3.939925273711248366e+01 8.699267800693632696e-06
4.125608231290302541e+01 7.562576229247497395e-06
4.320042157057854126e+01 6.517542715300805867e-06
4.523639471438667670e+01 5.113014617563749537e-06
4.736832031633310436e+01 3.980757037425064821e-06
4.960072047645179083e+01 3.169140620684629454e-06
5.193833041478545454e+01 2.488934524080832658e-06
5.438610851542216551e+01 1.722109379898029231e-06
5.694924684389268066e+01 1.348602359030337623e-06
5.963318216023762375e+01 1.033993764565366334e-06
6.244360745110442679e+01 8.890857088772463189e-07
6.538648400533530491e+01 1.121475197152221881e-06
6.846805405866012961e+01 1.044659454407792594e-06
7.169485403431528425e+01 1.028267529790127810e-06
7.507372840767374100e+01 4.466472375952434853e-07
7.861184422429498397e+01 8.267205764411755147e-09
8.231670630218950180e+01 -2.525567253108818155e-08
8.619617315054402695e+01 3.607019891660456911e-08
9.025847363867310946e+01 1.670672475029277901e-07
9.451222445055417154e+01 1.056778335062347249e-07
9.896644836196954031e+01 9.945870251826250371e-08
1.036305933790234661e+02 -6.848233766731937067e-07
1.085145527786299908e+02 -2.057480287476209977e-07
1.136286860934795442e+02 -6.118967490920112627e-07
1.189838410859966729e+02 -1.006951947601919528e-06
1.245913767578986722e+02 4.331731755513601456e-07
1.304631874441610364e+02 -1.496837599007649899e-07
1.366117280424967078e+02 -1.777177232042959076e-07
1.430500404318639198e+02 7.940908539616486376e-08
1.497917811360401572e+02 -4.862803095306845049e-07
1.568512502909396744e+02 1.281399989450093813e-07
1.642434219771199082e+02 -1.201568049502554913e-07
1.719839759818127902e+02 -2.406811130839514696e-07
1.800893310578564126e+02 -1.657759199247266330e-07
1.885766797500709799e+02 -1.320946010707757608e-06
1.974640248629512769e+02 4.020301389573433103e-08
2.067702176470289146e+02 -4.290135336759704144e-07
2.165149977849018796e+02 -1.354878831349992652e-06
2.267190352617481608e+02 -3.596742800482388490e-07
