2.374039742091349145e-02 6.362368818372488022e-03
4.736832031633308321e-02 6.095126736909151077e-03
6.846805405866014660e-02 5.842232611030340195e-03
9.451222445055411370e-02 5.648563615977764130e-03
1.136286860934795223e-01 5.496746860444545746e-03
1.366117280424966329e-01 5.363723728805780411e-03
1.642434219771199688e-01 5.239710677415132523e-03
1.885766797500710024e-01 5.123943090438842773e-03
2.067702176470289366e-01 5.016245879232883453e-03
2.374039742091349214e-01 4.915346391499042511e-03
2.603082813980555077e-01 4.819607362151145935e-03
2.725762327459708700e-01 4.728105384856462479e-03
2.988738959928071148e-01 4.640238359570503235e-03
3.277087103524789491e-01 4.555601160973310471e-03
3.431531460550240054e-01 4.473957698792219162e-03
3.762599425872716896e-01 4.394744057208299637e-03
3.939925273711246678e-01 4.318096674978733063e-03
4.125608231290300298e-01 4.243600647896528244e-03
4.320042157057852328e-01 4.171082749962806702e-03
4.736832031633308460e-01 4.100449848920106888e-03
4.960072047645178728e-01 4.031465388834476471e-03
5.193833041478548296e-01 3.964130301028490067e-03
5.438610851542219349e-01 3.898346796631813049e-03
5.694924684389270908e-01 3.802760504186153412e-03
5.963318216023762997e-01 3.710237564519047737e-03
6.244360745110443256e-01 3.650444559752941132e-03
6.538648400533531024e-01 3.592083929106593132e-03
6.846805405866013272e-01 3.506984096020460129e-03
7.169485403431529180e-01 3.424350870773196220e-03
7.507372840767374544e-01 3.344840370118618011e-03
7.861184422429497998e-01 3.267581341788172722e-03
8.231670630218950180e-01 3.192763775587081909e-03
8.619617315054403095e-01 3.096379106864333153e-03
9.025847363867310902e-01 3.026357851922512054e-03
9.451222445055416088e-01 2.958600874990224838e-03
9.896644836196951678e-01 2.871165983378887177e-03
1.036305933790234501e+00 2.787088975310325623e-03
1.085145527786299802e+00 2.706269733607769012e-03
1.136286860934794696e+00 2.609822899103164673e-03
1.189838410859966222e+00 2.517037559300661087e-03
1.245913767578986198e+00 2.445606049150228500e-03
1.304631874441609662e+00 2.360319718718528748e-03
1.366117280424966163e+00 2.263122238218784332e-03
1.430500404318638674e+00 2.170967636629939079e-03
1.497917811360400808e+00 2.083756262436509132e-03
1.568512502909397810e+00 2.001273212954401970e-03
1.642434219771200077e+00 1.923017785884439945e-03
1.719839759818128755e+00 1.848789863288402557e-03
1.800893310578565165e+00 1.766913454048335552e-03
1.885766797500710190e+00 1.678742584772408009e-03
1.974640248629512929e+00 1.595622976310551167e-03
2.067702176470289199e+00 1.517953933216631413e-03
2.165149977849019081e+00 1.445419620722532272e-03
2.267190352617480364e+00 1.377878361381590366e-03
2.374039742091349048e+00 1.306756632402539253e-03
2.485924788151246734e+00 1.233538845553994179e-03
2.603082813980555077e+00 1.166068948805332184e-03
2.725762327459708700e+00 1.097375992685556412e-03
2.854223548284725354e+00 1.033726846799254417e-03
2.988738959928070926e+00 9.752700570970773697e-04
3.129593887612636571e+00 9.125467040576040745e-04
3.277087103524790379e+00 8.556288084946572781e-04
3.431531460550241608e+00 8.039237000048160553e-04
3.593254555876957745e+00 7.532602176070213318e-04
3.762599425872718673e+00 7.071705185808241367e-04
3.939925273711248010e+00 6.622374057769775391e-04
4.125608231290302186e+00 6.188060506246984005e-04
4.320042157057854659e+00 5.780698847956955433e-04
4.523639471438666959e+00 5.397328641265630722e-04
4.736832031633308127e+00 5.060906987637281418e-04
4.960072047645175175e+00 4.735770635306835175e-04
5.193833041478544743e+00 4.408526874613016844e-04
5.438610851542216906e+00 4.109229776076972485e-04
5.694924684389268243e+00 3.823521838057786226e-04
5.963318216023761664e+00 3.543306083884090185e-04
6.244360745110442146e+00 3.291588509455323219e-04
6.538648400533531024e+00 3.056925488635897636e-04
6.846805405866013494e+00 2.843267866410315037e-04
7.169485403431528958e+00 2.648626395966857672e-04
7.507372840767374989e+00 2.464583958499133587e-04
7.861184422429498220e+00 2.301007916685193777e-04
8.231670630218948403e+00 2.147889899788424373e-04
8.619617315054401985e+00 1.991898316191509366e-04
9.025847363867310236e+00 1.856536982813850045e-04
9.451222445055416088e+00 1.729147916194051504e-04
9.896644836196950124e+00 1.601770782144740224e-04
1.036305933790234590e+01 1.486571127315983176e-04
1.085145527786299979e+01 1.372508122585713863e-04
1.136286860934795584e+01 1.263931917492300272e-04
1.189838410859966977e+01 1.171910698758438230e-04
1.245913767578986686e+01 1.080010551959276199e-04
1.304631874441610329e+01 9.853046503849327564e-05
1.366117280424967007e+01 9.042788587976247072e-05
1.430500404318639163e+01 8.379322389373555779e-05
1.497917811360400897e+01 7.843321509426459670e-05
1.568512502909397099e+01 7.343906327150762081e-05
1.642434219771199366e+01 6.771840708097442985e-05
1.719839759818128044e+01 6.132002454251050949e-05
1.800893310578564055e+01 5.551625508815050125e-05
1.885766797500709657e+01 5.110821075504645705e-05
1.974640248629512840e+01 4.788182559423148632e-05
2.067702176470289288e+01 4.302652450860477984e-05
2.165149977849018725e+01 3.825739986496046185e-05
2.267190352617480542e+01 3.349962935317307711e-05
2.374039742091349581e+01 3.034310066141188145e-05
2.485924788151246645e+01 2.690485962375532836e-05
2.603082813980554988e+01 2.424310878268443048e-05
2.725762327459708345e+01 2.217423570982646197e-05
2.854223548284724998e+01 2.005138958338648081e-05
2.988738959928070926e+01 1.636144224903546274e-05
3.129593887612636749e+01 1.345901182503439486e-05
3.277087103524790734e+01 1.036010689858812839e-05
3.431531460550241519e+01 9.500033229414839298e-06
3.593254555876957568e+01 9.588143257133197039e-06
3.762599425872718228e+01 1.034589331538882107e-05
3.939925273711248366e+01 9.461148692935239524e-06
4.125608231290302541e+01 8.406649612879846245e-06
4.320042157057854126e+01 8.294982762890867889e-06
4.523639471438667670e+01 6.089349881222005934e-06
4.736832031633310436e+01 4.010430075140902773e-06
4.960072047645179083e+01 2.878018904084456153e-06
5.193833041478545454e+01 2.980684939757338725e-06
5.438610851542216551e+01 1.300650978919293266e-06
5.694924684389268066e+01 -1.393098841617756989e-06
5.963318216023762375e+01 -1.506540456830407493e-06
6.244360745110442679e+01 9.328425107923976611e-07
6.538648400533530491e+01 5.918848273722687736e-07
6.846805405866012961e+01 1.322651854707146413e-07
7.169485403431528425e+01 1.839914460788349970e-07
7.507372840767374100e+01 6.195635364747431595e-07
7.861184422429498397e+01 3.270609170158422785e-07
8.231670630218950180e+01 -3.277115183664136566e-07
8.619617315054402695e+01 -2.233584609712124802e-06
9.025847363867310946e+01 1.297574840464221779e-06
9.451222445055417154e+01 2.443224275339161977e-06
9.896644836196954031e+01 5.980294304208655376e-07
1.036305933790234661e+02 -1.793838009689352475e-06
1.085145527786299908e+02 -2.601105734356679022e-06
1.136286860934795442e+02 -2.151092076019267552e-06
1.189838410859966729e+02 -1.049968545885349158e-06
1.245913767578986722e+02 -1.003949478217691649e-06
1.304631874441610364e+02 -2.073618361464468762e-07
1.366117280424967078e+02 1.047050091074197553e-06
1.430500404318639198e+02 -8.568778184780967422e-07
1.497917811360401572e+02 -5.899107122786517721e-07
1.568512502909396744e+02 2.042639380306354724e-06
1.642434219771199082e+02 8.496772352373227477e-07
1.719839759818127902e+02 -7.934772128237455036e-08
1.800893310578564126e+02 -1.160706574410141911e-06
1.885766797500709799e+02 -1.421028287040826399e-06
1.974640248629512769e+02 1.064003186002082657e-06
2.067702176470289146e+02 4.094179530511610210e-06
2.165149977849018796e+02 -5.189172043174039572e-06
2.267190352617481608e+02 2.869742502298322506e-06
