2.374039742091349145e-02 6.380115275524851637e-03
4.736832031633308321e-02 6.116251963681614175e-03
6.846805405866014660e-02 5.865776576708851310e-03
9.451222445055411370e-02 5.671480030831947683e-03
1.136286860934795223e-01 5.515236992436244913e-03
1.366117280424966329e-01 5.374894542243080151e-03
1.642434219771199688e-01 5.242286324625031364e-03
1.885766797500710024e-01 5.117949139649456171e-03
2.067702176470289366e-01 5.001511322493926680e-03
2.374039742091349214e-01 4.891191614409048406e-03
2.603082813980555077e-01 4.786406336755865375e-03
2.725762327459708700e-01 4.686726037510793516e-03
2.988738959928071148e-01 4.591647354394733961e-03
3.277087103524789491e-01 4.500869468002262168e-03
3.431531460550240054e-01 4.413303106818648042e-03
3.762599425872716896e-01 4.327322779230173208e-03
3.939925273711246678e-01 4.242519109244640395e-03
4.125608231290300298e-01 4.159608562795632548e-03
4.320042157057852328e-01 4.079375768301350159e-03
4.736832031633308460e-01 4.002188005441426229e-03
4.960072047645178728e-01 3.927891183499617606e-03
5.193833041478548296e-01 3.855939232834366872e-03
5.438610851542219349e-01 3.786083149617343671e-03
5.694924684389270908e-01 3.685931565898622163e-03
5.963318216023762997e-01 3.592237244283232826e-03
6.244360745110443256e-01 3.533980111524935054e-03
6.538648400533531024e-01 3.477511556558044847e-03
6.846805405866013272e-01 3.394072266278374064e-03
7.169485403431529180e-01 3.312478719691067802e-03
7.507372840767374544e-01 3.234595866484693723e-03
7.861184422429497998e-01 3.157652366112575961e-03
8.231670630218950180e-01 3.077996730820977030e-03
8.619617315054403095e-01 2.970797025200961824e-03
9.025847363867310902e-01 2.893168252695368318e-03
9.451222445055416088e-01 2.817705939112172785e-03
9.896644836196951678e-01 2.718902584352621884e-03
1.036305933790234501e+00 2.627636040474684402e-03
1.085145527786299802e+00 2.541802057767904299e-03
1.136286860934794696e+00 2.435615091370364749e-03
1.189838410859966222e+00 2.335520519825716110e-03
1.245913767578986198e+00 2.257477436554385444e-03
1.304631874441609662e+00 2.168315076696842539e-03
1.366117280424966163e+00 2.078216111993688112e-03
1.430500404318638674e+00 1.993772908327082378e-03
1.497917811360400808e+00 1.912126320976767187e-03
1.568512502909397810e+00 1.826964318855618273e-03
1.642434219771200077e+00 1.747289220153124207e-03
1.719839759818128755e+00 1.671985261492024396e-03
1.800893310578565165e+00 1.579216280514882630e-03
1.885766797500710190e+00 1.473917145457431192e-03
1.974640248629512929e+00 1.378632107907546258e-03
2.067702176470289199e+00 1.292994929065933345e-03
2.165149977849019081e+00 1.210778807851430527e-03
2.267190352617480364e+00 1.146847676754692100e-03
2.374039742091349048e+00 1.082938915994940141e-03
2.485924788151246734e+00 1.016256508388429548e-03
2.603082813980555077e+00 9.548906213276165409e-04
2.725762327459708700e+00 8.928674234336647468e-04
2.854223548284725354e+00 8.333871117511774257e-04
2.988738959928070926e+00 7.877551981775823180e-04
3.129593887612636571e+00 7.560292199536419646e-04
3.277087103524790379e+00 7.248393246247052807e-04
3.431531460550241608e+00 6.840273791136913155e-04
3.593254555876957745e+00 6.454955800305383013e-04
3.762599425872718673e+00 6.107739621900183094e-04
3.939925273711248010e+00 5.849453023690452929e-04
4.125608231290302186e+00 5.652337689276880697e-04
4.320042157057854659e+00 5.505565927537664321e-04
4.523639471438666959e+00 5.322689551893587277e-04
4.736832031633308127e+00 4.997499067828598072e-04
4.960072047645175175e+00 4.540467941205517566e-04
5.193833041478544743e+00 4.218153721612996881e-04
5.438610851542216906e+00 3.855701948421589101e-04
5.694924684389268243e+00 3.423029105690383596e-04
5.963318216023761664e+00 2.929232088647069974e-04
6.244360745110442146e+00 2.515580098961251311e-04
6.538648400533531024e+00 2.024492528345692253e-04
6.846805405866013494e+00 1.604194081174964729e-04
7.169485403431528958e+00 1.267728754087297301e-04
7.507372840767374989e+00 9.440523393992410184e-05
7.861184422429498220e+00 8.751797789576764013e-05
8.231670630218948403e+00 9.461234195798626830e-05
8.619617315054401985e+00 9.786776031146084750e-05
9.025847363867310236e+00 1.069873291544881817e-04
9.451222445055416088e+00 1.267765653113392648e-04
9.896644836196950124e+00 1.347319355674816619e-04
1.036305933790234590e+01 1.279379361897447099e-04
1.085145527786299979e+01 9.941815268244444891e-05
1.136286860934795584e+01 7.042735719648045094e-05
1.189838410859966977e+01 3.486938892403927638e-05
1.245913767578986686e+01 2.461146551708300999e-05
1.304631874441610329e+01 2.034228418633747662e-05
1.366117280424967007e+01 2.740980159098523714e-05
1.430500404318639163e+01 2.314897481918854871e-05
1.497917811360400897e+01 2.153892268366032397e-05
1.568512502909397099e+01 5.147425616625290529e-05
1.642434219771199366e+01 7.098834053377768181e-05
1.719839759818128044e+01 6.630388435168546081e-05
1.800893310578564055e+01 4.592452980931275729e-05
1.885766797500709657e+01 5.576233781901645934e-05
1.974640248629512840e+01 6.299557767269410612e-05
2.067702176470289288e+01 6.547496198812604326e-05
2.165149977849018725e+01 5.169903181512497116e-05
2.267190352617480542e+01 4.338257602025199670e-05
2.374039742091349581e+01 4.849063255418902609e-05
2.485924788151246645e+01 2.692171881831480272e-05
2.603082813980554988e+01 2.911729162138211507e-05
2.725762327459708345e+01 5.126114536835194789e-05
2.854223548284724998e+01 3.564924156102278885e-05
2.988738959928070926e+01 2.567683726138973840e-05
3.129593887612636749e+01 3.793855929084974678e-06
3.277087103524790734e+01 2.527633825941263603e-06
3.431531460550241519e+01 4.614627408680088832e-06
3.593254555876957568e+01 1.026280055400984371e-05
3.762599425872718228e+01 1.056109394824891424e-05
3.939925273711248366e+01 2.256157440392552973e-05
4.125608231290302541e+01 3.529669195961991515e-05
4.320042157057854126e+01 8.163668132888963081e-06
4.523639471438667670e+01 2.925407324809518907e-05
4.736832031633310436e+01 4.403737643327954536e-05
4.960072047645179083e+01 4.270772558177525513e-05
5.193833041478545454e+01 2.650659401098166175e-05
5.438610851542216551e+01 4.950712620478609535e-06
5.694924684389268066e+01 -2.243052017478759953e-05
5.963318216023762375e+01 -8.868774067461391295e-06
6.244360745110442679e+01 -1.401168204197088568e-06
6.538648400533530491e+01 2.074251070002655818e-05
6.846805405866012961e+01 5.087833846516528119e-05
7.169485403431528425e+01 4.070321282502759340e-05
7.507372840767374100e+01 3.434779112539338065e-05
7.861184422429498397e+01 1.992977252110705641e-05
8.231670630218950180e+01 1.154334274987132928e-05
8.619617315054402695e+01 2.291289814652450597e-05
9.025847363867310946e+01 1.235595257726867988e-05
9.451222445055417154e+01 4.905718821114808410e-06
9.896644836196954031e+01 -1.236510757484169848e-05
1.036305933790234661e+02 7.591249605188913442e-06
1.085145527786299908e+02 -2.004218285056174757e-06
1.136286860934795442e+02 -3.891370435713036709e-06
1.189838410859966729e+02 -1.370894798561864581e-05
1.245913767578986722e+02 -5.571173514274418742e-06
1.304631874441610364e+02 -1.542627290393343843e-06
1.366117280424967078e+02 -1.342158517448125126e-05
1.430500404318639198e+02 -3.538563936167859157e-05
1.497917811360401572e+02 4.317059149083373105e-06
1.568512502909396744e+02 -2.456899372332067391e-06
1.642434219771199082e+02 -1.318957260854990613e-05
1.719839759818127902e+02 -2.590511994775319440e-06
1.800893310578564126e+02 1.475538923102119680e-05
1.885766797500709799e+02 4.203737755816940508e-05
1.974640248629512769e+02 -7.217735622797255565e-06
2.067702176470289146e+02 6.373780152400903941e-06
2.165149977849018796e+02 -1.036371579875529147e-04
2.267190352617481608e+02 -4.227169579083591295e-05
