2.374039742091349145e-02 6.349678848024140586e-03
4.736832031633308321e-02 6.079070685091324602e-03
6.846805405866014660e-02 5.821046232384229774e-03
9.451222445055411370e-02 5.620830709988858774e-03
1.136286860934795223e-01 5.460983503860449007e-03
1.366117280424966329e-01 5.320026220080597244e-03
1.642434219771199688e-01 5.190266400729826729e-03
1.885766797500710301e-01 5.071014490289684276e-03
2.067702176470289366e-01 4.961351458266853413e-03
2.374039742091349492e-01 4.858925567409853527e-03
2.603082813980555077e-01 4.762206147180514035e-03
2.725762327459708700e-01 4.670944001704609334e-03
2.988738959928071148e-01 4.584829487627905403e-03
3.277087103524790046e-01 4.503083710131247815e-03
3.431531460550240609e-01 4.423998960105915076e-03
3.762599425872716341e-01 4.346051753932970822e-03
3.939925273711246123e-01 4.268830508544372779e-03
4.125608231290300298e-01 4.192806952456052706e-03
4.320042157057852328e-01 4.117917106315469901e-03
4.736832031633308460e-01 4.043618495430847080e-03
4.960072047645178728e-01 3.970264424770205379e-03
5.193833041478548296e-01 3.898680552146385758e-03
5.438610851542220459e-01 3.829430722520691700e-03
5.694924684389270908e-01 3.730871818194279876e-03
5.963318216023762997e-01 3.637083778360201969e-03
6.244360745110443256e-01 3.577418852451545294e-03
6.538648400533532135e-01 3.520117428773257475e-03
6.846805405866014382e-01 3.438307421831228190e-03
7.169485403431529180e-01 3.358483080853381063e-03
7.507372840767374544e-01 3.281156939131545883e-03
7.861184422429497998e-01 3.205553731914812486e-03
8.231670630218950180e-01 3.131418828601232295e-03
8.619617315054403095e-01 3.031588300368735951e-03
9.025847363867310902e-01 2.956467995886796155e-03
9.451222445055416088e-01 2.885000516948925484e-03
9.896644836196950568e-01 2.795356655949059535e-03
1.036305933790234501e+00 2.706948755365431482e-03
1.085145527786299802e+00 2.621795087590184786e-03
1.136286860934794918e+00 2.516505164828727534e-03
1.189838410859966222e+00 2.412909813219763638e-03
1.245913767578986198e+00 2.336838434382180335e-03
1.304631874441609662e+00 2.248728750080392514e-03
1.366117280424966163e+00 2.151783398848856280e-03
1.430500404318638674e+00 2.061068741492255284e-03
1.497917811360400586e+00 1.973553766638044566e-03
1.568512502909397810e+00 1.890478275362039717e-03
1.642434219771200077e+00 1.815551317114053433e-03
1.719839759818128755e+00 1.747910581204245193e-03
1.800893310578565165e+00 1.672153677419654016e-03
1.885766797500710190e+00 1.580769866418591700e-03
1.974640248629512929e+00 1.493955378059273710e-03
2.067702176470289199e+00 1.415971969135233028e-03
2.165149977849019081e+00 1.347741352844396886e-03
2.267190352617480364e+00 1.280648250625648606e-03
2.374039742091349492e+00 1.206417414627511571e-03
2.485924788151246734e+00 1.134718458113279354e-03
2.603082813980555077e+00 1.072289510444632667e-03
2.725762327459708700e+00 1.007825299322854433e-03
2.854223548284725354e+00 9.462960622791704354e-04
2.988738959928070926e+00 8.941882431587875636e-04
3.129593887612636571e+00 8.272472014303585341e-04
3.277087103524790379e+00 7.783206840121238397e-04
3.431531460550242052e+00 7.286766821593470634e-04
3.593254555876957745e+00 6.757859044644679838e-04
3.762599425872718673e+00 6.291883727267150866e-04
3.939925273711248010e+00 5.880339456183854199e-04
4.125608231290302186e+00 5.350868180999913352e-04
4.320042157057854659e+00 4.847943489726972907e-04
4.523639471438666959e+00 4.527605979817248688e-04
4.736832031633308127e+00 4.104204488275888549e-04
4.960072047645176063e+00 3.655191727450664285e-04
5.193833041478546519e+00 3.164266169197353174e-04
5.438610851542217794e+00 2.914197572913770776e-04
5.694924684389268243e+00 2.780595976280208982e-04
5.963318216023761664e+00 2.482589126082036411e-04
6.244360745110442146e+00 2.232575495003456779e-04
6.538648400533531913e+00 2.028014482510415758e-04
6.846805405866014382e+00 1.722228886454025762e-04
7.169485403431528958e+00 1.496030914563942671e-04
7.507372840767374989e+00 1.286509258725368249e-04
7.861184422429498220e+00 1.195106096686871026e-04
8.231670630218950180e+00 1.038147352472602571e-04
8.619617315054403761e+00 9.917124061445237008e-05
9.025847363867310236e+00 1.052053877353420768e-04
9.451222445055416088e+00 9.922405430506964794e-05
9.896644836196951900e+00 1.121812499746410323e-04
1.036305933790234590e+01 1.227798974626511763e-04
1.085145527786299979e+01 1.377737487101852640e-04
1.136286860934795406e+01 1.516059086420254681e-04
1.189838410859966800e+01 1.604490607490647496e-04
1.245913767578986686e+01 1.534683727281387739e-04
1.304631874441610329e+01 1.321679314710521289e-04
1.366117280424967007e+01 1.194335164358806657e-04
1.430500404318639163e+01 9.776256862258559841e-05
1.497917811360400897e+01 7.896570340384015244e-05
1.568512502909397099e+01 7.412082914881315467e-05
1.642434219771199366e+01 7.110531307178199068e-05
1.719839759818128044e+01 9.591327544642600466e-05
1.800893310578564055e+01 1.034647695781725749e-04
1.885766797500709657e+01 8.421407142737991080e-05
1.974640248629512840e+01 6.778203854938263527e-05
2.067702176470289288e+01 5.439401405024109478e-05
2.165149977849018725e+01 3.774063612889972660e-05
2.267190352617480542e+01 2.308856901689332981e-05
2.374039742091349225e+01 8.730478519054026511e-06
2.485924788151246645e+01 6.592939668349932307e-07
2.603082813980555343e+01 -1.457140867742374006e-05
2.725762327459708700e+01 -1.222277733903898571e-05
2.854223548284725354e+01 4.636973388850697481e-06
2.988738959928070926e+01 1.221760884862905372e-05
3.129593887612637104e+01 6.615393486053826925e-06
3.277087103524790734e+01 -4.840584674842345433e-06
3.431531460550241519e+01 -8.666823609434492494e-06
3.593254555876957568e+01 -1.121364475240020974e-05
3.762599425872718939e+01 -2.778409672301015906e-05
3.939925273711248366e+01 -2.504721561776794282e-05
4.125608231290302541e+01 -1.406979628533533984e-05
4.320042157057854126e+01 -2.653071122950659253e-05
4.523639471438667670e+01 -2.069893898076325767e-05
4.736832031633310436e+01 -1.004479736347463557e-05
4.960072047645179083e+01 -1.407207823180039175e-05
5.193833041478545454e+01 -7.098955830394373666e-06
5.438610851542216551e+01 -1.053514888784458516e-05
5.694924684389268066e+01 1.302120094621375955e-05
5.963318216023762375e+01 2.680797968314247085e-05
6.244360745110443389e+01 3.534746614637763416e-06
6.538648400533531913e+01 -4.218764682999609577e-06
6.846805405866012961e+01 -1.338449410628732282e-05
7.169485403431529846e+01 -3.763662725450562506e-06
7.507372840767375521e+01 -1.171970472764806458e-05
7.861184422429498397e+01 -8.576858100825265091e-06
8.231670630218950180e+01 -4.843191982143293824e-06
8.619617315054402695e+01 1.899764837719327562e-05
9.025847363867310946e+01 7.864823510198143465e-06
9.451222445055415733e+01 -1.081246400250047523e-05
9.896644836196952610e+01 2.214783632313460592e-05
1.036305933790234661e+02 8.270010913982590306e-07
1.085145527786300050e+02 -8.617975401951783322e-06
1.136286860934795442e+02 -1.150068271946027215e-05
1.189838410859966871e+02 1.844521676943777180e-06
1.245913767578986722e+02 4.133138362511493873e-05
1.304631874441610364e+02 5.690716626565934432e-06
1.366117280424967078e+02 -9.093988269141576680e-06
1.430500404318639198e+02 4.310426084049357054e-06
1.497917811360401572e+02 5.422107342846090424e-05
1.568512502909397028e+02 2.011382795459900052e-05
1.642434219771199366e+02 -3.383150735489759805e-05
1.719839759818127902e+02 1.541702280122287636e-06
1.800893310578564126e+02 -2.204701560890238556e-05
1.885766797500709799e+02 5.266011997125379112e-05
1.974640248629512769e+02 6.007967708338864929e-05
2.067702176470289146e+02 2.958921671383345705e-05
2.165149977849018796e+02 6.077395549879978766e-05
2.267190352617480471e+02 3.065235701179000119e-05
