2.374039742091349145e-02 6.345622705514570791e-03
4.736832031633308321e-02 6.079310040604342033e-03
6.846805405866014660e-02 5.828078265376908373e-03
9.451222445055411370e-02 5.636856700082395685e-03
1.136286860934795223e-01 5.487903739290605869e-03
1.366117280424966329e-01 5.357337637293013710e-03
1.642434219771199688e-01 5.234245712987951882e-03
1.885766797500710301e-01 5.118738192412379713e-03
2.067702176470289366e-01 5.013149242619649795e-03
2.374039742091349492e-01 4.915728710883646504e-03
2.603082813980555077e-01 4.822752877331983566e-03
2.725762327459708700e-01 4.732213539805842258e-03
2.988738959928071148e-01 4.644390210167889145e-03
3.277087103524790046e-01 4.560067252591205010e-03
3.431531460550240609e-01 4.479037370843871185e-03
3.762599425872716341e-01 4.401156369792209692e-03
3.939925273711246123e-01 4.326388704626988289e-03
4.125608231290300298e-01 4.254006806427882217e-03
4.320042157057852328e-01 4.182852760915486794e-03
4.736832031633308460e-01 4.112024746201958444e-03
4.960072047645178728e-01 4.041453618961009589e-03
5.193833041478548296e-01 3.972539781026278131e-03
5.438610851542220459e-01 3.906032273439856949e-03
5.694924684389270908e-01 3.809273877587920909e-03
5.963318216023762997e-01 3.714273977350148869e-03
6.244360745110443256e-01 3.651799687084584384e-03
6.538648400533532135e-01 3.590346058033523635e-03
6.846805405866014382e-01 3.501267300873266586e-03
7.169485403431529180e-01 3.415431931736024728e-03
7.507372840767374544e-01 3.332571351563410212e-03
7.861184422429497998e-01 3.251600748948141675e-03
8.231670630218950180e-01 3.174797523929206045e-03
8.619617315054403095e-01 3.077793174819071654e-03
9.025847363867310902e-01 3.007749577054959905e-03
9.451222445055416088e-01 2.938284807000792788e-03
9.896644836196950568e-01 2.848151144369920253e-03
1.036305933790234501e+00 2.763943207722106485e-03
1.085145527786299802e+00 2.681463033071026202e-03
1.136286860934794918e+00 2.583911690637962551e-03
1.189838410859966222e+00 2.493616199986812415e-03
1.245913767578986198e+00 2.421827592809205031e-03
1.304631874441609662e+00 2.334842956779807025e-03
1.366117280424966163e+00 2.235052250558797193e-03
1.430500404318638674e+00 2.143168616482819203e-03
1.497917811360400586e+00 2.061764627908010527e-03
1.568512502909397810e+00 1.983529799617143267e-03
1.642434219771200077e+00 1.904745917597496256e-03
1.719839759818128755e+00 1.825408363450950477e-03
1.800893310578565165e+00 1.735247580247813431e-03
1.885766797500710190e+00 1.639996072735861073e-03
1.974640248629512929e+00 1.552282268273681145e-03
2.067702176470289199e+00 1.469258489096860864e-03
2.165149977849019081e+00 1.391538577450263927e-03
2.267190352617480364e+00 1.326067621839636858e-03
2.374039742091349492e+00 1.255532186311522809e-03
2.485924788151246734e+00 1.181648662049771545e-03
2.603082813980555077e+00 1.116370663656981359e-03
2.725762327459708700e+00 1.044701612724051711e-03
2.854223548284725354e+00 9.710616294578199113e-04
2.988738959928070926e+00 9.214770600996336847e-04
3.129593887612636571e+00 8.686181816162595040e-04
3.277087103524790379e+00 8.190011419768873603e-04
3.431531460550242052e+00 7.654641029537951084e-04
3.593254555876957745e+00 7.176376724177711223e-04
3.762599425872718673e+00 6.715290732355282382e-04
3.939925273711248010e+00 6.265950067256523433e-04
4.125608231290302186e+00 5.792539259480793384e-04
4.320042157057854659e+00 5.351794970988090492e-04
4.523639471438666959e+00 4.956117948209592342e-04
4.736832031633308127e+00 4.712609058813360739e-04
4.960072047645176063e+00 4.450640188539724262e-04
5.193833041478546519e+00 4.235609130221638040e-04
5.438610851542217794e+00 4.031926811391216389e-04
5.694924684389268243e+00 3.727235498054107146e-04
5.963318216023761664e+00 3.487109058936055318e-04
6.244360745110442146e+00 3.210263420708602705e-04
6.538648400533531913e+00 3.001452406703241445e-04
6.846805405866014382e+00 2.788271161280344809e-04
7.169485403431528958e+00 2.557837243061342625e-04
7.507372840767374989e+00 2.317626601723386109e-04
7.861184422429498220e+00 2.056683064116489800e-04
8.231670630218950180e+00 1.715998097095850882e-04
8.619617315054403761e+00 1.400713872011110121e-04
9.025847363867310236e+00 1.163128477628239376e-04
9.451222445055416088e+00 8.699122323075852525e-05
9.896644836196951900e+00 6.317265701761743302e-05
1.036305933790234590e+01 4.248149909209663234e-05
1.085145527786299979e+01 3.230403264918210569e-05
1.136286860934795406e+01 3.227061317930920206e-05
1.189838410859966800e+01 4.111022905290156895e-05
1.245913767578986686e+01 4.326923945878756493e-05
1.304631874441610329e+01 4.024655813002552083e-05
1.366117280424967007e+01 6.110111826425091439e-05
1.430500404318639163e+01 7.137060536026620364e-05
1.497917811360400897e+01 5.213810552203448451e-05
1.568512502909397099e+01 2.587690388754636481e-05
1.642434219771199366e+01 1.585186260297387727e-05
1.719839759818128044e+01 6.867314622298663162e-06
1.800893310578564055e+01 -1.693225492236742831e-06
1.885766797500709657e+01 2.792888461150413509e-06
1.974640248629512840e+01 5.336230095744900520e-06
2.067702176470289288e+01 -8.641747179933988428e-06
2.165149977849018725e+01 -7.210042202797016487e-06
2.267190352617480542e+01 -6.804145263526975804e-06
2.374039742091349225e+01 -5.458902606824849871e-06
2.485924788151246645e+01 -1.887133397768723760e-05
2.603082813980555343e+01 -1.343717490871147199e-05
2.725762327459708700e+01 1.495820800422063855e-05
2.854223548284725354e+01 1.143477974415105179e-05
2.988738959928070926e+01 2.972596285465015773e-05
3.129593887612637104e+01 5.141779153041345081e-05
3.277087103524790734e+01 4.427071125482472537e-05
3.431531460550241519e+01 2.068309911717773069e-05
3.593254555876957568e+01 6.995035569078376496e-06
3.762599425872718939e+01 -1.525805650319392560e-05
3.939925273711248366e+01 -2.173376903868817943e-05
4.125608231290302541e+01 -1.156010800762890545e-05
4.320042157057854126e+01 2.284783496336942061e-06
4.523639471438667670e+01 -1.167606673678162796e-05
4.736832031633310436e+01 -3.707446535177860613e-06
4.960072047645179083e+01 -1.070634395998262111e-05
5.193833041478545454e+01 8.965279586399313157e-06
5.438610851542216551e+01 2.724729885005118351e-05
5.694924684389268066e+01 9.905962992832004159e-06
5.963318216023762375e+01 1.636441854662613407e-05
6.244360745110443389e+01 2.057491442887012515e-05
6.538648400533531913e+01 2.953276467193853265e-05
6.846805405866012961e+01 1.704637740074192647e-05
7.169485403431529846e+01 2.546689839779489814e-05
7.507372840767375521e+01 -3.551726999003556712e-06
7.861184422429498397e+01 -1.146063702518756101e-05
8.231670630218950180e+01 1.461732278601445215e-05
8.619617315054402695e+01 4.334403190338689815e-05
9.025847363867310946e+01 2.749020372824175485e-05
9.451222445055415733e+01 8.716834778846583884e-06
9.896644836196952610e+01 5.263158827974257826e-05
1.036305933790234661e+02 -1.076937381915221835e-06
1.085145527786300050e+02 -3.672123596756862144e-05
1.136286860934795442e+02 -6.346414744232106210e-05
1.189838410859966871e+02 -3.389005326526393412e-06
1.245913767578986722e+02 2.854747598860523340e-05
1.304631874441610364e+02 1.248724664266446861e-05
1.366117280424967078e+02 2.331851025608798508e-05
1.430500404318639198e+02 1.912213143259963065e-05
1.497917811360401572e+02 4.269147286793422336e-05
1.568512502909397028e+02 4.317585302948228194e-05
1.642434219771199366e+02 8.169235367219061073e-06
1.719839759818127902e+02 6.518201012528421060e-06
1.800893310578564126e+02 -2.192386344009416275e-05
1.885766797500709799e+02 -2.370652410059185720e-05
1.974640248629512769e+02 4.774755609340105561e-06
2.067702176470289146e+02 -3.706758703735029228e-05
2.165149977849018796e+02 5.119902169333013148e-06
2.267190352617480471e+02 -2.258756326970795100e-06
