4.402668768255080977e+03 1.157711974047822591e-02
8.702291228692711229e+03 1.039472915230049005e-02
1.276695311178296106e+04 9.294434996540614641e-03
1.720090168377494410e+04 8.700024859366864774e-03
2.128263827136110558e+04 8.010853939856591929e-03
2.633296208052036673e+04 7.344413504916516740e-03
2.992156217165216367e+04 6.865256638913895017e-03
3.399920905420426425e+04 6.385963585360702327e-03
3.863254898524766031e+04 5.963401539695878384e-03
4.389731063208368141e+04 5.588233078688301277e-03
4.779996890100366727e+04 5.151543819067121166e-03
5.204959014657664375e+04 4.843678151406456515e-03
5.667702085826511029e+04 4.569251343191740519e-03
5.914279763961255958e+04 4.306549332822462092e-03
6.440084477124233672e+04 4.027979990299824890e-03
7.012635473421998904e+04 3.816336275528454253e-03
7.317725498701544711e+04 3.584525129816139039e-03
7.636088696938366047e+04 3.388323897223108686e-03
8.314969572923782107e+04 3.198544285199569469e-03
8.676718631008510420e+04 3.055651700733671983e-03
9.054205856247972406e+04 2.890832377125644378e-03
9.448115949541462760e+04 2.747985513003612778e-03
9.859163400220239419e+04 2.613550128792301985e-03
1.028809378201585205e+05 2.483219996593780208e-03
1.073568510541054857e+05 2.359260663762817890e-03
1.120274922882271785e+05 2.292602936889436612e-03
1.169013333118703304e+05 2.149291778419865680e-03
1.219872144860027474e+05 2.070618935250542574e-03
1.272943607782017789e+05 1.960633626154239390e-03
1.328323984952562314e+05 1.830777680322881592e-03
1.386113727437329653e+05 1.768784704633648329e-03
1.446417656501793244e+05 1.660680820276021034e-03
1.509345153740085370e+05 1.558919993240295322e-03
1.575010359475556761e+05 1.475278281454767051e-03
1.643532379792899883e+05 1.404075057656174177e-03
1.715035502577361767e+05 1.337860328219542434e-03
1.789649422952906461e+05 1.258866563009304086e-03
1.867509478528242907e+05 1.180495251035885811e-03
1.948756894877398154e+05 1.112188770745610846e-03
2.033539041700111702e+05 1.048037995863847693e-03
2.122009700126690441e+05 9.815769351987188758e-04
2.214329341652157309e+05 9.335265804024616126e-04
2.310665419205641083e+05 8.862069694624702138e-04
2.411192670882964449e+05 8.382373108934085965e-04
2.516093436893345497e+05 7.932757222569022590e-04
2.625557990295107011e+05 7.402019883175171367e-04
2.739784882120293914e+05 6.989609955782780104e-04
2.858981301514200168e+05 6.654499439502641230e-04
2.983363451543037081e+05 6.277242056413257680e-04
3.113156941351395799e+05 5.929697620605132655e-04
3.248597195380828343e+05 5.641560642092514248e-04
3.389929880391783081e+05 5.364156509408931402e-04
3.537411351063454640e+05 5.044646409047059748e-04
3.691309114979797741e+05 4.781238266214417635e-04
3.851902317845114740e+05 4.542963769551001387e-04
4.019482249809301575e+05 4.264611008699305673e-04
4.194352873821160174e+05 4.006631173360810055e-04
4.376831376968135592e+05 3.783696454103010315e-04
4.567248745802495396e+05 3.615391796490053842e-04
4.765950366697513382e+05 3.467401427143702191e-04
4.973296652322599548e+05 3.278505362170547810e-04
5.189663695373723749e+05 3.100575528665956877e-04
5.415443950744859176e+05 2.951802579001090677e-04
5.651046947377803735e+05 2.826566081324576930e-04
5.896900031081594061e+05 2.718105576090837860e-04
6.153449139668828575e+05 2.601863040822140856e-04
6.421159611814880045e+05 2.487283167642414454e-04
6.700517031107150251e+05 2.383725035297214320e-04
6.992028106815317878e+05 2.284525797650382788e-04
7.296221592980173882e+05 2.198036186015389127e-04
7.613649247488108231e+05 2.123451178576453695e-04
7.944886832870859653e+05 2.029585590807897650e-04
8.290535160645822762e+05 1.943567413804909820e-04
8.651221181091159815e+05 1.864058739093755307e-04
9.027599120432425989e+05 1.803252122012717509e-04
9.420351667503338540e+05 1.748394930375437456e-04
9.830191212033140473e+05 1.688520890284252185e-04
1.025786113680658164e+06 1.638995665473343664e-04
1.070413716604031390e+06 1.587923963306287639e-04
1.116982877242140938e+06 1.543347682205747765e-04
1.165578064536016202e+06 1.500794781778920690e-04
1.216287422312036389e+06 1.452157520426499402e-04
1.269202929160604253e+06 1.408978291508385268e-04
1.324420565270459978e+06 1.377850386873590851e-04
1.382040486521255691e+06 1.344557801025736161e-04
1.442167206150155980e+06 1.311530467312985550e-04
1.504909784321977990e+06 1.280152058201049778e-04
1.570382025946733309e+06 1.246820326166319802e-04
1.638702687103363918e+06 1.216069010650318614e-04
1.709995690444097621e+06 1.188553581660160645e-04
1.784390349970143754e+06 1.164507940043171949e-04
1.862021605586416787e+06 1.145760235353989397e-04
1.943030267860745313e+06 1.125856837959705777e-04
2.027563273431514623e+06 1.102400420836507748e-04
2.115773951527012512e+06 1.082441600608281601e-04
2.207822302079902031e+06 1.062818612919397949e-04
2.303875285941275768e+06 1.045065566435151954e-04
2.404107127720690332e+06 1.028868749969656069e-04
2.508699631801488344e+06 1.010807065883896741e-04
2.617842512104606722e+06 9.979049532749702787e-05
2.731733736199009698e+06 9.838347011012317576e-05
2.850579884382903110e+06 9.696171485928130318e-05
2.974596524387058336e+06 9.568101333467718796e-05
3.104008602379877120e+06 9.439900221884408834e-05
3.239050850983437151e+06 9.335980328075755598e-05
3.379968215040580370e+06 9.213571523053308175e-05
3.527016295905329287e+06 9.106186334907339925e-05
3.680461815062484704e+06 9.011616071379119537e-05
3.840583097917342093e+06 8.925603977865876107e-05
4.007670578633065801e+06 8.826208408793762505e-05
4.182027326931377407e+06 8.740344894171421086e-05
4.363969597812118940e+06 8.656165200016335912e-05
4.553827405188770033e+06 8.585049325753816695e-05
4.751945120480441488e+06 8.516936685874209874e-05
4.958682097246030346e+06 8.461793165145837928e-05
5.174413322993571870e+06 8.410085855901714552e-05
5.399530099347066134e+06 8.364349451957210028e-05
5.634440751804464497e+06 8.319191008310085019e-05
5.879571370374217629e+06 8.280248599618048500e-05
6.135366582433775999e+06 8.247460199527210966e-05
6.402290359211891890e+06 8.220355624199453455e-05
6.680826857357543893e+06 8.194550112071900632e-05
6.971481297121950425e+06 8.171146542191801013e-05
7.274780878746563569e+06 8.148571250564054383e-05
7.591275738719213754e+06 8.130034873668636310e-05
7.921539947632909752e+06 8.111518369838787974e-05
8.266172551457234658e+06 8.095813589886475918e-05
8.625798658111047000e+06 8.081011929949859121e-05
9.001070571307353675e+06 8.068362828907518509e-05
9.392668973726961762e+06 8.056924745891121196e-05
9.801304161666996777e+06 8.047304648958018424e-05
1.022771733340373263e+07 8.039248000177752756e-05
1.067268193360666372e+07 8.032674139128781531e-05
1.113700505624227971e+07 8.028458948906162828e-05
1.162152890851223655e+07 8.025714567605510914e-05
1.212713233848131076e+07 8.024263847496862305e-05
1.265473242916593328e+07 8.023996482839061846e-05
1.320528616197475046e+07 8.024494626180896702e-05
1.377979215251847915e+07 8.025589897725148253e-05
1.437929246193742193e+07 8.027157824253823386e-05
1.500487448703214899e+07 8.029165736724605366e-05
1.565767293262583762e+07 8.031344258013379807e-05
1.633887186973565444e+07 8.034020150024993683e-05
1.704970688328647614e+07 8.037034962158923906e-05
1.779146731326251104e+07 8.040224251128848297e-05
1.856549859336193278e+07 8.043640055034248764e-05
1.937320469139645249e+07 8.047228400741069960e-05
2.021605065586232394e+07 8.051080677759980472e-05
2.109556527330185100e+07 8.055201284132027591e-05
