4.402668768255081886e+03 1.010758487035970724e-02
8.702291228692711229e+03 9.227835314153458660e-03
1.276695311178296288e+04 9.517690600786856553e-03
1.720090168377494410e+04 8.075682138668686602e-03
2.128263827136110922e+04 7.074779535933170896e-03
2.633296208052037036e+04 7.072887173567164038e-03
2.992156217165216731e+04 7.224100943009965914e-03
3.399920905420427152e+04 5.882991931422981019e-03
3.863254898524766031e+04 5.275212301097900562e-03
4.389731063208368869e+04 4.847158756218124427e-03
4.779996890100365999e+04 4.958238604595468536e-03
5.204959014657664375e+04 4.841785603234297075e-03
5.667702085826511757e+04 4.254240287885916773e-03
5.914279763961255958e+04 4.457113666343363693e-03
6.440084477124233672e+04 4.134723517466707375e-03
7.012635473421998904e+04 3.911880216833728448e-03
7.317725498701544711e+04 3.500987079710266275e-03
7.636088696938367502e+04 3.548974872704427266e-03
8.314969572923783562e+04 3.063113485841586266e-03
8.676718631008510420e+04 2.918159071836492948e-03
9.054205856247972406e+04 3.063722109794290906e-03
9.448115949541462760e+04 2.825353800632630571e-03
9.859163400220239419e+04 2.515080213477286896e-03
1.028809378201585205e+05 2.775817427402610133e-03
1.073568510541054857e+05 1.943179670999411589e-03
1.120274922882271931e+05 2.275631658099104906e-03
1.169013333118703304e+05 2.074472996857537003e-03
1.219872144860027474e+05 1.972042972179927078e-03
1.272943607782017789e+05 1.770368939885629423e-03
1.328323984952562314e+05 1.749764748718589521e-03
1.386113727437329653e+05 1.705980294151362292e-03
1.446417656501793244e+05 1.549907339008773852e-03
1.509345153740085370e+05 1.594420589337070286e-03
1.575010359475556761e+05 1.450802270679775203e-03
1.643532379792899883e+05 1.495274368012542310e-03
1.715035502577361767e+05 1.425030493551983444e-03
1.789649422952906752e+05 1.313876864776801446e-03
1.867509478528243199e+05 1.240634932545160675e-03
1.948756894877398154e+05 1.061785586807183993e-03
2.033539041700111702e+05 1.103894368770799717e-03
2.122009700126690441e+05 9.412606648575914774e-04
2.214329341652157309e+05 8.942315891946176799e-04
2.310665419205641374e+05 8.338274510527852752e-04
2.411192670882964740e+05 7.858664395422355897e-04
2.516093436893345497e+05 7.356933901441578029e-04
2.625557990295106429e+05 6.945408263912302956e-04
2.739784882120293914e+05 6.924149689234365213e-04
2.858981301514200750e+05 7.285884916301213357e-04
2.983363451543037081e+05 6.231924506542679777e-04
3.113156941351395799e+05 5.468774626267936196e-04
3.248597195380828343e+05 6.044164203082935758e-04
3.389929880391783081e+05 5.441431222506612790e-04
3.537411351063454640e+05 5.196027728742889581e-04
3.691309114979797741e+05 4.822560380023645189e-04
3.851902317845114740e+05 4.772896560995084259e-04
4.019482249809301575e+05 4.685053226760875923e-04
4.194352873821160174e+05 3.769497977548444010e-04
4.376831376968135592e+05 3.539992222455132492e-04
4.567248745802495978e+05 3.675076543933904314e-04
4.765950366697513964e+05 3.534085964341079282e-04
4.973296652322599548e+05 3.186537422059132789e-04
5.189663695373724331e+05 3.083673197030030412e-04
5.415443950744860340e+05 2.906009411408121633e-04
5.651046947377803735e+05 3.016613634073160100e-04
5.896900031081594061e+05 2.917690422830113389e-04
6.153449139668828575e+05 2.553056408505174511e-04
6.421159611814880045e+05 2.654629629144560706e-04
6.700517031107150251e+05 2.449528066926161848e-04
6.992028106815317878e+05 2.280890948959946041e-04
7.296221592980173882e+05 2.203530648005498909e-04
7.613649247488108231e+05 2.325634001920905418e-04
7.944886832870859653e+05 1.956147843006967495e-04
8.290535160645822762e+05 1.997281812533324480e-04
8.651221181091160979e+05 1.830276270264812142e-04
9.027599120432427153e+05 1.910975120425333637e-04
9.420351667503338540e+05 1.827681258397002146e-04
9.830191212033139309e+05 1.643185268848414149e-04
1.025786113680658164e+06 1.636540746580730744e-04
1.070413716604031390e+06 1.593868593324799794e-04
1.116982877242140938e+06 1.542397571202964144e-04
1.165578064536016202e+06 1.536095086391899565e-04
1.216287422312036389e+06 1.464192208644141959e-04
1.269202929160604253e+06 1.474455401074058571e-04
1.324420565270459978e+06 1.406698879465713100e-04
1.382040486521255923e+06 1.353366063849898077e-04
1.442167206150156213e+06 1.301274119530665039e-04
1.504909784321977990e+06 1.324044044420388344e-04
1.570382025946733309e+06 1.221828407191929966e-04
1.638702687103363918e+06 1.239600181293979385e-04
1.709995690444097621e+06 1.194834245606070155e-04
1.784390349970143754e+06 1.180270217867793848e-04
1.862021605586416787e+06 1.156723945015273247e-04
1.943030267860745313e+06 1.129395497481662985e-04
2.027563273431514390e+06 1.109785345856492331e-04
2.115773951527012512e+06 1.083651996023916457e-04
2.207822302079902031e+06 1.083376293044858036e-04
2.303875285941275768e+06 1.058335068115448676e-04
2.404107127720690332e+06 1.040356925025078276e-04
2.508699631801488344e+06 1.037862543438673231e-04
2.617842512104606722e+06 1.009144078985369582e-04
2.731733736199009698e+06 9.908296023124636134e-05
2.850579884382903576e+06 9.824293411644093542e-05
2.974596524387058336e+06 9.645557533828711403e-05
3.104008602379877120e+06 9.547923106523278252e-05
3.239050850983437616e+06 9.399011813994758563e-05
3.379968215040580835e+06 9.328541507561047806e-05
3.527016295905329287e+06 9.196596405342493102e-05
3.680461815062484704e+06 9.100897061785424478e-05
3.840583097917342559e+06 9.049747703091423861e-05
4.007670578633065801e+06 8.965755232612576610e-05
4.182027326931377407e+06 8.848188516733567822e-05
4.363969597812118940e+06 8.806696460359176540e-05
4.553827405188770033e+06 8.707575800655990676e-05
4.751945120480441488e+06 8.599408988829226137e-05
4.958682097246030346e+06 8.562438261448076691e-05
5.174413322993571870e+06 8.505532202591941705e-05
5.399530099347066134e+06 8.466337016206087356e-05
5.634440751804465428e+06 8.399954538822382007e-05
5.879571370374216698e+06 8.386962648748345168e-05
6.135366582433775067e+06 8.343589666420137441e-05
6.402290359211891890e+06 8.326719925623529163e-05
6.680826857357543893e+06 8.295919103341262970e-05
6.971481297121950425e+06 8.273077873034485896e-05
7.274780878746563569e+06 8.251667242745221458e-05
7.591275738719213754e+06 8.233894728112112172e-05
7.921539947632909752e+06 8.214328248773563939e-05
8.266172551457234658e+06 8.198204265931420716e-05
8.625798658111047000e+06 8.184307144760794375e-05
9.001070571307353675e+06 8.164652521582682751e-05
9.392668973726961762e+06 8.147146747339200691e-05
9.801304161666996777e+06 8.141352837455373306e-05
1.022771733340373263e+07 8.131199439973512951e-05
1.067268193360666372e+07 8.124385149051601654e-05
1.113700505624227971e+07 8.078996751417622641e-05
1.162152890851223469e+07 8.020085664709601691e-05
1.212713233848130889e+07 7.961457510824639929e-05
1.265473242916593328e+07 7.898354643344341459e-05
1.320528616197475232e+07 7.834132641023902144e-05
1.377979215251848102e+07 7.767247298469481082e-05
1.437929246193742193e+07 7.697606211674352808e-05
1.500487448703214899e+07 7.626354107887213496e-05
1.565767293262583762e+07 7.551412067180538878e-05
1.633887186973565444e+07 7.474256425613331014e-05
1.704970688328647614e+07 7.393808247949726754e-05
1.779146731326251104e+07 7.309594670774099989e-05
1.856549859336193278e+07 7.222063045100934680e-05
1.937320469139645621e+07 7.131074855464104932e-05
2.021605065586232394e+07 7.035852874012299375e-05
2.109556527330185100e+07 6.936473886276840783e-05
