4.402668768255081886e+03 1.168279943557127415e-02
8.702291228692711229e+03 1.087058695402998675e-02
1.276695311178296288e+04 9.813157772623443825e-03
1.720090168377494410e+04 7.920042339368663781e-03
2.128263827136110922e+04 7.965833850948142100e-03
2.633296208052037036e+04 6.934338440472622746e-03
2.992156217165216731e+04 6.413554890145719417e-03
3.399920905420427152e+04 6.072375029782317753e-03
3.863254898524766031e+04 5.746875012725793756e-03
4.389731063208368869e+04 5.276283226586901687e-03
4.779996890100365999e+04 4.465777708230855673e-03
5.204959014657664375e+04 4.985472277134409512e-03
5.667702085826511757e+04 4.194598782481389482e-03
5.914279763961255958e+04 4.270487629315612536e-03
6.440084477124233672e+04 4.323782236529094027e-03
7.012635473421998904e+04 4.009971207074834905e-03
7.317725498701544711e+04 3.651992712508850703e-03
7.636088696938367502e+04 3.931437280034576556e-03
8.314969572923783562e+04 3.091571745875049213e-03
8.676718631008510420e+04 2.735226704840736881e-03
9.054205856247972406e+04 2.626205016119643326e-03
9.448115949541462760e+04 2.416037492633292885e-03
9.859163400220239419e+04 2.329984781458804572e-03
1.028809378201585205e+05 1.983672478903685064e-03
1.073568510541054857e+05 2.448651955965000342e-03
1.120274922882271931e+05 1.855997850924436671e-03
1.169013333118703304e+05 2.100761360965893495e-03
1.219872144860027474e+05 1.999108237724031307e-03
1.272943607782017789e+05 2.081677501957416264e-03
1.328323984952562314e+05 1.718940444593647018e-03
1.386113727437329653e+05 1.482325652156890605e-03
1.446417656501793244e+05 1.592324747291853394e-03
1.509345153740085370e+05 1.824734448884668099e-03
1.575010359475556761e+05 1.418101476660784581e-03
1.643532379792899883e+05 1.209321271723867979e-03
1.715035502577361767e+05 1.158031739589867335e-03
1.789649422952906752e+05 1.139187838214073944e-03
1.867509478528243199e+05 1.053049467885936938e-03
1.948756894877398154e+05 1.002641209067174025e-03
2.033539041700111702e+05 8.976226250146449037e-04
2.122009700126690441e+05 9.227143605272845016e-04
2.214329341652157309e+05 8.840559289171885226e-04
2.310665419205641374e+05 8.660922157336688318e-04
2.411192670882964740e+05 8.171244905158856322e-04
2.516093436893345497e+05 8.231463268694927046e-04
2.625557990295106429e+05 7.412576615062265806e-04
2.739784882120293914e+05 6.142590194052572694e-04
2.858981301514200750e+05 6.824393807123790108e-04
2.983363451543037081e+05 6.494634106068501419e-04
3.113156941351395799e+05 5.939915922624845919e-04
3.248597195380828343e+05 5.069234778085032105e-04
3.389929880391783081e+05 4.824856350382764666e-04
3.537411351063454640e+05 4.736731775253900348e-04
3.691309114979797741e+05 4.283425344412780840e-04
3.851902317845114740e+05 3.900766653275050547e-04
4.019482249809301575e+05 3.915821401136712274e-04
4.194352873821160174e+05 3.452692055482231809e-04
4.376831376968135592e+05 3.689407786713832875e-04
4.567248745802495978e+05 3.493505744168091563e-04
4.765950366697513964e+05 3.159658258164265549e-04
4.973296652322599548e+05 3.080277718697779971e-04
5.189663695373724331e+05 2.994012943347643813e-04
5.415443950744860340e+05 2.711626208380278277e-04
5.651046947377803735e+05 2.691814467765501193e-04
5.896900031081594061e+05 2.695799260175491961e-04
6.153449139668828575e+05 2.580828022283139164e-04
6.421159611814880045e+05 2.208260450674892129e-04
6.700517031107150251e+05 2.105765522434865065e-04
6.992028106815317878e+05 2.112493094624017995e-04
7.296221592980173882e+05 1.920977592926576796e-04
7.613649247488108231e+05 1.915433498789126182e-04
7.944886832870859653e+05 1.831355697760597896e-04
8.290535160645822762e+05 1.708005960839871062e-04
8.651221181091160979e+05 1.854094064391799597e-04
9.027599120432427153e+05 1.691978298137592374e-04
9.420351667503338540e+05 1.647268652384893846e-04
9.830191212033139309e+05 1.572786014684841838e-04
1.025786113680658164e+06 1.556163078562118184e-04
1.070413716604031390e+06 1.507780771477534756e-04
1.116982877242140938e+06 1.469520173516304662e-04
1.165578064536016202e+06 1.447388763712706059e-04
1.216287422312036389e+06 1.404631731034553573e-04
1.269202929160604253e+06 1.299237604196297935e-04
1.324420565270459978e+06 1.297833005328839122e-04
1.382040486521255923e+06 1.234582129874591135e-04
1.442167206150156213e+06 1.213110717856598320e-04
1.504909784321977990e+06 1.227742016464238430e-04
1.570382025946733309e+06 1.214791443998718547e-04
1.638702687103363918e+06 1.167492144537175504e-04
1.709995690444097621e+06 1.170231445317470789e-04
1.784390349970143754e+06 1.164143601399861657e-04
1.862021605586416787e+06 1.118219101511700055e-04
1.943030267860745313e+06 1.101237262277424416e-04
2.027563273431514390e+06 1.101741591814089048e-04
2.115773951527012512e+06 1.068017437352392031e-04
2.207822302079902031e+06 1.071135363753311295e-04
2.303875285941275768e+06 1.063748099175589854e-04
2.404107127720690332e+06 1.055536395587285380e-04
2.508699631801488344e+06 1.026430628820072317e-04
2.617842512104606722e+06 1.014936890765999239e-04
2.731733736199009698e+06 1.000236592361705500e-04
2.850579884382903576e+06 9.881064777193195763e-05
2.974596524387058336e+06 9.717539819951039710e-05
3.104008602379877120e+06 9.592402637001008292e-05
3.239050850983437616e+06 9.529841950557420749e-05
3.379968215040580835e+06 9.482069212165521188e-05
3.527016295905329287e+06 9.457097486363314832e-05
3.680461815062484704e+06 9.336172317758426617e-05
3.840583097917342559e+06 9.228988693743115669e-05
4.007670578633065801e+06 9.118998952439766662e-05
4.182027326931377407e+06 9.006989173983654870e-05
4.363969597812118940e+06 8.943014066348640881e-05
4.553827405188770033e+06 8.934941446781683924e-05
4.751945120480441488e+06 8.900341199340716495e-05
4.958682097246030346e+06 8.849245610366329360e-05
5.174413322993571870e+06 8.774470364575074808e-05
5.399530099347066134e+06 8.724519126516689456e-05
5.634440751804465428e+06 8.717280527867888825e-05
5.879571370374216698e+06 8.662929607809250398e-05
6.135366582433775067e+06 8.613818024199547667e-05
6.402290359211891890e+06 8.605622647692888960e-05
6.680826857357543893e+06 8.589696217017466244e-05
6.971481297121950425e+06 8.576884268493354779e-05
7.274780878746563569e+06 8.566979979469875389e-05
7.591275738719213754e+06 8.545720234234717428e-05
7.921539947632909752e+06 8.516992895649518015e-05
8.266172551457234658e+06 8.493926717607914718e-05
8.625798658111047000e+06 8.477886647931439908e-05
9.001070571307353675e+06 8.471977353437275867e-05
9.392668973726961762e+06 8.465896539987729651e-05
9.801304161666996777e+06 8.454710734387753618e-05
1.022771733340373263e+07 8.448520755814917704e-05
1.067268193360666372e+07 8.437328695797708799e-05
1.113700505624227971e+07 8.416941963284707963e-05
1.162152890851223469e+07 8.391331508467610438e-05
1.212713233848130889e+07 8.363997482485373617e-05
1.265473242916593328e+07 8.336007910739031757e-05
1.320528616197475232e+07 8.308193910311510917e-05
1.377979215251848102e+07 8.279840612607543965e-05
1.437929246193742193e+07 8.250379710179065254e-05
1.500487448703214899e+07 8.218764388484311220e-05
1.565767293262583762e+07 8.186468497049469964e-05
1.633887186973565444e+07 8.153635977688387612e-05
1.704970688328647614e+07 8.119541784368713836e-05
1.779146731326251104e+07 8.083030613526890587e-05
1.856549859336193278e+07 8.045719348092311544e-05
1.937320469139645621e+07 8.006187332012100434e-05
2.021605065586232394e+07 7.965663397665402232e-05
2.109556527330185100e+07 7.923121396254131595e-05
