4.402668768255080977e+03 1.025613158118202604e-02
8.702291228692711229e+03 9.457328815979501938e-03
1.276695311178296106e+04 8.748631821920701407e-03
1.720090168377494410e+04 8.899521265953263399e-03
2.128263827136110558e+04 7.809348884257289597e-03
2.633296208052036673e+04 7.141907737186751169e-03
2.992156217165216367e+04 7.634481998364932645e-03
3.399920905420426425e+04 6.077684873463356195e-03
3.863254898524766031e+04 6.338342724911800140e-03
4.389731063208368141e+04 5.732994077549436428e-03
4.779996890100366727e+04 5.566870651716291848e-03
5.204959014657664375e+04 4.831698556275485466e-03
5.667702085826511029e+04 4.237996679984592889e-03
5.914279763961255958e+04 5.577942239271973558e-03
6.440084477124233672e+04 4.652443999571124686e-03
7.012635473421998904e+04 4.486776202908449203e-03
7.317725498701544711e+04 3.733201511504985297e-03
7.636088696938366047e+04 3.740273377410481027e-03
8.314969572923782107e+04 2.760027086432044648e-03
8.676718631008510420e+04 2.969734208985625595e-03
9.054205856247972406e+04 2.868389949846524185e-03
9.448115949541462760e+04 3.094733976589397577e-03
9.859163400220239419e+04 2.571861464308179950e-03
1.028809378201585205e+05 2.282354859154578537e-03
1.073568510541054857e+05 2.126948614701212707e-03
1.120274922882271785e+05 2.034396616463806599e-03
1.169013333118703304e+05 2.290454890127260022e-03
1.219872144860027474e+05 2.160294270990468883e-03
1.272943607782017789e+05 1.934464125866726218e-03
1.328323984952562314e+05 1.549391443529299665e-03
1.386113727437329653e+05 1.984828414859282891e-03
1.446417656501793244e+05 1.742923394176897458e-03
1.509345153740085370e+05 1.478466245016374922e-03
1.575010359475556761e+05 1.477811708792304678e-03
1.643532379792899883e+05 1.355030618109708289e-03
1.715035502577361767e+05 1.360752116269510741e-03
1.789649422952906461e+05 1.289150132512979514e-03
1.867509478528242907e+05 1.175248506426921496e-03
1.948756894877398154e+05 1.064700107398717545e-03
2.033539041700111702e+05 9.931192800568394707e-04
2.122009700126690441e+05 8.413663680596123774e-04
2.214329341652157309e+05 8.198427336128713940e-04
2.310665419205641083e+05 7.753624300127204532e-04
2.411192670882964449e+05 7.957221644875181249e-04
2.516093436893345497e+05 7.634951698302000272e-04
2.625557990295107011e+05 6.961197964150596948e-04
2.739784882120293914e+05 6.811987203879946379e-04
2.858981301514200168e+05 6.190229019273346808e-04
2.983363451543037081e+05 5.537106102766437910e-04
3.113156941351395799e+05 5.523911688853785050e-04
3.248597195380828343e+05 4.996600372128248051e-04
3.389929880391783081e+05 5.131472892893134633e-04
3.537411351063454640e+05 4.588126879599123561e-04
3.691309114979797741e+05 4.230405911782406537e-04
3.851902317845114740e+05 4.601622039107573282e-04
4.019482249809301575e+05 4.139905923123839127e-04
4.194352873821160174e+05 3.992801585861654795e-04
4.376831376968135592e+05 3.688646213483458736e-04
4.567248745802495396e+05 3.397883560663162903e-04
4.765950366697513382e+05 3.537711156182696357e-04
4.973296652322599548e+05 2.807106472841026067e-04
5.189663695373723749e+05 2.897725965820552850e-04
5.415443950744859176e+05 2.764879852135241635e-04
5.651046947377803735e+05 2.391361360611679566e-04
5.896900031081594061e+05 2.189000009921507871e-04
6.153449139668828575e+05 2.412555621671333536e-04
6.421159611814880045e+05 2.210882283308269916e-04
6.700517031107150251e+05 2.156000949118784147e-04
6.992028106815317878e+05 2.103900539753249114e-04
7.296221592980173882e+05 1.914070528778359182e-04
7.613649247488108231e+05 1.933743874179134599e-04
7.944886832870859653e+05 1.755737327596770944e-04
8.290535160645822762e+05 1.701353005255649335e-04
8.651221181091159815e+05 1.771222553513978118e-04
9.027599120432425989e+05 1.787401186400502441e-04
9.420351667503338540e+05 1.679137781624123857e-04
9.830191212033140473e+05 1.583546229144557570e-04
1.025786113680658164e+06 1.495514092566247290e-04
1.070413716604031390e+06 1.426499661251511898e-04
1.116982877242140938e+06 1.355457074112635099e-04
1.165578064536016202e+06 1.274689336145375335e-04
1.216287422312036389e+06 1.315380429024025236e-04
1.269202929160604253e+06 1.264247732394445140e-04
1.324420565270459978e+06 1.351814341258248666e-04
1.382040486521255691e+06 1.385943189273759854e-04
1.442167206150155980e+06 1.311324529701408384e-04
1.504909784321977990e+06 1.207703326808491883e-04
1.570382025946733309e+06 1.168285116475143684e-04
1.638702687103363918e+06 1.107476726367345889e-04
1.709995690444097621e+06 1.156561129718787918e-04
1.784390349970143754e+06 1.172738818051608325e-04
1.862021605586416787e+06 1.125222260861169548e-04
1.943030267860745313e+06 1.111812303222361689e-04
2.027563273431514623e+06 1.091211338500429616e-04
2.115773951527012512e+06 1.028240825125206775e-04
2.207822302079902031e+06 1.009479062267604839e-04
2.303875285941275768e+06 1.028751957636625845e-04
2.404107127720690332e+06 1.035317985356319143e-04
2.508699631801488344e+06 9.846365592987844201e-05
2.617842512104606722e+06 9.991253067693472967e-05
2.731733736199009698e+06 1.020707745863348281e-04
2.850579884382903110e+06 9.936480063456129975e-05
2.974596524387058336e+06 9.508639002945834648e-05
3.104008602379877120e+06 9.335400399028320252e-05
3.239050850983437151e+06 9.311965354563719161e-05
3.379968215040580370e+06 9.291873542031304687e-05
3.527016295905329287e+06 9.151102631250115373e-05
3.680461815062484704e+06 9.023249391295594401e-05
3.840583097917342093e+06 9.056138132757608544e-05
4.007670578633065801e+06 8.954429115757472967e-05
4.182027326931377407e+06 8.841483393461489651e-05
4.363969597812118940e+06 8.727861341292051539e-05
4.553827405188770033e+06 8.698364528683318086e-05
4.751945120480441488e+06 8.710618138431155803e-05
4.958682097246030346e+06 8.613443588301785683e-05
5.174413322993571870e+06 8.547907359197082764e-05
5.399530099347066134e+06 8.545884454835194150e-05
5.634440751804464497e+06 8.499035548130603730e-05
5.879571370374217629e+06 8.449081029503400478e-05
6.135366582433775999e+06 8.419518872756936892e-05
6.402290359211891890e+06 8.408462434617059204e-05
6.680826857357543893e+06 8.426243048092392517e-05
6.971481297121950425e+06 8.373003014871880755e-05
7.274780878746563569e+06 8.348869500272056013e-05
7.591275738719213754e+06 8.344523145639495538e-05
7.921539947632909752e+06 8.329455195910706101e-05
8.266172551457234658e+06 8.312425342460017885e-05
8.625798658111047000e+06 8.301401657264995170e-05
9.001070571307353675e+06 8.278714455005602591e-05
9.392668973726961762e+06 8.263137640845835967e-05
9.801304161666996777e+06 8.260537381200448899e-05
1.022771733340373263e+07 8.254018567360609405e-05
1.067268193360666372e+07 8.248547468966265243e-05
1.113700505624227971e+07 8.294075473928051517e-05
1.162152890851223655e+07 8.361951444967757364e-05
1.212713233848131076e+07 8.429931678946935882e-05
1.265473242916593328e+07 8.504662505203500417e-05
1.320528616197475046e+07 8.580362262339318253e-05
1.377979215251847915e+07 8.658245119671800045e-05
1.437929246193742193e+07 8.738407268440736393e-05
1.500487448703214899e+07 8.822324405225323172e-05
1.565767293262583762e+07 8.910247214078419371e-05
1.633887186973565444e+07 9.003000749615166587e-05
1.704970688328647614e+07 9.099995558414923126e-05
1.779146731326251104e+07 9.201885555010234691e-05
1.856549859336193278e+07 9.308299629604790037e-05
1.937320469139645249e+07 9.419129358867585160e-05
2.021605065586232394e+07 9.535107659973119905e-05
2.109556527330185100e+07 9.656070703154333529e-05
