4.402668768255081886e+03 1.242293838737105333e-02
8.702291228692711229e+03 1.132188117762437940e-02
1.276695311178296288e+04 1.047782715997858279e-02
1.720090168377494410e+04 1.035187652543193698e-02
2.128263827136110922e+04 1.007973335970282353e-02
2.633296208052037036e+04 9.655570816740970466e-03
2.992156217165216731e+04 9.274353706784095597e-03
3.399920905420427152e+04 8.288370476920320709e-03
3.863254898524766031e+04 8.288380760813575041e-03
4.389731063208368869e+04 8.186003012291201766e-03
4.779996890100365999e+04 7.820019409979426378e-03
5.204959014657664375e+04 7.574656279121366569e-03
5.667702085826511757e+04 7.028659224524427297e-03
5.914279763961255958e+04 7.165724675701098424e-03
6.440084477124233672e+04 7.083417309423018296e-03
7.012635473421998904e+04 7.133853964879957078e-03
7.317725498701544711e+04 6.934526051360957039e-03
7.636088696938367502e+04 6.910780401486522027e-03
8.314969572923783562e+04 6.774360451267446258e-03
8.676718631008510420e+04 6.343202328481518069e-03
9.054205856247972406e+04 6.277732429680599538e-03
9.448115949541462760e+04 5.848334977035012094e-03
9.859163400220239419e+04 6.065044771893753246e-03
1.028809378201585205e+05 6.126393611882314724e-03
1.073568510541054857e+05 6.049978155006992611e-03
1.120274922882271931e+05 5.736678284378117672e-03
1.169013333118703304e+05 6.018054058609480228e-03
1.219872144860027474e+05 5.785620047555416201e-03
1.272943607782017789e+05 5.777512153286644934e-03
1.328323984952562314e+05 5.217897965959790441e-03
1.386113727437329653e+05 5.501569314968519572e-03
1.446417656501793244e+05 5.399027711599596775e-03
1.509345153740085370e+05 5.621854136282083622e-03
1.575010359475556761e+05 5.332218694839496384e-03
1.643532379792899883e+05 4.949191935013617233e-03
1.715035502577361767e+05 4.849665717995331991e-03
1.789649422952906752e+05 4.790294337749816458e-03
1.867509478528243199e+05 4.718507385369236778e-03
1.948756894877398154e+05 4.627138432479716360e-03
2.033539041700111702e+05 4.357147274849484768e-03
2.122009700126690441e+05 4.645942707173252376e-03
2.214329341652157309e+05 4.405770708193353612e-03
2.310665419205641374e+05 4.389836966014197712e-03
2.411192670882964740e+05 4.394112333724057434e-03
2.516093436893345497e+05 4.444934004515587768e-03
2.625557990295106429e+05 4.417032476557961919e-03
2.739784882120293914e+05 4.099107963222620860e-03
2.858981301514200750e+05 4.206813925698118205e-03
2.983363451543037081e+05 4.246115767619587644e-03
3.113156941351395799e+05 4.159504216368833072e-03
3.248597195380828343e+05 4.081887726690768513e-03
3.389929880391783081e+05 4.054621598211039304e-03
3.537411351063454640e+05 4.050793960519458690e-03
3.691309114979797741e+05 4.007796061980185842e-03
3.851902317845114740e+05 3.976539898942358341e-03
4.019482249809301575e+05 3.975315912891052780e-03
4.194352873821160174e+05 3.901098221414169530e-03
4.376831376968135592e+05 3.963684042064278580e-03
4.567248745802495978e+05 3.948735515213138737e-03
4.765950366697513964e+05 3.887913340236233070e-03
4.973296652322599548e+05 3.904211399047707084e-03
5.189663695373724331e+05 3.878315384469037137e-03
5.415443950744860340e+05 3.819199171294859925e-03
5.651046947377803735e+05 3.832184648305846271e-03
5.896900031081594061e+05 3.829034018048751552e-03
6.153449139668828575e+05 3.806744670791286592e-03
6.421159611814880045e+05 3.767552606411486097e-03
6.700517031107150251e+05 3.746673279911376473e-03
6.992028106815317878e+05 3.751212006762686627e-03
7.296221592980173882e+05 3.724628588727065155e-03
7.613649247488108231e+05 3.708878777170058864e-03
7.944886832870859653e+05 3.699559008914611070e-03
8.290535160645822762e+05 3.693352426285784890e-03
8.651221181091160979e+05 3.691827798161728940e-03
9.027599120432427153e+05 3.683363674115168462e-03
9.420351667503338540e+05 3.678646717828829189e-03
9.830191212033139309e+05 3.665496720226846770e-03
1.025786113680658164e+06 3.662421318552564874e-03
1.070413716604031390e+06 3.663747464419135711e-03
1.116982877242140938e+06 3.657560870786112726e-03
1.165578064536016202e+06 3.654607539860209742e-03
1.216287422312036389e+06 3.654158510793254280e-03
1.269202929160604253e+06 3.638058900765401508e-03
1.324420565270459978e+06 3.640156926449617403e-03
1.382040486521255923e+06 3.631167217932532078e-03
1.442167206150156213e+06 3.631407243380732359e-03
1.504909784321977990e+06 3.629177813860573042e-03
1.570382025946733309e+06 3.630820311171151227e-03
1.638702687103363918e+06 3.623258720510959784e-03
1.709995690444097621e+06 3.628253025712930603e-03
1.784390349970143754e+06 3.624327726523494247e-03
1.862021605586416787e+06 3.620397391975611716e-03
1.943030267860745313e+06 3.617349868147672846e-03
2.027563273431514390e+06 3.618485534532147555e-03
2.115773951527012512e+06 3.613009476881235815e-03
2.207822302079902031e+06 3.613678889194850506e-03
2.303875285941275768e+06 3.610779981274370078e-03
2.404107127720690332e+06 3.609622440722146542e-03
2.508699631801488344e+06 3.606470474066473652e-03
2.617842512104606722e+06 3.605285093601220698e-03
2.731733736199009698e+06 3.602808101550698285e-03
2.850579884382903576e+06 3.601532830056895784e-03
2.974596524387058336e+06 3.601481593053864824e-03
3.104008602379877120e+06 3.600688396788404976e-03
3.239050850983437616e+06 3.598958617509659917e-03
3.379968215040580835e+06 3.598702218310009457e-03
3.527016295905329287e+06 3.598838888030499866e-03
3.680461815062484704e+06 3.596967137019994269e-03
3.840583097917342559e+06 3.595705684557425758e-03
4.007670578633065801e+06 3.595512840360412261e-03
4.182027326931377407e+06 3.594527951358209798e-03
4.363969597812118940e+06 3.594231447033443931e-03
4.553827405188770033e+06 3.594118825523962002e-03
4.751945120480441488e+06 3.593948942631668055e-03
4.958682097246030346e+06 3.593380263063057634e-03
5.174413322993571870e+06 3.592303726337939696e-03
5.399530099347066134e+06 3.591710682070496565e-03
5.634440751804465428e+06 3.591671565115757848e-03
5.879571370374216698e+06 3.590573935928519263e-03
6.135366582433775067e+06 3.589622946252388289e-03
6.402290359211891890e+06 3.589631594377722633e-03
6.680826857357543893e+06 3.589305029367606970e-03
6.971481297121950425e+06 3.589025266225402428e-03
7.274780878746563569e+06 3.588861414925275176e-03
7.591275738719213754e+06 3.588453729909000991e-03
7.921539947632909752e+06 3.587799933881178575e-03
8.266172551457234658e+06 3.587205460192786650e-03
8.625798658111047000e+06 3.586798232603638590e-03
9.001070571307353675e+06 3.586720664355801981e-03
9.392668973726961762e+06 3.586573300401167067e-03
9.801304161666996777e+06 3.586350489518590028e-03
1.022771733340373263e+07 3.586161510535271213e-03
1.067268193360666372e+07 3.585939189471293916e-03
1.113700505624227971e+07 3.585827770247638872e-03
1.162152890851223469e+07 3.585713286299462791e-03
1.212713233848130889e+07 3.585579080957576777e-03
1.265473242916593328e+07 3.585451854857021892e-03
1.320528616197475232e+07 3.585352385924887517e-03
1.377979215251848102e+07 3.585267476023341893e-03
1.437929246193742193e+07 3.585182917466207732e-03
1.500487448703214899e+07 3.585070203101407751e-03
1.565767293262583762e+07 3.584970852744154626e-03
1.633887186973565444e+07 3.584888464939813262e-03
1.704970688328647614e+07 3.584807250326101612e-03
1.779146731326251104e+07 3.584698326313950564e-03
1.856549859336193278e+07 3.584604451765130862e-03
1.937320469139645621e+07 3.584492447066880364e-03
2.021605065586232394e+07 3.584393033028638806e-03
2.109556527330185100e+07 3.584285229507564417e-03
