4.402668768255081886e+03 1.184991963539869762e-02
8.702291228692711229e+03 1.118349335649815139e-02
1.276695311178296288e+04 1.042167306810462719e-02
1.720090168377494410e+04 1.071758977325488506e-02
2.128263827136110922e+04 1.067382914518278172e-02
2.633296208052037036e+04 1.003128119087264535e-02
2.992156217165216731e+04 9.122427842972158016e-03
3.399920905420427152e+04 9.794560156161402284e-03
3.863254898524766031e+04 9.812644392362830301e-03
4.389731063208368869e+04 9.021604251224574905e-03
4.779996890100365999e+04 8.291079170550975930e-03
5.204959014657664375e+04 8.543542013040255831e-03
5.667702085826511757e+04 8.522489401148324040e-03
5.914279763961255958e+04 9.277842606272835441e-03
6.440084477124233672e+04 8.864355427849459831e-03
7.012635473421998904e+04 7.866217905909545297e-03
7.317725498701544711e+04 7.376541716093988274e-03
7.636088696938367502e+04 7.832468875481663276e-03
8.314969572923783562e+04 7.186061500769395233e-03
8.676718631008510420e+04 7.456264408420520268e-03
9.054205856247972406e+04 7.145461379889675793e-03
9.448115949541462760e+04 7.578946291461530725e-03
9.859163400220239419e+04 7.106584935788350446e-03
1.028809378201585205e+05 6.832825387604150001e-03
1.073568510541054857e+05 6.942584702752437747e-03
1.120274922882271931e+05 6.396108996151845215e-03
1.169013333118703304e+05 7.108492709704325799e-03
1.219872144860027474e+05 7.100726680957086638e-03
1.272943607782017789e+05 6.593182395756720313e-03
1.328323984952562314e+05 6.134338335819018023e-03
1.386113727437329653e+05 6.724898574957668268e-03
1.446417656501793244e+05 6.345524013368392287e-03
1.509345153740085370e+05 5.770903013832895737e-03
1.575010359475556761e+05 6.012502599725977510e-03
1.643532379792899883e+05 5.643578742886493430e-03
1.715035502577361767e+05 5.748408598646446641e-03
1.789649422952906752e+05 5.697376474296035262e-03
1.867509478528243199e+05 5.648484464167228582e-03
1.948756894877398154e+05 5.454698721176926349e-03
2.033539041700111702e+05 5.465929534388247642e-03
2.122009700126690441e+05 5.219371523896119622e-03
2.214329341652157309e+05 5.222296911881594075e-03
2.310665419205641374e+05 5.268960122114056330e-03
2.411192670882964740e+05 5.139071184648722791e-03
2.516093436893345497e+05 5.073210464337789445e-03
2.625557990295106429e+05 5.084958695409490075e-03
2.739784882120293914e+05 5.105136212162483464e-03
2.858981301514200750e+05 5.075890300296335110e-03
2.983363451543037081e+05 5.007712475336670299e-03
3.113156941351395799e+05 4.996096073566716304e-03
3.248597195380828343e+05 4.895630211053002105e-03
3.389929880391783081e+05 4.902776731645932390e-03
3.537411351063454640e+05 4.853748774623543004e-03
3.691309114979797741e+05 4.800339470298047723e-03
3.851902317845114740e+05 4.795509615946750952e-03
4.019482249809301575e+05 4.745589074810483039e-03
4.194352873821160174e+05 4.723459804056949658e-03
4.376831376968135592e+05 4.693654756212431445e-03
4.567248745802495978e+05 4.671968846389162183e-03
4.765950366697513964e+05 4.693441492537624854e-03
4.973296652322599548e+05 4.619750721222085250e-03
5.189663695373724331e+05 4.644868804269956103e-03
5.415443950744860340e+05 4.593487516470220154e-03
5.651046947377803735e+05 4.579924808207824424e-03
5.896900031081594061e+05 4.541049536504942162e-03
6.153449139668828575e+05 4.538304877147905474e-03
6.421159611814880045e+05 4.526887886674762530e-03
6.700517031107150251e+05 4.527878777337879766e-03
6.992028106815317878e+05 4.511149042182136144e-03
7.296221592980173882e+05 4.486749671435033386e-03
7.613649247488108231e+05 4.514303878701591416e-03
7.944886832870859653e+05 4.503442054164034231e-03
8.290535160645822762e+05 4.494877243577171007e-03
8.651221181091160979e+05 4.477921908874755996e-03
9.027599120432427153e+05 4.474418079557560164e-03
9.420351667503338540e+05 4.462620111715783801e-03
9.830191212033139309e+05 4.445221707823760610e-03
1.025786113680658164e+06 4.437576154778526301e-03
1.070413716604031390e+06 4.439560756698988572e-03
1.116982877242140938e+06 4.422586991861974549e-03
1.165578064536016202e+06 4.414109949654868893e-03
1.216287422312036389e+06 4.425289249510821511e-03
1.269202929160604253e+06 4.413397135912478647e-03
1.324420565270459978e+06 4.422825148829051534e-03
1.382040486521255923e+06 4.416410451644815251e-03
1.442167206150156213e+06 4.410704287067311428e-03
1.504909784321977990e+06 4.403779078109885774e-03
1.570382025946733309e+06 4.394071698161123793e-03
1.638702687103363918e+06 4.386423998449194388e-03
1.709995690444097621e+06 4.398104102065543419e-03
1.784390349970143754e+06 4.400507507005664565e-03
1.862021605586416787e+06 4.399595251454066838e-03
1.943030267860745313e+06 4.392665953041854227e-03
2.027563273431514390e+06 4.392648148101118907e-03
2.115773951527012512e+06 4.384848206727924060e-03
2.207822302079902031e+06 4.382997138293367664e-03
2.303875285941275768e+06 4.381880373233643100e-03
2.404107127720690332e+06 4.381891781347982580e-03
2.508699631801488344e+06 4.376855726622891005e-03
2.617842512104606722e+06 4.383331770445747858e-03
2.731733736199009698e+06 4.386276825920069899e-03
2.850579884382903576e+06 4.384909740785963156e-03
2.974596524387058336e+06 4.378296033544804358e-03
3.104008602379877120e+06 4.376758008858239353e-03
3.239050850983437616e+06 4.375721935404652124e-03
3.379968215040580835e+06 4.375354542602776647e-03
3.527016295905329287e+06 4.375563509821953599e-03
3.680461815062484704e+06 4.372650884236714726e-03
3.840583097917342559e+06 4.373403230066972083e-03
4.007670578633065801e+06 4.372210099283594872e-03
4.182027326931377407e+06 4.369881308547695145e-03
4.363969597812118940e+06 4.368512816920397390e-03
4.553827405188770033e+06 4.369586466571095083e-03
4.751945120480441488e+06 4.370605347775519817e-03
4.958682097246030346e+06 4.368554205736003941e-03
5.174413322993571870e+06 4.367249335252195060e-03
5.399530099347066134e+06 4.368004651320553031e-03
5.634440751804465428e+06 4.366836741425377498e-03
5.879571370374216698e+06 4.365486294930004049e-03
6.135366582433775067e+06 4.364812441123491933e-03
6.402290359211891890e+06 4.364492813135054279e-03
6.680826857357543893e+06 4.364909738886544113e-03
6.971481297121950425e+06 4.363809611579046698e-03
7.274780878746563569e+06 4.363382996597131927e-03
7.591275738719213754e+06 4.363494530533287320e-03
7.921539947632909752e+06 4.363289786069751187e-03
8.266172551457234658e+06 4.362921092591313596e-03
8.625798658111047000e+06 4.362734655919684942e-03
9.001070571307353675e+06 4.362165914686224645e-03
9.392668973726961762e+06 4.361814209475772114e-03
9.801304161666996777e+06 4.361779277679442464e-03
1.022771733340373263e+07 4.361626781001848654e-03
1.067268193360666372e+07 4.361467773041114576e-03
1.113700505624227971e+07 4.361523634103288936e-03
1.162152890851223469e+07 4.361728612469004812e-03
1.212713233848130889e+07 4.361867080805078081e-03
1.265473242916593328e+07 4.362108507870559801e-03
1.320528616197475232e+07 4.362305662741122747e-03
1.377979215251848102e+07 4.362477845061684713e-03
1.437929246193742193e+07 4.362627674569131454e-03
1.500487448703214899e+07 4.362797959272243092e-03
1.565767293262583762e+07 4.362981900300711736e-03
1.633887186973565444e+07 4.363200083100522361e-03
1.704970688328647614e+07 4.363430949081780787e-03
1.779146731326251104e+07 4.363691483823184045e-03
1.856549859336193278e+07 4.363966206868655391e-03
1.937320469139645621e+07 4.364244811309357999e-03
2.021605065586232394e+07 4.364545697727730683e-03
2.109556527330185100e+07 4.364851230265942052e-03
