4.402668768255080977e+03 1.049451550639535213e-02
8.702291228692711229e+03 1.000218583284605799e-02
1.276695311178296106e+04 9.431395075090170596e-03
1.720090168377494410e+04 8.931284068611638344e-03
2.128263827136110558e+04 9.173069218727384136e-03
2.633296208052036673e+04 8.244112238173414639e-03
2.992156217165216367e+04 8.030391617692738543e-03
3.399920905420426425e+04 8.028082004757741696e-03
3.863254898524766031e+04 8.072796770125312618e-03
4.389731063208368141e+04 8.514618691334772255e-03
4.779996890100366727e+04 8.665304263672023860e-03
5.204959014657664375e+04 8.235707197713397834e-03
5.667702085826511029e+04 7.881348272468200605e-03
5.914279763961255958e+04 7.364669178702875317e-03
6.440084477124233672e+04 6.545459595019245680e-03
7.012635473421998904e+04 6.466659558570016231e-03
7.317725498701544711e+04 6.519478650273812653e-03
7.636088696938366047e+04 6.328493489033147450e-03
8.314969572923782107e+04 6.271243287696047670e-03
8.676718631008510420e+04 5.921380550187644101e-03
9.054205856247972406e+04 5.742110752150760868e-03
9.448115949541462760e+04 6.162101350368031152e-03
9.859163400220239419e+04 5.823730389052210639e-03
1.028809378201585205e+05 5.866557781461593027e-03
1.073568510541054857e+05 6.012561215425983943e-03
1.120274922882271785e+05 6.118945773304611951e-03
1.169013333118703304e+05 5.931013595653229602e-03
1.219872144860027474e+05 5.710725721064965378e-03
1.272943607782017789e+05 5.449690675356130484e-03
1.328323984952562314e+05 4.705347215106998535e-03
1.386113727437329653e+05 4.577851012270112846e-03
1.446417656501793244e+05 4.928941255060927291e-03
1.509345153740085370e+05 4.733766744872183393e-03
1.575010359475556761e+05 4.910715563552665863e-03
1.643532379792899883e+05 4.771210614295667840e-03
1.715035502577361767e+05 4.486566448894942043e-03
1.789649422952906461e+05 4.389819643571841318e-03
1.867509478528242907e+05 4.477248841026623856e-03
1.948756894877398154e+05 4.529424254454733970e-03
2.033539041700111702e+05 4.272941788294333174e-03
2.122009700126690441e+05 4.176172037018478257e-03
2.214329341652157309e+05 4.181276693478127617e-03
2.310665419205641083e+05 4.090230225850476596e-03
2.411192670882964449e+05 4.133566847988822367e-03
2.516093436893345497e+05 4.036422510285160928e-03
2.625557990295107011e+05 4.003130556620413533e-03
2.739784882120293914e+05 3.962602068331540911e-03
2.858981301514200168e+05 3.947300312830897412e-03
2.983363451543037081e+05 3.925157691550774409e-03
3.113156941351395799e+05 3.815798535656051652e-03
3.248597195380828343e+05 3.783954555737349765e-03
3.389929880391783081e+05 3.720000891623221652e-03
3.537411351063454640e+05 3.712253280034871154e-03
3.691309114979797741e+05 3.707654497343006519e-03
3.851902317845114740e+05 3.677878981228580469e-03
4.019482249809301575e+05 3.597425521741726660e-03
4.194352873821160174e+05 3.583587192523090843e-03
4.376831376968135592e+05 3.569460191441393981e-03
4.567248745802495396e+05 3.523913697728974469e-03
4.765950366697513382e+05 3.541216465285224220e-03
4.973296652322599548e+05 3.542174484160790816e-03
5.189663695373723749e+05 3.465541164271215488e-03
5.415443950744859176e+05 3.460030789324940702e-03
5.651046947377803735e+05 3.427749306068325532e-03
5.896900031081594061e+05 3.441606290646107708e-03
6.153449139668828575e+05 3.434827225598820980e-03
6.421159611814880045e+05 3.426304232478145050e-03
6.700517031107150251e+05 3.388405077175030838e-03
6.992028106815317878e+05 3.399706324984085818e-03
7.296221592980173882e+05 3.394420168631984668e-03
7.613649247488108231e+05 3.380165180310278072e-03
7.944886832870859653e+05 3.367850465541870168e-03
8.290535160645822762e+05 3.364608655669351113e-03
8.651221181091159815e+05 3.355119983998707759e-03
9.027599120432425989e+05 3.346698354692601192e-03
9.420351667503338540e+05 3.332308637720245072e-03
9.830191212033140473e+05 3.332869292326218810e-03
1.025786113680658164e+06 3.308771352311013110e-03
1.070413716604031390e+06 3.309988154701808041e-03
1.116982877242140938e+06 3.301104601202100707e-03
1.165578064536016202e+06 3.303155466302158672e-03
1.216287422312036389e+06 3.307170516571065338e-03
1.269202929160604253e+06 3.287150886271695324e-03
1.324420565270459978e+06 3.276103589173583446e-03
1.382040486521255691e+06 3.276696710491658511e-03
1.442167206150155980e+06 3.273671384835624872e-03
1.504909784321977990e+06 3.266414235281322239e-03
1.570382025946733309e+06 3.262724658493351259e-03
1.638702687103363918e+06 3.255668811823192628e-03
1.709995690444097621e+06 3.253845962658638569e-03
1.784390349970143754e+06 3.253733940963779957e-03
1.862021605586416787e+06 3.252833813379583851e-03
1.943030267860745313e+06 3.247271377582838185e-03
2.027563273431514623e+06 3.248069662984969137e-03
2.115773951527012512e+06 3.244680429907344319e-03
2.207822302079902031e+06 3.242595954992684350e-03
2.303875285941275768e+06 3.239548866819888517e-03
2.404107127720690332e+06 3.239560923885866951e-03
2.508699631801488344e+06 3.238903745280306661e-03
2.617842512104606722e+06 3.235454341375930583e-03
2.731733736199009698e+06 3.233759039447741193e-03
2.850579884382903110e+06 3.232741542261264017e-03
2.974596524387058336e+06 3.231579634018254613e-03
3.104008602379877120e+06 3.232455734254078509e-03
3.239050850983437151e+06 3.231230699784072569e-03
3.379968215040580370e+06 3.228577767545023035e-03
3.527016295905329287e+06 3.226440335106250164e-03
3.680461815062484704e+06 3.225754368419358337e-03
3.840583097917342093e+06 3.223514136169698587e-03
4.007670578633065801e+06 3.222510382082695822e-03
4.182027326931377407e+06 3.222208263827346531e-03
4.363969597812118940e+06 3.222173880441667106e-03
4.553827405188770033e+06 3.221734934324198274e-03
4.751945120480441488e+06 3.220942088529216152e-03
4.958682097246030346e+06 3.219859029129015001e-03
5.174413322993571870e+06 3.219170561083366331e-03
5.399530099347066134e+06 3.218246005588479893e-03
5.634440751804464497e+06 3.217577184298326710e-03
5.879571370374217629e+06 3.217517009429507555e-03
6.135366582433775999e+06 3.216760795256078803e-03
6.402290359211891890e+06 3.215660895602146224e-03
6.680826857357543893e+06 3.215248057298564308e-03
6.971481297121950425e+06 3.215070743393646114e-03
7.274780878746563569e+06 3.214499182162864222e-03
7.591275738719213754e+06 3.213830413155599561e-03
7.921539947632909752e+06 3.213546724403038273e-03
8.266172551457234658e+06 3.213078681676325050e-03
8.625798658111047000e+06 3.212894551044271838e-03
9.001070571307353675e+06 3.212723267206599956e-03
9.392668973726961762e+06 3.212420025412881120e-03
9.801304161666996777e+06 3.212229100339248234e-03
1.022771733340373263e+07 3.212218116335934567e-03
1.067268193360666372e+07 3.212188836293834466e-03
1.113700505624227971e+07 3.212018122428978491e-03
1.162152890851223655e+07 3.211820296558181003e-03
1.212713233848131076e+07 3.211526226758599448e-03
1.265473242916593328e+07 3.211258073491142246e-03
1.320528616197475046e+07 3.211000545563163534e-03
1.377979215251847915e+07 3.210757576237265650e-03
1.437929246193742193e+07 3.210571863205266985e-03
1.500487448703214899e+07 3.210393660055664393e-03
1.565767293262583762e+07 3.210181524939233460e-03
1.633887186973565444e+07 3.209968619722881195e-03
1.704970688328647614e+07 3.209726815556167723e-03
1.779146731326251104e+07 3.209492239085482302e-03
1.856549859336193278e+07 3.209255719004333769e-03
1.937320469139645249e+07 3.209003693618168746e-03
2.021605065586232394e+07 3.208715664811230377e-03
2.109556527330185100e+07 3.208406054213827022e-03
