4.402668768255080977e+03 1.192240630848805105e-02
8.702291228692711229e+03 1.208881578614870445e-02
1.276695311178296106e+04 1.062811776504886223e-02
1.720090168377494410e+04 1.028647855849129655e-02
2.128263827136110558e+04 1.041339107261632715e-02
2.633296208052036673e+04 9.022626459732485324e-03
2.992156217165216367e+04 9.590505213330354287e-03
3.399920905420426425e+04 9.365287967163193200e-03
3.863254898524766031e+04 8.557206011955706751e-03
4.389731063208368141e+04 8.951988709278168449e-03
4.779996890100366727e+04 8.233686176080036445e-03
5.204959014657664375e+04 7.780794395828426191e-03
5.667702085826511029e+04 7.076515480082251099e-03
5.914279763961255958e+04 7.432417683640489027e-03
6.440084477124233672e+04 7.629000918334450515e-03
7.012635473421998904e+04 6.922294471565773252e-03
7.317725498701544711e+04 7.029403884798840138e-03
7.636088696938366047e+04 6.791315883166020376e-03
8.314969572923782107e+04 7.380885774117328622e-03
8.676718631008510420e+04 7.422087646050483899e-03
9.054205856247972406e+04 7.309846749877604508e-03
9.448115949541462760e+04 6.940889686641272920e-03
9.859163400220239419e+04 6.644155674995762088e-03
1.028809378201585205e+05 6.016253684327525254e-03
1.073568510541054857e+05 5.728151487857806139e-03
1.120274922882271785e+05 5.618493767276343601e-03
1.169013333118703304e+05 5.630225388587321161e-03
1.219872144860027474e+05 5.758036995217664586e-03
1.272943607782017789e+05 5.812625872826984383e-03
1.328323984952562314e+05 6.014321428162977719e-03
1.386113727437329653e+05 5.709657236058351612e-03
1.446417656501793244e+05 5.423765188908864776e-03
1.509345153740085370e+05 5.478978724361072659e-03
1.575010359475556761e+05 5.227717206932369458e-03
1.643532379792899883e+05 5.287990644266471994e-03
1.715035502577361767e+05 5.161007658503302675e-03
1.789649422952906461e+05 4.962849862184396874e-03
1.867509478528242907e+05 5.023034057124532541e-03
1.948756894877398154e+05 5.111693085976268258e-03
2.033539041700111702e+05 4.991366194559782032e-03
2.122009700126690441e+05 4.685256663836995412e-03
2.214329341652157309e+05 4.503148836799428581e-03
2.310665419205641083e+05 4.714901638756097135e-03
2.411192670882964449e+05 4.557610857620407116e-03
2.516093436893345497e+05 4.516853320140129177e-03
2.625557990295107011e+05 4.642415506377395307e-03
2.739784882120293914e+05 4.567470583802379393e-03
2.858981301514200168e+05 4.488428974814663054e-03
2.983363451543037081e+05 4.463225574041897702e-03
3.113156941351395799e+05 4.395216248672722571e-03
3.248597195380828343e+05 4.279933698909093448e-03
3.389929880391783081e+05 4.297233319213725027e-03
3.537411351063454640e+05 4.259718828407546565e-03
3.691309114979797741e+05 4.156164777337981696e-03
3.851902317845114740e+05 4.187515156347840217e-03
4.019482249809301575e+05 4.195259478899082510e-03
4.194352873821160174e+05 4.126805303690081646e-03
4.376831376968135592e+05 4.066411569655716506e-03
4.567248745802495396e+05 4.063610243501233552e-03
4.765950366697513382e+05 4.086120582612387531e-03
4.973296652322599548e+05 4.028845141584599596e-03
5.189663695373723749e+05 4.011911921509783360e-03
5.415443950744859176e+05 3.973377110090570499e-03
5.651046947377803735e+05 3.967370064163310527e-03
5.896900031081594061e+05 3.957713208379057788e-03
6.153449139668828575e+05 3.965928919126904435e-03
6.421159611814880045e+05 3.937936262578751664e-03
6.700517031107150251e+05 3.923284717270000312e-03
6.992028106815317878e+05 3.914131121230573704e-03
7.296221592980173882e+05 3.886667551309154912e-03
7.613649247488108231e+05 3.887043758056739958e-03
7.944886832870859653e+05 3.877288045045842492e-03
8.290535160645822762e+05 3.870443593187718016e-03
8.651221181091159815e+05 3.855894744026150053e-03
9.027599120432425989e+05 3.841944691143055896e-03
9.420351667503338540e+05 3.837483237703556531e-03
9.830191212033140473e+05 3.825142188579502833e-03
1.025786113680658164e+06 3.826673529053414846e-03
1.070413716604031390e+06 3.818981286401815396e-03
1.116982877242140938e+06 3.810469169102967228e-03
1.165578064536016202e+06 3.803718430768746397e-03
1.216287422312036389e+06 3.802489200072534537e-03
1.269202929160604253e+06 3.788571353530262916e-03
1.324420565270459978e+06 3.784343454005469846e-03
1.382040486521255691e+06 3.778302433001830014e-03
1.442167206150155980e+06 3.774091392347323718e-03
1.504909784321977990e+06 3.772663893256912333e-03
1.570382025946733309e+06 3.767216385237776889e-03
1.638702687103363918e+06 3.762568136809458282e-03
1.709995690444097621e+06 3.764655232560569758e-03
1.784390349970143754e+06 3.761163571422388666e-03
1.862021605586416787e+06 3.759316192702015329e-03
1.943030267860745313e+06 3.757110944592494204e-03
2.027563273431514623e+06 3.755215979669541352e-03
2.115773951527012512e+06 3.754708269276779090e-03
2.207822302079902031e+06 3.754101700162174038e-03
2.303875285941275768e+06 3.751677473348261332e-03
2.404107127720690332e+06 3.747964229243240172e-03
2.508699631801488344e+06 3.746382421539606964e-03
2.617842512104606722e+06 3.744245758754756286e-03
2.731733736199009698e+06 3.743288523435684984e-03
2.850579884382903110e+06 3.741667191240940354e-03
2.974596524387058336e+06 3.742007088960731462e-03
3.104008602379877120e+06 3.740838758677810048e-03
3.239050850983437151e+06 3.738636423907987748e-03
3.379968215040580370e+06 3.737956551728743165e-03
3.527016295905329287e+06 3.735339502128853968e-03
3.680461815062484704e+06 3.734177342582196968e-03
3.840583097917342093e+06 3.732906402384604614e-03
4.007670578633065801e+06 3.732561945193038980e-03
4.182027326931377407e+06 3.731716876153290050e-03
4.363969597812118940e+06 3.731213621541748342e-03
4.553827405188770033e+06 3.730222412403148575e-03
4.751945120480441488e+06 3.729386243613415364e-03
4.958682097246030346e+06 3.729691642872450842e-03
5.174413322993571870e+06 3.729247660991735942e-03
5.399530099347066134e+06 3.727876418136631849e-03
5.634440751804464497e+06 3.727254221899823760e-03
5.879571370374217629e+06 3.726773061384283572e-03
6.135366582433775999e+06 3.726305795885922773e-03
6.402290359211891890e+06 3.725475220558853960e-03
6.680826857357543893e+06 3.725497624086239641e-03
6.971481297121950425e+06 3.725022060357221967e-03
7.274780878746563569e+06 3.724640595844378160e-03
7.591275738719213754e+06 3.724238734445655275e-03
7.921539947632909752e+06 3.723869348071284779e-03
8.266172551457234658e+06 3.723261700960992654e-03
8.625798658111047000e+06 3.722923990975475234e-03
9.001070571307353675e+06 3.722662103286385801e-03
9.392668973726961762e+06 3.722469065513522510e-03
9.801304161666996777e+06 3.722257087775152247e-03
1.022771733340373263e+07 3.722000271786101051e-03
1.067268193360666372e+07 3.721866381179550487e-03
1.113700505624227971e+07 3.721898438479343072e-03
1.162152890851223655e+07 3.722086533413154676e-03
1.212713233848131076e+07 3.722278260100347382e-03
1.265473242916593328e+07 3.722547047585482091e-03
1.320528616197475046e+07 3.722799401648093417e-03
1.377979215251847915e+07 3.723058562777028548e-03
1.437929246193742193e+07 3.723349867327321872e-03
1.500487448703214899e+07 3.723698234117664169e-03
1.565767293262583762e+07 3.724051286329493893e-03
1.633887186973565444e+07 3.724413448786404943e-03
1.704970688328647614e+07 3.724800433160397207e-03
1.779146731326251104e+07 3.725232801407012562e-03
1.856549859336193278e+07 3.725668543402985058e-03
1.937320469139645249e+07 3.726125769081666244e-03
2.021605065586232394e+07 3.726616598533849523e-03
2.109556527330185100e+07 3.727128187565262058e-03
