4.392417974297247383e+03 1.142345478125748708e-02
8.490647227221732464e+03 1.026979450194790387e-02
1.317545296603785573e+04 9.367170040294863984e-03
1.702472075232918360e+04 8.634675636293300677e-03
2.120764163533288229e+04 8.009162552332648594e-03
2.546846038971913367e+04 7.408438759888728159e-03
3.058531852697967770e+04 6.927491203759432968e-03
3.413651620874463697e+04 6.455112458960400763e-03
3.952095676597111742e+04 6.041896091982836871e-03
4.252375195844213886e+04 5.670481939318253173e-03
4.746109630035442387e+04 5.314760381795277655e-03
5.106718186766581493e+04 5.015794380263528633e-03
5.699648607624392753e+04 4.711834732516701624e-03
6.132706884505107155e+04 4.460337583828458650e-03
6.361422945675382653e+04 4.209408474851802397e-03
6.844762717828775931e+04 3.979039640259279809e-03
7.364826559005767922e+04 3.768280277084184310e-03
7.639493872070079669e+04 3.578850263233150728e-03
8.219941243519241107e+04 3.407066453050937738e-03
8.526499606681664591e+04 3.242608205199374108e-03
9.174341514436142461e+04 3.079407384070963118e-03
9.516493731153752015e+04 2.918517207165092619e-03
9.871406333913299022e+04 2.801891594310284509e-03
1.023955521456637216e+05 2.677614405632921385e-03
1.062143401309958426e+05 2.563131363843195332e-03
1.101755477954188100e+05 2.458052061162289709e-03
1.185466661164408433e+05 2.355891002308068381e-03
1.229678013589428156e+05 2.224483981745575649e-03
1.275538205030576646e+05 2.096546224993587910e-03
1.323108728067295451e+05 2.031853029087420104e-03
1.372453368612265040e+05 1.959155632311927828e-03
1.423638291440058674e+05 1.895836788486449662e-03
1.476732128905537829e+05 1.829148009904522790e-03
1.531806072970960813e+05 1.745114211925411982e-03
1.588933970665177330e+05 1.657359877848087366e-03
1.648192423102938046e+05 1.603459558379024446e-03
1.709660888197078311e+05 1.535429391975701944e-03
1.773421787201280822e+05 1.471165837842507151e-03
1.839560615226314985e+05 1.406265694579739937e-03
1.908166055877908075e+05 1.332405927251726404e-03
1.979330100169979560e+05 1.285631669414317351e-03
2.053148169872680155e+05 1.236438619907170595e-03
2.129719245460636739e+05 1.177193741749746683e-03
2.209145998832951882e+05 1.123939170544424734e-03
2.291534930982921796e+05 1.078793432845694599e-03
2.376996514802088204e+05 1.035124328544175703e-03
2.465645343210080173e+05 9.943961214300225428e-04
2.557600282808884513e+05 9.588282560774698867e-04
2.652984633267567260e+05 9.277741948916352985e-04
2.751926292651174590e+05 8.937290927264437187e-04
2.854557928915473749e+05 8.588266794452522647e-04
2.961017157797503169e+05 8.268798800148196779e-04
3.071446727340462967e+05 7.977901184445978155e-04
3.185994709300362156e+05 7.632304057891637142e-04
3.304814697691070032e+05 7.335142920059968541e-04
3.428066014734002529e+05 7.118252419753708614e-04
3.555913924488605699e+05 6.894868650521900413e-04
3.688529854450044804e+05 6.629168915090824250e-04
3.826091625411292189e+05 6.379406803492926716e-04
3.968783689897799050e+05 6.198400549800127043e-04
4.116797379494428751e+05 6.011321249233120279e-04
4.270331161396359093e+05 5.821132243127468591e-04
4.429590904527886305e+05 5.659356636711786095e-04
4.594790155586018227e+05 5.493827580970890708e-04
4.766150425378921209e+05 5.333000481000799153e-04
4.943901485843248665e+05 5.184343898187991108e-04
5.128281678138576681e+05 5.038774184507124627e-04
5.319538232232013252e+05 4.918429743051336810e-04
5.517927598401593277e+05 4.786358443333180385e-04
5.723715791102894582e+05 4.664127937979411489e-04
5.937178745659999549e+05 4.554547381685327486e-04
6.158602688259010902e+05 4.463310302209082476e-04
6.388284519740336109e+05 4.370175455115554090e-04
6.626532213704264723e+05 4.284633723442964211e-04
6.873665229463690193e+05 4.189364354009695256e-04
7.130014940397718456e+05 4.108118058370843653e-04
7.395925078280424932e+05 4.034623242164520735e-04
7.671752194180692313e+05 3.958444434813773402e-04
7.957866136551013915e+05 3.893171756380727974e-04
8.254650547146422323e+05 3.836375281639770583e-04
8.562503375438367948e+05 3.768639441208011375e-04
8.881837412213456118e+05 3.712924838661722901e-04
9.213080843072482385e+05 3.659081330092792302e-04
9.556677822571838042e+05 3.606471504515917957e-04
9.913089069777294062e+05 3.556945228474535240e-04
1.028279248602860956e+06 3.510349601739920326e-04
1.066628379574339837e+06 3.469657726678477497e-04
1.106407721111932537e+06 3.426982987921918934e-04
1.147670612162613310e+06 3.383379418327084180e-04
1.190472380921188509e+06 3.345992926605762061e-04
1.234870419018237619e+06 3.311264416829235802e-04
1.280924258474862669e+06 3.277204073145704587e-04
1.328695651527419919e+06 3.246548647340655614e-04
1.378248653429278638e+06 3.218275153190924723e-04
1.429649708340615267e+06 3.190690712645462431e-04
1.482967738421435934e+06 3.164295855572897922e-04
1.538274236247266876e+06 3.136893487363530799e-04
1.595643360671443166e+06 3.113573456345525075e-04
1.655152036262535490e+06 3.090852760842363774e-04
1.716880056450225413e+06 3.069370345025208141e-04
1.780910190517978510e+06 3.050401245483470793e-04
1.847328294585925527e+06 3.031769139779993483e-04
1.916223426732810913e+06 3.011791898840744447e-04
1.987687966411345173e+06 2.996838702639523428e-04
2.061817738317088224e+06 2.981690439319811380e-04
2.138712140876969323e+06 2.966777687299543319e-04
2.218474279529695399e+06 2.952901779070151020e-04
2.301211104976806324e+06 2.940335895518506114e-04
2.387033556589712389e+06 2.928022660876578682e-04
2.476056711165039334e+06 2.916758139769022400e-04
2.568399937227700371e+06 2.906640143079636620e-04
2.664187055088639725e+06 2.896350734290495171e-04
2.763546502871847712e+06 2.888270038683520544e-04
2.866611508733242750e+06 2.881389123922826145e-04
2.973520269502388313e+06 2.875348547561611297e-04
3.084416135986543726e+06 2.868857874499067826e-04
3.199447805185553152e+06 2.863615131295016761e-04
3.318769519675250631e+06 2.897510102961013039e-04
3.442541274426793680e+06 2.978986370452935779e-04
3.570929031339217909e+06 3.065224667261529957e-04
3.704104941772837192e+06 3.154351915208692368e-04
3.842247577381941024e+06 3.246239127294888436e-04
3.985542169556261040e+06 3.343354063775473388e-04
4.134180857792295981e+06 3.443535244002570383e-04
4.288362947327478789e+06 3.546635491617471255e-04
4.448295176382713951e+06 3.654422496084670899e-04
4.614191993371562101e+06 3.766868747814531041e-04
4.786275844447789714e+06 3.883822608511419520e-04
4.964777471776887774e+06 4.005379916225106844e-04
5.149936222931407392e+06 4.131658791647309847e-04
5.342000371825105511e+06 4.262228154004281400e-04
5.541227451616083272e+06 4.397522027484580646e-04
5.747884600025435910e+06 4.539131719594529865e-04
5.962248917534340173e+06 4.686832291607803702e-04
6.184607838939922862e+06 4.838935369705503779e-04
6.415259518768135458e+06 4.995697714298018201e-04
