4.392417974297247383e+03 1.154101391346969673e-02
8.490647227221732464e+03 1.028568267945477975e-02
1.317545296603785573e+04 9.442890101033675140e-03
1.702472075232918360e+04 8.663302745179703862e-03
2.120764163533288229e+04 7.981117988365933613e-03
2.546846038971913367e+04 7.429196649729159253e-03
3.058531852697967770e+04 6.913114143000224227e-03
3.413651620874463697e+04 6.460449155078648760e-03
3.952095676597111742e+04 6.009432697974562143e-03
4.252375195844213886e+04 5.643314326354518899e-03
4.746109630035442387e+04 5.306813973535166179e-03
5.106718186766581493e+04 4.973333697526229405e-03
5.699648607624392753e+04 4.692929346465883958e-03
6.132706884505107155e+04 4.426404879271385838e-03
6.361422945675382653e+04 4.177539135783101855e-03
6.844762717828775931e+04 3.966880164320102549e-03
7.364826559005767922e+04 3.735176766315659574e-03
7.639493872070079669e+04 3.560874551146425270e-03
8.219941243519241107e+04 3.382167137096353093e-03
8.526499606681664591e+04 3.203765412086749618e-03
9.174341514436142461e+04 3.064180804958797650e-03
9.516493731153752015e+04 2.916157908546944660e-03
9.871406333913299022e+04 2.791262880462805612e-03
1.023955521456637216e+05 2.677849716129653782e-03
1.062143401309958426e+05 2.561770518602239817e-03
1.101755477954188100e+05 2.461000436012880828e-03
1.185466661164408433e+05 2.360054128803753138e-03
1.229678013589428156e+05 2.228882124119505644e-03
1.275538205030576646e+05 2.100533379044910390e-03
1.323108728067295451e+05 2.034457121205117056e-03
1.372453368612265040e+05 1.959907745148024329e-03
1.423638291440058674e+05 1.885314753425670941e-03
1.476732128905537829e+05 1.815418271896259914e-03
1.531806072970960813e+05 1.739849920983558640e-03
1.588933970665177330e+05 1.654030469436387242e-03
1.648192423102938046e+05 1.597805800797572019e-03
1.709660888197078311e+05 1.526391948917417939e-03
1.773421787201280822e+05 1.465560777163322928e-03
1.839560615226314985e+05 1.405822732289672625e-03
1.908166055877908075e+05 1.331275013093181740e-03
1.979330100169979560e+05 1.283465503069995293e-03
2.053148169872680155e+05 1.238044618675924070e-03
2.129719245460636739e+05 1.179818681854030932e-03
2.209145998832951882e+05 1.127514756139567443e-03
2.291534930982921796e+05 1.079666118024031262e-03
2.376996514802088204e+05 1.038433451002512310e-03
2.465645343210080173e+05 9.947913835127671946e-04
2.557600282808884513e+05 9.568910781309006991e-04
2.652984633267567260e+05 9.269372712777930543e-04
2.751926292651174590e+05 8.940875307237442556e-04
2.854557928915473749e+05 8.572826079472911512e-04
2.961017157797503169e+05 8.227835804051749843e-04
3.071446727340462967e+05 7.956838621873472787e-04
3.185994709300362156e+05 7.628692745710631551e-04
3.304814697691070032e+05 7.303619428082087917e-04
3.428066014734002529e+05 7.088678149465915072e-04
3.555913924488605699e+05 6.882740777594364805e-04
3.688529854450044804e+05 6.617156474926703773e-04
3.826091625411292189e+05 6.368245226299482434e-04
3.968783689897799050e+05 6.190230406642334947e-04
4.116797379494428751e+05 5.990032230743343655e-04
4.270331161396359093e+05 5.807001396882109428e-04
4.429590904527886305e+05 5.645480810874187920e-04
4.594790155586018227e+05 5.475602437122309473e-04
4.766150425378921209e+05 5.335519636586773251e-04
4.943901485843248665e+05 5.189047936826733393e-04
5.128281678138576681e+05 5.041908458755463198e-04
5.319538232232013252e+05 4.910799048254822861e-04
5.517927598401593277e+05 4.793750000152304761e-04
5.723715791102894582e+05 4.670407603790904219e-04
5.937178745659999549e+05 4.549462496355409892e-04
6.158602688259010902e+05 4.457347990713024380e-04
6.388284519740336109e+05 4.372487417163261063e-04
6.626532213704264723e+05 4.276816087951815985e-04
6.873665229463690193e+05 4.194996161871272452e-04
7.130014940397718456e+05 4.101442896536034387e-04
7.395925078280424932e+05 4.028431447528854647e-04
7.671752194180692313e+05 3.958822869713622705e-04
7.957866136551013915e+05 3.899030564616417691e-04
8.254650547146422323e+05 3.834173686813879280e-04
8.562503375438367948e+05 3.767866394519899962e-04
8.881837412213456118e+05 3.714216063625354661e-04
9.213080843072482385e+05 3.656199573754511842e-04
9.556677822571838042e+05 3.609720473752881941e-04
9.913089069777294062e+05 3.562857504726668883e-04
1.028279248602860956e+06 3.513016918197892709e-04
1.066628379574339837e+06 3.468838081033126519e-04
1.106407721111932537e+06 3.425014780786778210e-04
1.147670612162613310e+06 3.384125489716037017e-04
1.190472380921188509e+06 3.346856340914319068e-04
1.234870419018237619e+06 3.313524723893415463e-04
1.280924258474862669e+06 3.283102554923356814e-04
1.328695651527419919e+06 3.252003952372950848e-04
1.378248653429278638e+06 3.224311466556298365e-04
1.429649708340615267e+06 3.192141336518840582e-04
1.482967738421435934e+06 3.165447206675666217e-04
1.538274236247266876e+06 3.140175628807201553e-04
1.595643360671443166e+06 3.118792093048615151e-04
1.655152036262535490e+06 3.096587965443170325e-04
1.716880056450225413e+06 3.073176657658719963e-04
1.780910190517978510e+06 3.053178333195771788e-04
1.847328294585925527e+06 3.033682575425367079e-04
1.916223426732810913e+06 3.015626881155613953e-04
1.987687966411345173e+06 2.999497671806371983e-04
2.061817738317088224e+06 2.982533605278818597e-04
2.138712140876969323e+06 2.966258606063080193e-04
2.218474279529695399e+06 2.952149440267192869e-04
2.301211104976806324e+06 2.939419977423536720e-04
2.387033556589712389e+06 2.927076002173378149e-04
2.476056711165039334e+06 2.915246243496034668e-04
2.568399937227700371e+06 2.905452811196887431e-04
2.664187055088639725e+06 2.896277044092797500e-04
2.763546502871847712e+06 2.889038336481422392e-04
2.866611508733242750e+06 2.881535762158293681e-04
2.973520269502388313e+06 2.873983691249404815e-04
3.084416135986543726e+06 2.868356337178413194e-04
3.199447805185553152e+06 2.865117234685829830e-04
3.318769519675250631e+06 2.871970274525024514e-04
3.442541274426793680e+06 2.893093610080969152e-04
3.570929031339217909e+06 2.915716309846640587e-04
3.704104941772837192e+06 2.939730614722104048e-04
3.842247577381941024e+06 2.964428549325740674e-04
3.985542169556261040e+06 2.990806075011873924e-04
4.134180857792295981e+06 3.017974693922855899e-04
4.288362947327478789e+06 3.046237769994029291e-04
4.448295176382713951e+06 3.076136929547293344e-04
4.614191993371562101e+06 3.107317488225842523e-04
4.786275844447789714e+06 3.139853713654786483e-04
4.964777471776887774e+06 3.173830772107658505e-04
5.149936222931407392e+06 3.209503708525046520e-04
5.342000371825105511e+06 3.246639063921260052e-04
5.541227451616083272e+06 3.285469687988122590e-04
5.747884600025435910e+06 3.325847950047738986e-04
5.962248917534340173e+06 3.367956959427983749e-04
6.184607838939922862e+06 3.411861759465392350e-04
6.415259518768135458e+06 3.457352511578593306e-04
