6.865608522040386741e-02 5.842599552124738693e-03
1.020358942879476261e-01 5.567073822021484375e-03
1.388635491541193590e-01 5.359083879739046097e-03
1.730552956904713724e-01 5.173995625227689743e-03
2.063774300042385823e-01 5.007603671401739120e-03
2.461158061948841014e-01 4.856338724493980408e-03
2.808649112715181917e-01 4.715433344244956970e-03
3.067157931264133386e-01 4.582558758556842804e-03
3.500210139035518919e-01 4.456611815840005875e-03
3.822370420153871073e-01 4.336573183536529541e-03
4.174182420056986587e-01 4.221657756716012955e-03
4.558375290904276289e-01 4.111522808670997620e-03
4.763535480171880443e-01 4.005917813628911972e-03
5.201972564932820786e-01 3.903889795765280724e-03
5.436099333326827043e-01 3.805430606007575989e-03
5.936439375737658786e-01 3.710536751896142960e-03
6.203622516259725828e-01 3.619022667407989502e-03
6.482830850009739798e-01 3.530603833496570587e-03
7.079512342297902272e-01 3.445257199928164482e-03
7.398142117026267339e-01 3.362419083714485168e-03
7.731112559364866632e-01 3.282097633928060532e-03
8.079069104121805456e-01 3.204338485375046730e-03
8.442686235386764881e-01 3.128901589661836624e-03
8.822668793960903866e-01 3.055904526263475418e-03
9.219753343630644471e-01 2.950811525806784630e-03
9.634709598933760555e-01 2.849943470209836960e-03
1.006834191718536387e+00 2.785297110676765442e-03
1.052149085765597958e+00 2.722586039453744888e-03
1.099503481092400037e+00 2.632341114804148674e-03
1.148989170156092143e+00 2.545473165810108185e-03
1.200702076744985192e+00 2.462589647620916367e-03
1.254742441918634377e+00 2.382826292887330055e-03
1.311215018316585157e+00 2.306967740878462791e-03
1.370229273212432597e+00 2.210355829447507858e-03
1.431899600706794562e+00 2.118745353072881699e-03
1.496345543470523287e+00 2.032206859439611435e-03
1.563692024467977060e+00 1.950060483068227768e-03
1.634069589109534038e+00 1.872267457656562328e-03
1.707614658302738730e+00 1.798529992811381817e-03
1.784469792892595663e+00 1.728959614410996437e-03
1.864783970003611957e+00 1.663265051320195198e-03
1.948712871819250125e+00 1.585240010172128677e-03
2.036419187358561977e+00 1.511672395281493664e-03
2.128072927834981254e+00 1.443183980882167816e-03
2.223851756208562236e+00 1.365857780911028385e-03
2.323941331570474222e+00 1.294144429266452789e-03
2.428535669027323429e+00 1.228045788593590260e-03
2.537837515782888076e+00 1.166619011200964451e-03
2.652058744146285729e+00 1.100520836189389229e-03
2.771420762228373746e+00 1.039130263961851597e-03
2.896154943122493552e+00 9.825618471950292587e-04
3.026503073401483057e+00 9.228063281625509262e-04
3.162717821800327123e+00 8.678497979417443275e-04
3.305063228992954460e+00 8.179338183254003525e-04
3.453815219412568194e+00 7.720437133684754372e-04
3.609262136107627583e+00 7.250094204209744930e-04
3.771705299670262246e+00 6.775221554562449455e-04
3.941459592320543326e+00 6.344403373077511787e-04
4.118854068278814395e+00 5.950770573690533638e-04
4.304232591609237879e+00 5.594088579528033733e-04
4.497954502770957319e+00 5.246362998150289059e-04
4.700395315168941934e+00 4.901196807622909546e-04
4.911947443054692997e+00 4.584184789564460516e-04
5.133020962187806013e+00 4.268152988515794277e-04
5.364044404732862148e+00 3.964145143982023001e-04
5.605465589932493664e+00 3.702608228195458651e-04
5.857752492166787839e+00 3.462157328613102436e-04
6.121394148081719777e+00 3.227805427741259336e-04
6.396901604544988018e+00 3.004073514603078365e-04
6.684808909266785726e+00 2.807927085086703300e-04
6.985674146005744767e+00 2.614306577015668154e-04
7.300080516366715067e+00 2.424480917397886515e-04
7.628637470287342737e+00 2.259348257211968303e-04
7.971981887404790079e+00 2.113572845701128244e-04
8.330779311592612757e+00 1.965885021490976214e-04
8.705725241060813246e+00 1.825688523240387440e-04
9.097546476519790204e+00 1.699933200143277645e-04
9.507002530021555486e+00 1.584899000590667129e-04
9.934887097209063711e+00 1.480830396758392453e-04
1.038202959582754481e+01 1.385770447086542845e-04
1.084929677348007004e+01 1.289640640607103705e-04
1.133759438774386119e+01 1.194628057419322431e-04
1.184786896190412442e+01 1.114808983402326703e-04
1.238110961970872914e+01 1.047245677909813821e-04
1.293835000270021318e+01 9.857406985247507691e-05
1.352067027384179809e+01 9.284359111916273832e-05
1.412919921132118084e+01 8.692957635503262281e-05
1.476511639659077879e+01 8.011336467461660504e-05
1.542965450088579438e+01 7.559971709270030260e-05
1.612410167465228028e+01 7.153054320951923728e-05
1.684980404451694014e+01 6.693227624054998159e-05
1.760816832263880016e+01 6.188801489770412445e-05
1.840066453350075548e+01 5.850150773767381907e-05
1.922882886342670261e+01 5.493021672009490430e-05
2.009426663834769400e+01 5.093986328574828804e-05
2.099865543558937375e+01 4.757473652716726065e-05
2.194374833571258421e+01 4.444218211574479938e-05
2.293137732071052071e+01 4.091726805199868977e-05
2.396345682514959918e+01 3.809878035099245608e-05
2.504198744713760050e+01 3.589152038330212235e-05
2.616905982631253380e+01 3.413905869820155203e-05
2.734685869636925304e+01 3.170053241774439812e-05
2.857766711997944142e+01 2.954318551928736269e-05
2.986387091431391028e+01 2.735718953772448003e-05
3.120796327574573326e+01 2.447517726977821440e-05
3.261254961269877839e+01 2.238958404632285237e-05
3.408035259600976019e+01 2.078420584439300001e-05
3.561421743659357020e+01 1.934933607117272913e-05
3.721711740064187524e+01 1.793121737136971205e-05
3.889215957304615756e+01 1.729423456708900630e-05
4.064259088021681521e+01 1.517070722911739722e-05
4.247180438397309388e+01 1.379549939883872867e-05
4.438334585870410365e+01 1.229968893312616274e-05
4.638092066455009643e+01 9.663910532253794372e-06
4.846840092992709259e+01 9.170616067422088236e-06
5.064983305731769292e+01 8.357931619684677571e-06
5.292944556687711355e+01 7.639858267793897539e-06
5.531165729305897827e+01 8.498484021401964128e-06
5.780108595014914386e+01 7.567050033685518429e-06
6.040255708331097395e+01 6.836327884229831398e-06
6.312111342249317403e+01 5.773124485131120309e-06
6.596202465733175302e+01 5.339469680620823056e-06
6.893079765199405529e+01 5.977447017357917503e-06
7.203318711976528732e+01 4.228502348269103095e-06
7.527520677806947447e+01 3.615306241044891067e-06
7.866314100554795630e+01 3.499599415590637363e-06
8.220355702379139018e+01 3.134309508823207580e-06
8.590331762733877952e+01 2.673335529834730551e-06
8.976959448661943952e+01 3.304998017483740114e-06
9.380988204962466170e+01 2.765973022178513929e-06
9.803201206925594136e+01 1.372091901430394500e-06
1.024441687845102109e+02 6.337167519632203039e-07
1.070549047849291497e+02 6.721110139551456086e-07
1.118731575890646184e+02 -9.148914870138469269e-08
1.169082669690963456e+02 -1.241345671587623656e-06
1.221699930551837667e+02 -5.772937470283068251e-07
1.276685352546461871e+02 -3.737152383109787479e-07
1.334145520226437043e+02 -9.647297360970696900e-08
1.394191815226839140e+02 3.593444546368118608e-07
1.456940632170022241e+02 9.137537517744931392e-07
1.522513604286666009e+02 2.486106609467242379e-07
1.591037839191420744e+02 -3.724436226093530422e-07
1.662646165270179779e+02 -3.250879956340213539e-07
1.737477389156578340e+02 3.359070319675083738e-07
1.815676564796816592e+02 2.831959022842056584e-07
1.897395274624363992e+02 1.330051446757352096e-07
1.982791923389579836e+02 -4.341071928593009943e-07
2.072032045213815081e+02 3.421445171625236981e-07
2.165288624463190104e+02 3.102313257841160521e-06
2.262742431064034463e+02 6.443754955398617312e-06
