8.764726948598381568e+03 1.144449436215834448e-02
1.314861946329970488e+04 1.087583356457721279e-02
1.746543442658321510e+04 1.047281317122667789e-02
2.139194510118137987e+04 1.007515548505258200e-02
2.620119855223563354e+04 9.727363400119412584e-03
2.959127567464191088e+04 9.408401032828864891e-03
3.480329752406704938e+04 9.131386434016961276e-03
3.930636872844031313e+04 8.893179837408535932e-03
4.262763878588358057e+04 8.621456307634559751e-03
4.814307285055505054e+04 8.387669065980188701e-03
5.221101785551213834e+04 8.169310660528087895e-03
5.662269199082030536e+04 7.951737806172832004e-03
6.140713933522420120e+04 7.773377136330622723e-03
6.394889473473098042e+04 7.600061650201186264e-03
6.935238419865031028e+04 7.442381084337192261e-03
7.222300802047159232e+04 7.288530139974671272e-03
7.832563519659414305e+04 7.169808044296509773e-03
8.156767852145798679e+04 7.035021656359216786e-03
8.494391603311535437e+04 6.906458082597159882e-03
9.212142171500324912e+04 6.782939333427887713e-03
9.593449823329082574e+04 6.667553388606484339e-03
9.990540506144159008e+04 6.557132983504114325e-03
1.040406750887358940e+05 6.451521857188104343e-03
1.083471116128590802e+05 6.350894123089312338e-03
1.128317995326069795e+05 6.257390754491145603e-03
1.175021170038780983e+05 6.182567855680938355e-03
1.223657475781291723e+05 6.090858268369025129e-03
1.274306928432637360e+05 5.988254010317790171e-03
1.327052855877505499e+05 5.877722329906540609e-03
1.381982035096293548e+05 5.803124382888473314e-03
1.439184834929578356e+05 5.705718399700064961e-03
1.498755364751870511e+05 5.629287183368368412e-03
1.560791629299252818e+05 5.566303359276388897e-03
1.625395689905618201e+05 5.493385988319717667e-03
1.692673832412786724e+05 5.403719873727559457e-03
1.762736742030713649e+05 5.337937235691643349e-03
1.835699685435498250e+05 5.271947993344739715e-03
1.911682700404771313e+05 5.193292679221958585e-03
1.990810793302438979e+05 5.119769758026710554e-03
2.073214144737677125e+05 5.056389649398946619e-03
2.159028323736538587e+05 4.997590598472599274e-03
2.248394510778532422e+05 4.940592301268672062e-03
2.341459730065090989e+05 4.895419378451602334e-03
2.438377091402050282e+05 4.848502808329682029e-03
2.539306042094104923e+05 4.796646599854460270e-03
2.644412629265649011e+05 4.743127886899336718e-03
2.753869773039557040e+05 4.697160660232191538e-03
2.867857551023330307e+05 4.656002306674759603e-03
2.986563494570658077e+05 4.616246362786857044e-03
3.110182897305812803e+05 4.576405515867805474e-03
3.238919136418424314e+05 4.538613237725717953e-03
3.372984007257233607e+05 4.504266261519796095e-03
3.512598071773319971e+05 4.467465614498094227e-03
3.657991021386034554e+05 4.437214425062632750e-03
3.809402054868622217e+05 4.408811216499883452e-03
3.967080271875234321e+05 4.380587320221332980e-03
4.131285082756759948e+05 4.353565999024276711e-03
4.302286635339680361e+05 4.329274998919913076e-03
4.480366259370107437e+05 4.304497012974087961e-03
4.665816929354173481e+05 4.282875277068133417e-03
4.858943746556247934e+05 4.262859498286349601e-03
5.060064440947967814e+05 4.244472909523419255e-03
5.269509893933837302e+05 4.227288786350761468e-03
5.487624682713423390e+05 4.209067833565356860e-03
5.714767647175743477e+05 4.193259426373757877e-03
5.951312480258431751e+05 4.178675308363250483e-03
6.197648342742953682e+05 4.165470479492982755e-03
6.454180503497354221e+05 4.152024740513919100e-03
6.721331006219853880e+05 4.138223018241968601e-03
6.999539363780200947e+05 4.127582252056298875e-03
7.289263281301045790e+05 4.116980785628903197e-03
7.590979409169035498e+05 4.106411948087700277e-03
7.905184127214459004e+05 4.097358051397392148e-03
8.232394361349522369e+05 4.088207806576515599e-03
8.573148434008751065e+05 4.080203500252465448e-03
8.928006949790739454e+05 4.072351652212595659e-03
9.297553717758283019e+05 4.065218996394399931e-03
9.682396711914195912e+05 4.058439331394473985e-03
1.008316907143297023e+06 4.052236545895778093e-03
1.050053014229389373e+06 4.046806864921535449e-03
1.093516656202936778e+06 4.041227045119419152e-03
1.138779338937290246e+06 4.036032331955600322e-03
1.185915528066531057e+06 4.031207163047845383e-03
1.235002771495456807e+06 4.026036154136477217e-03
1.286121826980488840e+06 4.021674139922604141e-03
1.339356794991384493e+06 4.017572906738880664e-03
1.394795257072337437e+06 4.013867905507041700e-03
1.452528419930105330e+06 4.010670026657454056e-03
1.512651265486218501e+06 4.007382345610203955e-03
1.575262707140121143e+06 4.004197270468970275e-03
1.640465752500328002e+06 4.001148152374878718e-03
1.708367672851336421e+06 3.998150057084003117e-03
1.779080179635088192e+06 3.995604294215819932e-03
1.852719608237314504e+06 3.992899686372913641e-03
1.929407109381145565e+06 3.990309015539057931e-03
2.009268848442864837e+06 3.988141944933308418e-03
2.092436213017704198e+06 3.986046778827351603e-03
2.179046029077166691e+06 3.984000033124390945e-03
2.269240786073504947e+06 3.982175668455979062e-03
2.363168871361705475e+06 3.980367906275830703e-03
2.460984814324621111e+06 3.978620982410985447e-03
2.562849540602889843e+06 3.977090213669791895e-03
2.668930636847905815e+06 3.975553813653423876e-03
2.779402626433422323e+06 3.974185819201395825e-03
2.894447256579355337e+06 3.972730755040921116e-03
3.014253797360167839e+06 3.971523838587526917e-03
3.139019353089767974e+06 3.970374245428246775e-03
3.268949186595226638e+06 3.969040703517780558e-03
3.404257056912771426e+06 3.967927654468271677e-03
3.545165570961628109e+06 3.966791159201150420e-03
3.691906549774309155e+06 3.965746574860305219e-03
3.844721409885867964e+06 3.964693114557391387e-03
4.003861560509549920e+06 3.963757243172152597e-03
4.169588817152259406e+06 3.962895277489894910e-03
4.342175832350357436e+06 3.962129133113718830e-03
4.521906544234432280e+06 3.961420245829962508e-03
4.709076643660970964e+06 3.960691179186626165e-03
4.903994060679472983e+06 3.959978052519076176e-03
5.106979471135347150e+06 3.959314304905526410e-03
5.318366824242066592e+06 3.958697773611732570e-03
5.538503891990493983e+06 3.958086472312999024e-03
5.767752841299249791e+06 3.957561203783596833e-03
6.006490829847490415e+06 3.957085155491232679e-03
6.255110626570309512e+06 3.956615925360467204e-03
6.514021257837546058e+06 3.956150540785610160e-03
6.783648680379171856e+06 3.955699441163289948e-03
7.064436482064314187e+06 3.955292906161048984e-03
7.356846611686818302e+06 3.954939927928402717e-03
7.661360138957951218e+06 3.954671061338795902e-03
7.978478045956636779e+06 3.954379023582316709e-03
8.308722051339314319e+06 3.954119394751231566e-03
8.652635468665353954e+06 3.953863656994114663e-03
9.010784100250113755e+06 3.953651731256955897e-03
9.383757168016251177e+06 3.953485514727916178e-03
9.772168282874749973e+06 3.953330468036010681e-03
1.017665645423040166e+07 3.953229838650116311e-03
1.059788714127250947e+07 3.953150441522728861e-03
1.103655334778055176e+07 3.953107099584407536e-03
1.149337676224588975e+07 3.953091873003803519e-03
1.196910894518520869e+07 3.953095388041905252e-03
1.246453256559900008e+07 3.953121045660165297e-03
1.298046268860941939e+07 3.953169778342479311e-03
1.351774811639588885e+07 3.953240962734387229e-03
1.407727278463448770e+07 3.953339594686296893e-03
