2.374039742091349145e-02 6.135090368656004323e-03
4.736832031633308321e-02 5.882506250040379914e-03
6.846805405866014660e-02 5.641349523812836352e-03
9.451222445055411370e-02 5.458666631474910595e-03
1.136286860934795223e-01 5.320044208575435037e-03
1.366117280424966329e-01 5.201801178651308845e-03
1.642434219771199688e-01 5.091864935887173947e-03
1.885766797500710024e-01 4.988048497239138887e-03
2.067702176470289366e-01 4.890747269411095839e-03
2.374039742091349214e-01 4.799426098588884318e-03
2.603082813980555077e-01 4.712915701784071640e-03
2.725762327459708700e-01 4.630264191191673859e-03
2.988738959928071148e-01 4.550931221366352579e-03
3.277087103524789491e-01 4.474617518916179301e-03
3.431531460550240054e-01 4.400912369980016121e-03
3.762599425872716896e-01 4.329261312571664778e-03
3.939925273711246678e-01 4.259326252253439402e-03
4.125608231290300298e-01 4.191103895191041796e-03
4.320042157057852328e-01 4.124497776866201983e-03
4.736832031633308460e-01 4.059505691350535558e-03
4.960072047645178728e-01 3.996328720917577751e-03
5.193833041478548296e-01 3.934809415642837906e-03
5.438610851542219349e-01 3.874336521868118090e-03
5.694924684389270908e-01 3.785348841664949119e-03
5.963318216023762997e-01 3.698585451944027234e-03
6.244360745110443256e-01 3.642741440893794251e-03
6.538648400533531024e-01 3.588375652973668610e-03
6.846805405866013272e-01 3.508669489405942706e-03
7.169485403431529180e-01 3.430662680288580797e-03
7.507372840767374544e-01 3.355170125236387000e-03
7.861184422429497998e-01 3.281853271542282957e-03
8.231670630218950180e-01 3.211497751545402957e-03
8.619617315054403095e-01 3.120888998557820680e-03
9.025847363867310902e-01 3.054351254093757174e-03
9.451222445055416088e-01 2.989361217080773771e-03
9.896644836196951678e-01 2.905020384899742198e-03
1.036305933790234501e+00 2.824603609638515200e-03
1.085145527786299802e+00 2.747779585405942145e-03
1.136286860934794696e+00 2.653388438259218860e-03
1.189838410859966222e+00 2.562603204751508386e-03
1.245913767578986198e+00 2.493980303330998148e-03
1.304631874441609662e+00 2.412464745288467240e-03
1.366117280424966163e+00 2.318985891253321115e-03
1.430500404318638674e+00 2.229218678943292904e-03
1.497917811360400808e+00 2.141808107760948855e-03
1.568512502909397810e+00 2.059971421031372377e-03
1.642434219771200077e+00 1.983210222983637205e-03
1.719839759818128755e+00 1.909008471274415992e-03
1.800893310578565165e+00 1.824659442079984125e-03
1.885766797500710190e+00 1.735214152774674969e-03
1.974640248629512929e+00 1.653372358161165180e-03
2.067702176470289199e+00 1.578868426549592720e-03
2.165149977849019081e+00 1.509481842269481174e-03
2.267190352617480364e+00 1.440579282040366964e-03
2.374039742091349048e+00 1.366743822186443401e-03
2.485924788151246734e+00 1.292867278807031993e-03
2.603082813980555077e+00 1.225783434947308893e-03
2.725762327459708700e+00 1.156832361096947915e-03
2.854223548284725354e+00 1.092740450441512029e-03
2.988738959928070926e+00 1.034794425347164946e-03
3.129593887612636571e+00 9.694551499157550833e-04
3.277087103524790379e+00 9.122033493383851447e-04
3.431531460550241608e+00 8.545982905416929509e-04
3.593254555876957745e+00 7.969123591913902706e-04
3.762599425872718673e+00 7.449348523220941350e-04
3.939925273711248010e+00 6.959632669292283589e-04
4.125608231290302186e+00 6.453561438349898500e-04
4.320042157057854659e+00 5.966368851037578622e-04
4.523639471438666959e+00 5.536009836116429937e-04
4.736832031633308127e+00 5.148859209160307985e-04
4.960072047645175175e+00 4.771252929425145485e-04
5.193833041478544743e+00 4.424721983532698593e-04
5.438610851542216906e+00 4.069862683725777646e-04
5.694924684389268243e+00 3.720819852976626498e-04
5.963318216023761664e+00 3.335594200203179332e-04
6.244360745110442146e+00 3.001040885693280718e-04
6.538648400533531024e+00 2.691042290676612055e-04
6.846805405866013494e+00 2.404941031483890865e-04
7.169485403431528958e+00 2.118759843510802880e-04
7.507372840767374989e+00 1.873284426994685612e-04
7.861184422429498220e+00 1.685713000697433139e-04
8.231670630218948403e+00 1.456690029966280285e-04
8.619617315054401985e+00 1.238919747824086511e-04
9.025847363867310236e+00 1.019926745152169100e-04
9.451222445055416088e+00 8.524865882498948498e-05
9.896644836196950124e+00 7.095086963756399028e-05
1.036305933790234590e+01 6.000839453736704946e-05
1.085145527786299979e+01 5.150549407258875204e-05
1.136286860934795584e+01 4.522453970522712335e-05
1.189838410859966977e+01 4.277500697701162955e-05
1.245913767578986686e+01 3.602059311829512337e-05
1.304631874441610329e+01 2.684284549464471315e-05
1.366117280424967007e+01 2.273685444920756901e-05
1.430500404318639163e+01 3.134195628539473988e-05
1.497917811360400897e+01 3.071403678860344514e-05
1.568512502909397099e+01 2.548964541801970800e-05
1.642434219771199366e+01 1.595977097825554606e-05
1.719839759818128044e+01 2.326906060206175689e-05
1.800893310578564055e+01 2.148964555933123544e-05
1.885766797500709657e+01 1.359575477200143420e-05
1.974640248629512840e+01 5.932547328800242109e-06
2.067702176470289288e+01 -1.098520774853897641e-06
2.165149977849018725e+01 -8.124575628288730026e-06
2.267190352617480542e+01 -2.062008343145466259e-05
2.374039742091349581e+01 -1.436182877217446597e-05
2.485924788151246645e+01 -1.182313451879289949e-06
2.603082813980554988e+01 2.072388830026786816e-07
2.725762327459708345e+01 -1.742473702484434431e-05
2.854223548284724998e+01 -2.876939098165928852e-05
2.988738959928070926e+01 -1.654905947869337381e-05
3.129593887612636749e+01 -2.528660682042623549e-05
3.277087103524790734e+01 -2.583970389715330382e-05
3.431531460550241519e+01 -7.175698021768734162e-06
3.593254555876957568e+01 -5.123955128642578941e-06
3.762599425872718228e+01 -9.500798787029236713e-06
3.939925273711248366e+01 -2.596774782168701163e-05
4.125608231290302541e+01 -2.847102847373102509e-05
4.320042157057854126e+01 -2.468683399944406707e-05
4.523639471438667670e+01 -2.006306349533900255e-05
4.736832031633310436e+01 2.870142430717440107e-06
4.960072047645179083e+01 4.541235663923110180e-06
5.193833041478545454e+01 3.080115479753353441e-05
5.438610851542216551e+01 4.761424580839533475e-05
5.694924684389268066e+01 3.616612935216844077e-05
5.963318216023762375e+01 2.320317581120199328e-05
6.244360745110442679e+01 1.708458930970335239e-05
6.538648400533530491e+01 -1.439983988336981597e-05
6.846805405866012961e+01 -6.504388663329255252e-06
7.169485403431528425e+01 4.089570583501544622e-06
7.507372840767374100e+01 -1.150746059056038505e-05
7.861184422429498397e+01 1.412607676245516367e-05
8.231670630218950180e+01 6.427405181718932471e-06
8.619617315054402695e+01 -1.027876379600632831e-05
9.025847363867310946e+01 4.182076048606169482e-06
9.451222445055417154e+01 1.733335328899323241e-05
9.896644836196954031e+01 -1.801180341040167102e-06
1.036305933790234661e+02 -2.147126889140718193e-05
1.085145527786299908e+02 -9.665520265284683715e-06
1.136286860934795442e+02 1.937422198834294974e-06
1.189838410859966729e+02 -5.768204334416176027e-06
1.245913767578986722e+02 4.423727194623494030e-06
1.304631874441610364e+02 -1.778695699131245739e-05
1.366117280424967078e+02 -1.117458576345061501e-06
1.430500404318639198e+02 -5.877020097838365608e-05
1.497917811360401572e+02 -3.147447320162549786e-05
1.568512502909396744e+02 1.875621798354376021e-05
1.642434219771199082e+02 -4.060530912943160163e-05
1.719839759818127902e+02 3.486112007911897461e-05
1.800893310578564126e+02 3.834979882287206209e-05
1.885766797500709799e+02 -9.843733447441250139e-06
1.974640248629512769e+02 -8.547206996475731962e-05
2.067702176470289146e+02 -1.278336302426829090e-05
2.165149977849018796e+02 -5.405387441406293186e-05
2.267190352617481608e+02 -6.534306641560982921e-05
