2.374039742091349145e-02 6.175828806874230151e-03
4.736832031633308321e-02 5.919931429188425055e-03
6.846805405866014660e-02 5.674889810549900437e-03
9.451222445055411370e-02 5.488809313988537303e-03
1.136286860934795223e-01 5.347731286599264819e-03
1.366117280424966329e-01 5.227177947895920128e-03
1.642434219771199688e-01 5.114224043530901653e-03
1.885766797500710024e-01 5.007174251434514355e-03
2.067702176470289366e-01 4.908142680287124263e-03
2.374039742091349214e-01 4.817739860495415943e-03
2.603082813980555077e-01 4.734047538244991887e-03
2.725762327459708700e-01 4.654101684416938819e-03
2.988738959928071148e-01 4.575661902611214901e-03
3.277087103524789491e-01 4.498328822399908812e-03
3.431531460550240054e-01 4.422478367975813535e-03
3.762599425872716896e-01 4.348097528838285215e-03
3.939925273711246678e-01 4.275582390420923883e-03
4.125608231290300298e-01 4.205498850821114305e-03
4.320042157057852328e-01 4.137264377233097930e-03
4.736832031633308460e-01 4.070474985774941851e-03
4.960072047645178728e-01 4.005800651734673506e-03
5.193833041478548296e-01 3.943890452430382464e-03
5.438610851542219349e-01 3.884271163175382399e-03
5.694924684389270908e-01 3.796982675378127517e-03
5.963318216023762997e-01 3.710870482254682596e-03
6.244360745110443256e-01 3.654283275676331079e-03
6.538648400533531024e-01 3.598391229279218270e-03
6.846805405866013272e-01 3.516466382463136892e-03
7.169485403431529180e-01 3.438841111624871012e-03
7.507372840767374544e-01 3.365100021625498476e-03
7.861184422429497998e-01 3.292737343363704664e-03
8.231670630218950180e-01 3.222920486279497350e-03
8.619617315054403095e-01 3.135229474050937187e-03
9.025847363867310902e-01 3.074467142218555941e-03
9.451222445055416088e-01 3.017618531944246153e-03
9.896644836196951678e-01 2.943410554510823146e-03
1.036305933790234501e+00 2.867938248380047864e-03
1.085145527786299802e+00 2.794682866007818563e-03
1.136286860934794696e+00 2.700428964650929825e-03
1.189838410859966222e+00 2.604718897794562008e-03
1.245913767578986198e+00 2.536682658109480279e-03
1.304631874441609662e+00 2.458022842701110527e-03
1.366117280424966163e+00 2.366111189856379051e-03
1.430500404318638674e+00 2.281854187547251861e-03
1.497917811360400808e+00 2.196738221758325841e-03
1.568512502909397810e+00 2.118228741499991394e-03
1.642434219771200077e+00 2.045779054237373881e-03
1.719839759818128755e+00 1.977000134267661250e-03
1.800893310578565165e+00 1.889491498818605866e-03
1.885766797500710190e+00 1.794396359468734478e-03
1.974640248629512929e+00 1.707652319323014253e-03
2.067702176470289199e+00 1.625694201220909737e-03
2.165149977849019081e+00 1.554434277932159429e-03
2.267190352617480364e+00 1.480389575093484910e-03
2.374039742091349048e+00 1.403855412604090728e-03
2.485924788151246734e+00 1.325744492592426712e-03
2.603082813980555077e+00 1.261846095293275285e-03
2.725762327459708700e+00 1.196790009602616755e-03
2.854223548284725354e+00 1.133215490982269948e-03
2.988738959928070926e+00 1.079507987582828399e-03
3.129593887612636571e+00 1.013627503638920299e-03
3.277087103524790379e+00 9.566013779816768398e-04
3.431531460550241608e+00 9.039894870710076663e-04
3.593254555876957745e+00 8.404900972124592718e-04
3.762599425872718673e+00 7.748893575629805944e-04
3.939925273711248010e+00 7.158308919877423310e-04
4.125608231290302186e+00 6.579437450225636332e-04
4.320042157057854659e+00 6.136035296740809629e-04
4.523639471438666959e+00 5.766777958825663889e-04
4.736832031633308127e+00 5.353389237870656179e-04
4.960072047645175175e+00 5.043530006627019091e-04
5.193833041478544743e+00 4.838698281415587448e-04
5.438610851542216906e+00 4.709844473428547373e-04
5.694924684389268243e+00 4.414332833361615262e-04
5.963318216023761664e+00 3.975886662255943209e-04
6.244360745110442146e+00 3.475880313195857797e-04
6.538648400533531024e+00 3.058049434157038087e-04
6.846805405866013494e+00 2.758955895382936307e-04
7.169485403431528958e+00 2.263977561393048772e-04
7.507372840767374989e+00 1.644864365291910332e-04
7.861184422429498220e+00 1.236052066194200528e-04
8.231670630218948403e+00 8.966863666776775062e-05
8.619617315054401985e+00 6.798207916076268946e-05
9.025847363867310236e+00 4.788108422985407346e-05
9.451222445055416088e+00 3.606300652275971897e-05
9.896644836196950124e+00 2.080536953915325667e-05
1.036305933790234590e+01 1.863283095879774156e-06
1.085145527786299979e+01 1.126864278823536312e-05
1.136286860934795584e+01 1.493978779160190496e-05
1.189838410859966977e+01 2.833216054072385486e-05
1.245913767578986686e+01 3.931035036864743314e-05
1.304631874441610329e+01 3.073777985609001806e-05
1.366117280424967007e+01 1.913673059528846491e-05
1.430500404318639163e+01 3.707287409181335463e-05
1.497917811360400897e+01 3.993380782975665275e-05
1.568512502909397099e+01 5.051959952346368532e-05
1.642434219771199366e+01 4.497749323921219596e-05
1.719839759818128044e+01 6.284573490569111054e-05
1.800893310578564055e+01 4.948911387881244685e-05
1.885766797500709657e+01 4.639590908323928167e-05
1.974640248629512840e+01 3.464381237021420956e-05
2.067702176470289288e+01 2.906259801147790942e-05
2.165149977849018725e+01 2.413482706052026463e-06
2.267190352617480542e+01 -2.123589381542681604e-05
2.374039742091349581e+01 -3.164020771498383949e-05
2.485924788151246645e+01 -4.570986405610541844e-05
2.603082813980554988e+01 -7.149447946323540760e-05
2.725762327459708345e+01 -6.796915155035168079e-05
2.854223548284724998e+01 -4.615617547380645476e-05
2.988738959928070926e+01 -8.636281083380046634e-06
3.129593887612636749e+01 -3.893159902865472042e-05
3.277087103524790734e+01 -5.019111564655784894e-05
3.431531460550241519e+01 -1.245988499438801172e-05
3.593254555876957568e+01 -4.903081768354097683e-05
3.762599425872718228e+01 -2.891886382956469588e-05
3.939925273711248366e+01 -2.076858594815123428e-05
4.125608231290302541e+01 1.644666220435780379e-05
4.320042157057854126e+01 -2.938571598600304413e-05
4.523639471438667670e+01 -7.732814097143440472e-06
4.736832031633310436e+01 7.023497193392257794e-05
4.960072047645179083e+01 1.232758188636077547e-04
5.193833041478545454e+01 1.231748840262715213e-04
5.438610851542216551e+01 -3.199872225500524047e-06
5.694924684389268066e+01 8.429057973292448521e-06
5.963318216023762375e+01 -1.396016420142538230e-05
6.244360745110442679e+01 8.427532472530170038e-06
6.538648400533530491e+01 -4.363276940541044839e-05
6.846805405866012961e+01 -1.615904667894612809e-05
7.169485403431528425e+01 -7.879149062825476434e-05
7.507372840767374100e+01 -1.567774506521748721e-04
7.861184422429498397e+01 -6.133695277883134624e-05
8.231670630218950180e+01 -7.721136638715878824e-05
8.619617315054402695e+01 -4.654087831733405648e-05
9.025847363867310946e+01 3.055434067803909588e-05
9.451222445055417154e+01 6.875489291556307562e-05
9.896644836196954031e+01 -6.431130773789773376e-05
1.036305933790234661e+02 -5.362829124356903167e-06
1.085145527786299908e+02 3.177798584963643377e-05
1.136286860934795442e+02 2.939014595735185473e-05
1.189838410859966729e+02 1.200626161693170294e-04
1.245913767578986722e+02 -1.888528456389594514e-05
1.304631874441610364e+02 -2.824036757929120070e-05
1.366117280424967078e+02 6.107910118191808477e-05
1.430500404318639198e+02 3.603419496225712090e-05
1.497917811360401572e+02 -5.946471365864378935e-05
1.568512502909396744e+02 -5.553757743957419093e-05
1.642434219771199082e+02 -9.210681727772873075e-05
1.719839759818127902e+02 4.968154907548939499e-05
1.800893310578564126e+02 1.472924790378055018e-04
1.885766797500709799e+02 -2.515811093660845640e-05
1.974640248629512769e+02 -1.052323490420192440e-04
2.067702176470289146e+02 8.034083595266237800e-05
2.165149977849018796e+02 -1.208376777650597284e-04
2.267190352617481608e+02 -3.304560670636905607e-04
