2.374039742091349145e-02 6.107914270227398496e-03
4.736832031633308321e-02 5.853941747767292189e-03
6.846805405866014660e-02 5.612226296973428161e-03
9.451222445055411370e-02 5.430881791498240463e-03
1.136286860934795223e-01 5.295182779295052808e-03
1.366117280424966329e-01 5.180023506480627149e-03
1.642434219771199688e-01 5.072355945026722421e-03
1.885766797500710024e-01 4.970544542193531742e-03
2.067702176470289366e-01 4.876240400022002069e-03
2.374039742091349214e-01 4.788702515491505100e-03
2.603082813980555077e-01 4.706087001273786055e-03
2.725762327459708700e-01 4.626707827702643272e-03
2.988738959928071148e-01 4.549705990537152543e-03
3.277087103524789491e-01 4.475050740610294828e-03
3.431531460550240054e-01 4.402633171483149276e-03
3.762599425872716896e-01 4.332016313418273271e-03
3.939925273711246678e-01 4.262728357263574110e-03
4.125608231290300298e-01 4.195071622820155562e-03
4.320042157057852328e-01 4.129525578421795913e-03
4.736832031633308460e-01 4.065919376349422416e-03
4.960072047645178728e-01 4.003440335627676296e-03
5.193833041478548296e-01 3.941642993122216818e-03
5.438610851542219349e-01 3.880640890305422572e-03
5.694924684389270908e-01 3.791459056650992553e-03
5.963318216023762997e-01 3.704973340897661956e-03
6.244360745110443256e-01 3.649194488052004762e-03
6.538648400533531024e-01 3.594566747447763399e-03
6.846805405866013272e-01 3.515480410277359476e-03
7.169485403431529180e-01 3.439102910375753386e-03
7.507372840767374544e-01 3.364599330778560160e-03
7.861184422429497998e-01 3.290379418976363980e-03
8.231670630218950180e-01 3.217948041477701904e-03
8.619617315054403095e-01 3.126301661103478985e-03
9.025847363867310902e-01 3.058378553260270548e-03
9.451222445055416088e-01 2.989959907888369017e-03
9.896644836196951678e-01 2.900866240952016360e-03
1.036305933790234501e+00 2.820837280970460090e-03
1.085145527786299802e+00 2.743659784915153561e-03
1.136286860934794696e+00 2.645128670458990906e-03
1.189838410859966222e+00 2.555412752459174791e-03
1.245913767578986198e+00 2.490116606704983679e-03
1.304631874441609662e+00 2.409952713888349838e-03
1.366117280424966163e+00 2.314550099581440170e-03
1.430500404318638674e+00 2.222970351993249979e-03
1.497917811360400808e+00 2.134746593501428858e-03
1.568512502909397810e+00 2.058352621336565370e-03
1.642434219771200077e+00 1.978880219252372036e-03
1.719839759818128755e+00 1.903716820042307889e-03
1.800893310578565165e+00 1.823934689930798835e-03
1.885766797500710190e+00 1.738896675226165103e-03
1.974640248629512929e+00 1.662884495004337757e-03
2.067702176470289199e+00 1.601896958465392996e-03
2.165149977849019081e+00 1.538923211070156345e-03
2.267190352617480364e+00 1.471223197834816039e-03
2.374039742091349048e+00 1.400734780344930434e-03
2.485924788151246734e+00 1.324900858865188120e-03
2.603082813980555077e+00 1.263205261552721205e-03
2.725762327459708700e+00 1.200541922002955168e-03
2.854223548284725354e+00 1.143553326724142810e-03
2.988738959928070926e+00 1.094557441736957902e-03
3.129593887612636571e+00 1.043642475148046566e-03
3.277087103524790379e+00 1.004896916757933587e-03
3.431531460550241608e+00 9.571414380093645671e-04
3.593254555876957745e+00 9.026608182145467963e-04
3.762599425872718673e+00 8.522847546324022758e-04
3.939925273711248010e+00 8.144830486595697151e-04
4.125608231290302186e+00 7.753223532323850207e-04
4.320042157057854659e+00 7.245010599233599018e-04
4.523639471438666959e+00 6.833976112100418644e-04
4.736832031633308127e+00 6.402630565842393207e-04
4.960072047645175175e+00 5.997033623412505784e-04
5.193833041478544743e+00 5.482682613473515050e-04
5.438610851542216906e+00 4.871624060059381476e-04
5.694924684389268243e+00 4.434184898539676126e-04
5.963318216023761664e+00 3.913094262882901527e-04
6.244360745110442146e+00 3.567021633279893991e-04
6.538648400533531024e+00 3.297534455362360634e-04
6.846805405866013494e+00 3.079358976970796068e-04
7.169485403431528958e+00 2.791603023156668888e-04
7.507372840767374989e+00 2.492148337332370065e-04
7.861184422429498220e+00 2.125163582952751184e-04
8.231670630218948403e+00 1.678258290596246899e-04
8.619617315054401985e+00 1.326938007295790220e-04
9.025847363867310236e+00 9.009396399084047358e-05
9.451222445055416088e+00 4.168142743953344410e-05
9.896644836196950124e+00 2.072500021084094988e-05
1.036305933790234590e+01 2.631460174978308863e-05
1.085145527786299979e+01 4.214523825563475513e-05
1.136286860934795584e+01 4.820944796523087391e-05
1.189838410859966977e+01 5.549655325089438920e-05
1.245913767578986686e+01 3.987534774850194413e-05
1.304631874441610329e+01 4.823601303121754076e-05
1.366117280424967007e+01 5.849190981286415936e-05
1.430500404318639163e+01 1.095601203091440369e-04
1.497917811360400897e+01 1.276399627630630683e-04
1.568512502909397099e+01 1.234914319983097515e-04
1.642434219771199366e+01 1.076369961393512062e-04
1.719839759818128044e+01 1.105782551956600927e-04
1.800893310578564055e+01 7.007383802886381027e-05
1.885766797500709657e+01 1.240900161228601638e-05
1.974640248629512840e+01 -7.908275217875566462e-06
2.067702176470289288e+01 -1.274454475330950557e-05
2.165149977849018725e+01 3.914805573298194875e-05
2.267190352617480542e+01 3.564284967692159695e-05
2.374039742091349581e+01 -9.248001757893952360e-06
2.485924788151246645e+01 5.216284538507666614e-06
2.603082813980554988e+01 2.368396712298975091e-06
2.725762327459708345e+01 -2.508424632433446050e-05
2.854223548284724998e+01 -3.323068355835492378e-05
2.988738959928070926e+01 -2.147388494603889549e-05
3.129593887612636749e+01 -5.116809389757077817e-05
3.277087103524790734e+01 -5.421356955532094019e-05
3.431531460550241519e+01 -5.560318206208061064e-05
3.593254555876957568e+01 -7.610200610939440058e-05
3.762599425872718228e+01 -1.006363865080684740e-04
3.939925273711248366e+01 -1.148163361155815274e-04
4.125608231290302541e+01 -7.133538829299094814e-05
4.320042157057854126e+01 -7.582188183174270958e-05
4.523639471438667670e+01 -1.247162812514361487e-05
4.736832031633310436e+01 1.162795432287975594e-05
4.960072047645179083e+01 -3.992482739054129201e-08
5.193833041478545454e+01 2.815900323819825249e-05
5.438610851542216551e+01 9.287429347585066148e-08
5.694924684389268066e+01 2.824487176941451247e-05
5.963318216023762375e+01 6.582201448693653339e-05
6.244360745110442679e+01 1.094587945319021793e-04
6.538648400533530491e+01 6.109008832300273325e-05
6.846805405866012961e+01 3.133561102083560737e-06
7.169485403431528425e+01 4.030774305462827147e-06
7.507372840767374100e+01 7.270847399171448541e-05
7.861184422429498397e+01 1.720949699388993218e-04
8.231670630218950180e+01 8.337326318985466506e-05
8.619617315054402695e+01 -5.122046622978737606e-05
9.025847363867310946e+01 6.990020049456981242e-06
9.451222445055417154e+01 1.222366891579650019e-04
9.896644836196954031e+01 1.239202542929016698e-04
1.036305933790234661e+02 -1.251534832197933071e-04
1.085145527786299908e+02 8.756282300220040611e-05
1.136286860934795442e+02 1.292160944552157614e-04
1.189838410859966729e+02 -5.766852561765565969e-05
1.245913767578986722e+02 2.708067443242377924e-05
1.304631874441610364e+02 6.059613465450061051e-05
1.366117280424967078e+02 3.922284650512502076e-05
1.430500404318639198e+02 -2.736500888976980652e-05
1.497917811360401572e+02 -3.842548918091986433e-05
1.568512502909396744e+02 2.349576547792160363e-05
1.642434219771199082e+02 -1.194586283716704594e-04
1.719839759818127902e+02 3.581439728932714816e-05
1.800893310578564126e+02 2.337390177189485274e-05
1.885766797500709799e+02 -1.328313313848197884e-04
1.974640248629512769e+02 -2.260442567527463689e-05
2.067702176470289146e+02 -1.507358868358803283e-05
2.165149977849018796e+02 -1.023176898037744337e-04
2.267190352617481608e+02 2.009339041445556474e-04
