2.374039742091349145e-02 6.154816882775690674e-03
4.736832031633308321e-02 5.898875806753227195e-03
6.846805405866014660e-02 5.653499518104688690e-03
9.451222445055411370e-02 5.466569829883612466e-03
1.136286860934795223e-01 5.324204266449911530e-03
1.366117280424966329e-01 5.203100910213415489e-03
1.642434219771199688e-01 5.090340878814454857e-03
1.885766797500710024e-01 4.982781487070320203e-03
2.067702176470289366e-01 4.880544990755438309e-03
2.374039742091349214e-01 4.783164589037373036e-03
2.603082813980555077e-01 4.690092708536891357e-03
2.725762327459708700e-01 4.602314618120831140e-03
2.988738959928071148e-01 4.519756751634721251e-03
3.277087103524789491e-01 4.441331630587822162e-03
3.431531460550240054e-01 4.365746222618152421e-03
3.762599425872716896e-01 4.291995918771960260e-03
3.939925273711246678e-01 4.219000428021562298e-03
4.125608231290300298e-01 4.147365267532392152e-03
4.320042157057852328e-01 4.078681070955727204e-03
4.736832031633308460e-01 4.014016395412027365e-03
4.960072047645178728e-01 3.951993898859599598e-03
5.193833041478548296e-01 3.890419100994259392e-03
5.438610851542219349e-01 3.828060495235571185e-03
5.694924684389270908e-01 3.736353640698230130e-03
5.963318216023762997e-01 3.650081080641991247e-03
6.244360745110443256e-01 3.596127119551344696e-03
6.538648400533531024e-01 3.543141046046787562e-03
6.846805405866013272e-01 3.464233487034293259e-03
7.169485403431529180e-01 3.388059269106848473e-03
7.507372840767374544e-01 3.316220127299760942e-03
7.861184422429497998e-01 3.245199838183759206e-03
8.231670630218950180e-01 3.173633261367948908e-03
8.619617315054403095e-01 3.079699869059417290e-03
9.025847363867310902e-01 3.010080192177519171e-03
9.451222445055416088e-01 2.943560214357344388e-03
9.896644836196951678e-01 2.860243809674452645e-03
1.036305933790234501e+00 2.778603542005505297e-03
1.085145527786299802e+00 2.698119658299123671e-03
1.136286860934794696e+00 2.597516128947317902e-03
1.189838410859966222e+00 2.503079659403943408e-03
1.245913767578986198e+00 2.434424556151973135e-03
1.304631874441609662e+00 2.350050429523314281e-03
1.366117280424966163e+00 2.250701833899993679e-03
1.430500404318638674e+00 2.159368147414814781e-03
1.497917811360400808e+00 2.073652426103951216e-03
1.568512502909397810e+00 1.998034783835878677e-03
1.642434219771200077e+00 1.928446680524444415e-03
1.719839759818128755e+00 1.858846053290547041e-03
1.800893310578565165e+00 1.784412689839217194e-03
1.885766797500710190e+00 1.704424944667455978e-03
1.974640248629512929e+00 1.626466153941033988e-03
2.067702176470289199e+00 1.552299790229170985e-03
2.165149977849019081e+00 1.489544483573682597e-03
2.267190352617480364e+00 1.431917319593882607e-03
2.374039742091349048e+00 1.370743926107216961e-03
2.485924788151246734e+00 1.305817052460752454e-03
2.603082813980555077e+00 1.242944022311215542e-03
2.725762327459708700e+00 1.185586738909991111e-03
2.854223548284725354e+00 1.132131751581299780e-03
2.988738959928070926e+00 1.078234806572917577e-03
3.129593887612636571e+00 1.013730365087188142e-03
3.277087103524790379e+00 9.473799987662038938e-04
3.431531460550241608e+00 8.848548728286350197e-04
3.593254555876957745e+00 8.284471823001533309e-04
3.762599425872718673e+00 7.716802559451185718e-04
3.939925273711248010e+00 7.102193554985904156e-04
4.125608231290302186e+00 6.529896104816212878e-04
4.320042157057854659e+00 6.002578793923086294e-04
4.523639471438666959e+00 5.425627829314333492e-04
4.736832031633308127e+00 4.878509989383318602e-04
4.960072047645175175e+00 4.396481308645977526e-04
5.193833041478544743e+00 4.171329853421763042e-04
5.438610851542216906e+00 3.986010969733834799e-04
5.694924684389268243e+00 3.852709423186544244e-04
5.963318216023761664e+00 3.577679098583915287e-04
6.244360745110442146e+00 3.340252013437716803e-04
6.538648400533531024e+00 3.263444488762840749e-04
6.846805405866013494e+00 3.174364763267485397e-04
7.169485403431528958e+00 2.980278848341053164e-04
7.507372840767374989e+00 2.747455395242013156e-04
7.861184422429498220e+00 2.576746735649263821e-04
8.231670630218948403e+00 2.236138825725538328e-04
8.619617315054401985e+00 1.992589308513541767e-04
9.025847363867310236e+00 1.711620746776741045e-04
9.451222445055416088e+00 1.527455562911591354e-04
9.896644836196950124e+00 1.395664203022814887e-04
1.036305933790234590e+01 1.189471813708585561e-04
1.085145527786299979e+01 7.919430574106670171e-05
1.136286860934795584e+01 5.254715084002585079e-05
1.189838410859966977e+01 4.398335087684129667e-05
1.245913767578986686e+01 4.356807431200073317e-06
1.304631874441610329e+01 -4.304531741969656427e-05
1.366117280424967007e+01 -7.315670834210895594e-05
1.430500404318639163e+01 -6.676238099211202705e-05
1.497917811360400897e+01 -5.832182899939160049e-05
1.568512502909397099e+01 -4.604401526685247435e-05
1.642434219771199366e+01 -4.527769899932687896e-05
1.719839759818128044e+01 -1.386606447635219587e-05
1.800893310578564055e+01 -1.290083377761061528e-05
1.885766797500709657e+01 -3.432024393817906743e-05
1.974640248629512840e+01 -4.499846151463811599e-05
2.067702176470289288e+01 -6.683113330340107068e-05
2.165149977849018725e+01 -7.019405664814673030e-05
2.267190352617480542e+01 -6.844869096557156267e-05
2.374039742091349581e+01 -4.699930995060970854e-05
2.485924788151246645e+01 -3.527640501583418346e-05
2.603082813980554988e+01 -7.733183266197389842e-05
2.725762327459708345e+01 -8.025382733284106246e-05
2.854223548284724998e+01 -2.442705403667793214e-05
2.988738959928070926e+01 1.018927761839927092e-05
3.129593887612636749e+01 3.257651381516496345e-05
3.277087103524790734e+01 2.334996906268649972e-05
3.431531460550241519e+01 1.022334207203724929e-05
3.593254555876957568e+01 1.127340962564219498e-05
3.762599425872718228e+01 2.144724558153143218e-05
3.939925273711248366e+01 8.706482542576124851e-05
4.125608231290302541e+01 8.470785851173797830e-05
4.320042157057854126e+01 3.597249019095939790e-05
4.523639471438667670e+01 -1.018584310259081038e-05
4.736832031633310436e+01 1.599720020702530122e-05
4.960072047645179083e+01 -7.738982053902866766e-06
5.193833041478545454e+01 -7.843894173264363216e-05
5.438610851542216551e+01 -5.516885450984885712e-05
5.694924684389268066e+01 -4.006724434924690555e-05
5.963318216023762375e+01 -2.426973176971052877e-05
6.244360745110442679e+01 -3.011710235205028674e-05
6.538648400533530491e+01 3.636842480201812119e-05
6.846805405866012961e+01 9.966225447843208316e-05
7.169485403431528425e+01 7.629559286242632086e-05
7.507372840767374100e+01 -3.235441046286840171e-05
7.861184422429498397e+01 -1.441219430960160610e-04
8.231670630218950180e+01 -4.890358186883852825e-05
8.619617315054402695e+01 -6.259976776511925014e-05
9.025847363867310946e+01 -3.453309526503660522e-05
9.451222445055417154e+01 -3.745969977660396061e-05
9.896644836196954031e+01 -6.646756522356684304e-05
1.036305933790234661e+02 -1.015607828003974536e-05
1.085145527786299908e+02 1.272276834049734842e-05
1.136286860934795442e+02 -2.506747735302547074e-05
1.189838410859966729e+02 -9.484318387499072697e-05
1.245913767578986722e+02 -8.541855615077285598e-05
1.304631874441610364e+02 -7.297168783832618964e-05
1.366117280424967078e+02 -8.707171944417840630e-05
1.430500404318639198e+02 -2.378838383298677230e-04
1.497917811360401572e+02 -1.526473601303653929e-04
1.568512502909396744e+02 -2.586771961243454325e-05
1.642434219771199082e+02 -5.958680704295906750e-05
1.719839759818127902e+02 7.187090680165213359e-05
1.800893310578564126e+02 8.182159717260062317e-05
1.885766797500709799e+02 6.661304371156897208e-05
1.974640248629512769e+02 8.167061917629561240e-05
2.067702176470289146e+02 1.358444027149787240e-04
2.165149977849018796e+02 -1.736418378265621628e-05
2.267190352617481608e+02 9.377853496474243566e-05
