2.374039742091349145e-02 6.101599299998941572e-03
4.736832031633308321e-02 5.851190597254448192e-03
6.846805405866014660e-02 5.612668516574497932e-03
9.451222445055411370e-02 5.432535276781303227e-03
1.136286860934795223e-01 5.296188160082329621e-03
1.366117280424966329e-01 5.179885447688957478e-03
1.642434219771199688e-01 5.071143158293468789e-03
1.885766797500710301e-01 4.966892179259836670e-03
2.067702176470289366e-01 4.867396937655998380e-03
2.374039742091349492e-01 4.773381627842042396e-03
2.603082813980555077e-01 4.685625951159063524e-03
2.725762327459708700e-01 4.603797424851634526e-03
2.988738959928071148e-01 4.526434239821881290e-03
3.277087103524790046e-01 4.452200947989171445e-03
3.431531460550240609e-01 4.379719298750289931e-03
3.762599425872716341e-01 4.308874604804860571e-03
3.939925273711246123e-01 4.240299510350219875e-03
4.125608231290300298e-01 4.173532856282215035e-03
4.320042157057852328e-01 4.106917161968900824e-03
4.736832031633308460e-01 4.040086585859828557e-03
4.960072047645178728e-01 3.974819807601460628e-03
5.193833041478548296e-01 3.912949825668798724e-03
5.438610851542220459e-01 3.854648436140333933e-03
5.694924684389270908e-01 3.772046271926758707e-03
5.963318216023762997e-01 3.693451347061553480e-03
6.244360745110443256e-01 3.643066351747214181e-03
6.538648400533532135e-01 3.593060726101564208e-03
6.846805405866014382e-01 3.517906410760902186e-03
7.169485403431529180e-01 3.443267025732713125e-03
7.507372840767374544e-01 3.370207218231638553e-03
7.861184422429497998e-01 3.299171613916888728e-03
8.231670630218950180e-01 3.231824856295548686e-03
8.619617315054403095e-01 3.145812674319901133e-03
9.025847363867310902e-01 3.081938564756632297e-03
9.451222445055416088e-01 3.017960633245209828e-03
9.896644836196950568e-01 2.935192923508090843e-03
1.036305933790234501e+00 2.857249637102614662e-03
1.085145527786299802e+00 2.782306970617549457e-03
1.136286860934794918e+00 2.692529134602700876e-03
1.189838410859966222e+00 2.603719069796798548e-03
1.245913767578986198e+00 2.537240638457905970e-03
1.304631874441609662e+00 2.456630445071422003e-03
1.366117280424966163e+00 2.363026378202316095e-03
1.430500404318638674e+00 2.278098810461553006e-03
1.497917811360400586e+00 2.197389028252649465e-03
1.568512502909397810e+00 2.117583605846874977e-03
1.642434219771200077e+00 2.037826389682676279e-03
1.719839759818128755e+00 1.958177476046367004e-03
1.800893310578565165e+00 1.865945534888206357e-03
1.885766797500710190e+00 1.768907108833454303e-03
1.974640248629512929e+00 1.675210361697541820e-03
2.067702176470289199e+00 1.593797907619506557e-03
2.165149977849019081e+00 1.517305658221577329e-03
2.267190352617480364e+00 1.441211915635240990e-03
2.374039742091349492e+00 1.363663764622531291e-03
2.485924788151246734e+00 1.291280149998727533e-03
2.603082813980555077e+00 1.219067603774841215e-03
2.725762327459708700e+00 1.144333662310966903e-03
2.854223548284725354e+00 1.079144839298503290e-03
2.988738959928070926e+00 1.023439002108600089e-03
3.129593887612636571e+00 9.567025628891565395e-04
3.277087103524790379e+00 8.879702155742073269e-04
3.431531460550242052e+00 8.246532328243888444e-04
3.593254555876957745e+00 7.732282581019087053e-04
3.762599425872718673e+00 7.249766941741440625e-04
3.939925273711248010e+00 6.794936309433132014e-04
4.125608231290302186e+00 6.356985433767281318e-04
4.320042157057854659e+00 5.895109444399803354e-04
4.523639471438666959e+00 5.564154621231243722e-04
4.736832031633308127e+00 5.377901476753668480e-04
4.960072047645176063e+00 5.031458285333237444e-04
5.193833041478546519e+00 4.584629144530173533e-04
5.438610851542217794e+00 4.290032059047566362e-04
5.694924684389268243e+00 3.948094507111604852e-04
5.963318216023761664e+00 3.508035532451390004e-04
6.244360745110442146e+00 3.144305730315246120e-04
6.538648400533531913e+00 2.870854006229785508e-04
6.846805405866014382e+00 2.541456805838940920e-04
7.169485403431528958e+00 2.352775976621781476e-04
7.507372840767374989e+00 2.082694607009760062e-04
7.861184422429498220e+00 1.718785236994674283e-04
8.231670630218950180e+00 1.643732973342440788e-04
8.619617315054403761e+00 1.336694232271577981e-04
9.025847363867310236e+00 1.176644816638858497e-04
9.451222445055416088e+00 8.962949714961847487e-05
9.896644836196951900e+00 6.433779719648930005e-05
1.036305933790234590e+01 4.891148300543755954e-05
1.085145527786299979e+01 3.618142534753240793e-05
1.136286860934795406e+01 6.332008753114414235e-06
1.189838410859966800e+01 -2.906408074734389860e-05
1.245913767578986686e+01 -2.512126528412018402e-05
1.304631874441610329e+01 -1.510003065444467861e-05
1.366117280424967007e+01 -9.966248498431841041e-06
1.430500404318639163e+01 1.218498325730577969e-05
1.497917811360400897e+01 -1.498170631595933278e-05
1.568512502909397099e+01 -4.466817501424688271e-05
1.642434219771199366e+01 -3.127598713571176907e-05
1.719839759818128044e+01 -9.572164889063951437e-06
1.800893310578564055e+01 1.017676218709014195e-05
1.885766797500709657e+01 4.950218040007634836e-05
1.974640248629512840e+01 7.164947555751623610e-05
2.067702176470289288e+01 5.021996048426367849e-05
2.165149977849018725e+01 -4.714240411597297308e-07
2.267190352617480542e+01 -7.798031297350904289e-05
2.374039742091349225e+01 -7.094519361916419174e-05
2.485924788151246645e+01 -3.681992633196534519e-05
2.603082813980555343e+01 -8.352016640413025171e-06
2.725762327459708700e+01 -3.282489695371138742e-05
2.854223548284725354e+01 -4.056061516666574696e-05
2.988738959928070926e+01 -2.415332437858867749e-05
3.129593887612637104e+01 -7.302743504078993602e-05
3.277087103524790734e+01 -7.647561993746264082e-05
3.431531460550241519e+01 -7.262163621032905630e-05
3.593254555876957568e+01 -8.546876918143637416e-05
3.762599425872718939e+01 -9.935314549707125516e-05
3.939925273711248366e+01 -1.021087664540332082e-04
4.125608231290302541e+01 -9.313670742766863391e-05
4.320042157057854126e+01 -6.165068086578651531e-05
4.523639471438667670e+01 -3.637191860045904652e-05
4.736832031633310436e+01 -1.949304998317225528e-05
4.960072047645179083e+01 -5.093713401005538926e-05
5.193833041478545454e+01 -2.815225207159289522e-05
5.438610851542216551e+01 1.905395404113162009e-05
5.694924684389268066e+01 -1.102575437422112922e-05
5.963318216023762375e+01 -3.290961573168323665e-05
6.244360745110443389e+01 -2.072597042977097410e-05
6.538648400533531913e+01 -2.117933215620973806e-05
6.846805405866012961e+01 3.730673294518156930e-05
7.169485403431529846e+01 1.224626785120900673e-04
7.507372840767375521e+01 9.310428299876115246e-05
7.861184422429498397e+01 1.575887412614767973e-04
8.231670630218950180e+01 1.099367198856752130e-04
8.619617315054402695e+01 6.552126684594040448e-06
9.025847363867310946e+01 4.493171090509022139e-05
9.451222445055415733e+01 1.028627689522039051e-04
9.896644836196952610e+01 1.291854266988600060e-04
1.036305933790234661e+02 6.069787774636380395e-05
1.085145527786300050e+02 3.679648481746982574e-05
1.136286860934795442e+02 -1.581600052726056318e-06
1.189838410859966871e+02 1.798896164939837334e-09
1.245913767578986722e+02 -3.177486473431969717e-05
1.304631874441610364e+02 1.433735179233942704e-05
1.366117280424967078e+02 -1.253248046279360585e-05
1.430500404318639198e+02 -1.097572807338986246e-04
1.497917811360401572e+02 -1.602156323752841464e-04
1.568512502909397028e+02 2.966084589420021793e-06
1.642434219771199366e+02 1.344139043480602799e-04
1.719839759818127902e+02 4.192299181911033029e-05
1.800893310578564126e+02 1.716680194860469011e-04
1.885766797500709799e+02 1.696026455429063549e-04
1.974640248629512769e+02 -2.347888468281074902e-04
2.067702176470289146e+02 -1.817650262912221210e-04
2.165149977849018796e+02 -1.309779759342050078e-04
2.267190352617480471e+02 -1.916128955314940884e-04
