4.402668768255081886e+03 4.594729523842168949e-03
8.702291228692711229e+03 1.284359587673891169e-02
1.276695311178296288e+04 7.555300705264797988e-03
1.720090168377494410e+04 2.849664317347110846e-03
2.128263827136110922e+04 9.029499512262326166e-03
2.633296208052037036e+04 5.056264983673996842e-03
2.992156217165216731e+04 3.522718922663941113e-03
3.399920905420427152e+04 1.608791119217430673e-03
3.863254898524766031e+04 3.788093079838159277e-03
4.389731063208368869e+04 3.371856994706457725e-03
4.779996890100365999e+04 1.784132840279552008e-03
5.204959014657664375e+04 4.707430979990512646e-03
5.667702085826511757e+04 5.106003376043298514e-03
5.914279763961255958e+04 3.856656170089597328e-03
6.440084477124233672e+04 2.154436839721413956e-03
7.012635473421998904e+04 3.754598468931463155e-03
7.317725498701544711e+04 4.751616557751511816e-03
7.636088696938367502e+04 1.971320978017632956e-03
8.314969572923783562e+04 1.302557542428082896e-03
8.676718631008510420e+04 2.012031213089965007e-03
9.054205856247972406e+04 1.260371501122292681e-03
9.448115949541462760e+04 1.797668628692560781e-03
9.859163400220239419e+04 3.147512224225016905e-03
1.028809378201585205e+05 2.308979944249318992e-03
1.073568510541054857e+05 2.743597863078627627e-03
1.120274922882271931e+05 2.356229000075957952e-03
1.169013333118703304e+05 2.499105120908120918e-03
1.219872144860027474e+05 1.045497925684067209e-03
1.272943607782017789e+05 1.497476479094087942e-03
1.328323984952562314e+05 1.368547484292121285e-03
1.386113727437329653e+05 2.207445985272231143e-03
1.446417656501793244e+05 2.180556096612321602e-03
1.509345153740085370e+05 1.688819836142072938e-03
1.575010359475556761e+05 1.342418739680124179e-03
1.643532379792899883e+05 1.312703091933933039e-03
1.715035502577361767e+05 1.286811628669495920e-03
1.789649422952906752e+05 1.306254004243169366e-03
1.867509478528243199e+05 1.078217240940887705e-03
1.948756894877398154e+05 8.886580774328629254e-04
2.033539041700111702e+05 8.907404517854704707e-04
2.122009700126690441e+05 8.257427889108952387e-04
2.214329341652157309e+05 1.033329657698220036e-03
2.310665419205641374e+05 5.653572909629697024e-04
2.411192670882964740e+05 4.100530542801618665e-04
2.516093436893345497e+05 5.870989243712909731e-04
2.625557990295106429e+05 4.131198611902935970e-04
2.739784882120293914e+05 5.052358509078994087e-04
2.858981301514200750e+05 6.749386031023411068e-04
2.983363451543037081e+05 4.883549777161501002e-04
3.113156941351395799e+05 5.516007947159305052e-04
3.248597195380828343e+05 6.507115754636810454e-04
3.389929880391783081e+05 5.599063436995295462e-04
3.537411351063454640e+05 5.761317167611599904e-04
3.691309114979797741e+05 2.975408044091218331e-04
3.851902317845114740e+05 1.816269135757681214e-04
4.019482249809301575e+05 1.593360129707073198e-04
4.194352873821160174e+05 3.213895435547014612e-04
4.376831376968135592e+05 2.681359976881348729e-04
4.567248745802495978e+05 2.388124468433213809e-04
4.765950366697513964e+05 1.927089356111104628e-04
4.973296652322599548e+05 1.590025473128346407e-04
5.189663695373724331e+05 2.068987436923796889e-04
5.415443950744860340e+05 1.864677579916156839e-04
5.651046947377803735e+05 1.630189690576989026e-04
5.896900031081594061e+05 1.525571657121790013e-04
6.153449139668828575e+05 2.230166309197227506e-04
6.421159611814880045e+05 2.246058270642651189e-04
6.700517031107150251e+05 1.888789349664279449e-04
6.992028106815317878e+05 1.945697565085497739e-04
7.296221592980173882e+05 1.925399319563158380e-04
7.613649247488108231e+05 2.461555661223729019e-04
7.944886832870859653e+05 2.387016999087130894e-04
8.290535160645822762e+05 2.550840730692923016e-04
8.651221181091160979e+05 2.680306815355693473e-04
9.027599120432427153e+05 2.196565206129518226e-04
9.420351667503338540e+05 2.065347508858595381e-04
9.830191212033139309e+05 1.597400689468886294e-04
1.025786113680658164e+06 1.408853484109359429e-04
1.070413716604031390e+06 1.087282031437546593e-04
1.116982877242140938e+06 1.144953796774552274e-04
1.165578064536016202e+06 1.412222196523468321e-04
1.216287422312036389e+06 1.700854726651211766e-04
1.269202929160604253e+06 1.735899997008024265e-04
1.324420565270459978e+06 1.403609242767906470e-04
1.382040486521255923e+06 1.215337532404406053e-04
1.442167206150156213e+06 1.221151359563203719e-04
1.504909784321977990e+06 1.446457547925236980e-04
1.570382025946733309e+06 1.388744100684554143e-04
1.638702687103363918e+06 1.451236777209777935e-04
1.709995690444097621e+06 1.503639482496612570e-04
1.784390349970143754e+06 1.453715290064893175e-04
1.862021605586416787e+06 1.486295117138474321e-04
1.943030267860745313e+06 1.303040874451018099e-04
2.027563273431514390e+06 1.117535802225262740e-04
2.115773951527012512e+06 9.587070835057500252e-05
2.207822302079902031e+06 9.482954890147826199e-05
2.303875285941275768e+06 1.038047946881554885e-04
2.404107127720690332e+06 1.106338804551031352e-04
2.508699631801488344e+06 1.226665521357957504e-04
2.617842512104606722e+06 1.126707545396124082e-04
2.731733736199009698e+06 9.801654217843436896e-05
2.850579884382903576e+06 9.400947545153102449e-05
2.974596524387058336e+06 9.662841737445151198e-05
3.104008602379877120e+06 9.412530018070109435e-05
3.239050850983437616e+06 1.007812258676617960e-04
3.379968215040580835e+06 9.809710495385468184e-05
3.527016295905329287e+06 9.962677510327646864e-05
3.680461815062484704e+06 9.914986985278899628e-05
3.840583097917342559e+06 9.604872866306512016e-05
4.007670578633065801e+06 9.462907475649330472e-05
4.182027326931377407e+06 9.259129379939221255e-05
4.363969597812118940e+06 9.275779294753440894e-05
4.553827405188770033e+06 9.252454063442067860e-05
4.751945120480441488e+06 9.560818962576487546e-05
4.958682097246030346e+06 9.831541405799035119e-05
5.174413322993571870e+06 9.581318614467668443e-05
5.399530099347066134e+06 9.437276098674801921e-05
5.634440751804465428e+06 9.331496954583486038e-05
5.879571370374216698e+06 9.370890403682920688e-05
6.135366582433775067e+06 9.324228526199206005e-05
6.402290359211891890e+06 9.478587986591750531e-05
6.680826857357543893e+06 9.431437458977768586e-05
6.971481297121950425e+06 9.510333877031216414e-05
7.274780878746563569e+06 9.481300754919271803e-05
7.591275738719213754e+06 9.425488519798881171e-05
7.921539947632909752e+06 9.374438859718144026e-05
8.266172551457234658e+06 9.410522398254539584e-05
8.625798658111047000e+06 9.385346868149240353e-05
9.001070571307353675e+06 9.375824422356031276e-05
9.392668973726961762e+06 9.417484596949306230e-05
9.801304161666996777e+06 9.477121896588518244e-05
1.022771733340373263e+07 9.432289469466833686e-05
1.067268193360666372e+07 9.446564558952253961e-05
1.113700505624227971e+07 9.543202228498427297e-05
1.162152890851223469e+07 9.649986909270139588e-05
1.212713233848130889e+07 9.759719790392708619e-05
1.265473242916593328e+07 9.880381245726499407e-05
1.320528616197475232e+07 1.001471941318727427e-04
1.377979215251848102e+07 1.015167873148680805e-04
1.437929246193742193e+07 1.030347843210355576e-04
1.500487448703214899e+07 1.044374889477197178e-04
1.565767293262583762e+07 1.057878452846315511e-04
1.633887186973565444e+07 1.072682275676481602e-04
1.704970688328647614e+07 1.088054292843749333e-04
1.779146731326251104e+07 1.104816753279681769e-04
1.856549859336193278e+07 1.122112782692102868e-04
1.937320469139645621e+07 1.140530338834060776e-04
2.021605065586232394e+07 1.159979559824591769e-04
2.109556527330185100e+07 1.180088824858212341e-04
