4.402668768255081886e+03 7.646252349477937124e-03
8.702291228692711229e+03 9.603966181539670688e-03
1.276695311178296288e+04 2.123005855747941550e-03
1.720090168377494410e+04 1.026469099329751881e-02
2.128263827136110922e+04 9.910251660697540210e-03
2.633296208052037036e+04 3.655225557240719507e-03
2.992156217165216731e+04 3.715170338991069000e-03
3.399920905420427152e+04 3.932118296848014123e-03
3.863254898524766031e+04 2.018567353307083000e-03
4.389731063208368869e+04 4.915438480635413686e-03
4.779996890100365999e+04 5.542677436477791604e-03
5.204959014657664375e+04 6.129514799253501026e-03
5.667702085826511757e+04 4.283894004036878367e-03
5.914279763961255958e+04 3.758329759433829981e-03
6.440084477124233672e+04 5.652053272914223103e-03
7.012635473421998904e+04 3.564234991538730787e-03
7.317725498701544711e+04 3.414845517723906401e-03
7.636088696938367502e+04 3.973722578818181597e-03
8.314969572923783562e+04 2.670020696018259466e-03
8.676718631008510420e+04 2.828230413379403778e-03
9.054205856247972406e+04 3.546705153334561884e-03
9.448115949541462760e+04 3.244029268807813952e-03
9.859163400220239419e+04 3.215466515000006339e-03
1.028809378201585205e+05 3.100515737736155020e-03
1.073568510541054857e+05 2.632882710107695753e-03
1.120274922882271931e+05 2.202187865939989834e-03
1.169013333118703304e+05 2.087722283031395818e-03
1.219872144860027474e+05 1.731752075500583247e-03
1.272943607782017789e+05 2.488183828766292720e-03
1.328323984952562314e+05 2.451189270040242223e-03
1.386113727437329653e+05 1.869067676681503013e-03
1.446417656501793244e+05 2.221108669760723294e-03
1.509345153740085370e+05 1.635422250074732931e-03
1.575010359475556761e+05 2.035120369133479930e-03
1.643532379792899883e+05 1.369299448444345714e-03
1.715035502577361767e+05 1.545814231709517631e-03
1.789649422952906752e+05 1.797938623757318159e-03
1.867509478528243199e+05 1.514514502065288874e-03
1.948756894877398154e+05 1.431909964139813649e-03
2.033539041700111702e+05 1.156569181578800476e-03
2.122009700126690441e+05 1.098470048085453633e-03
2.214329341652157309e+05 1.002309911873897194e-03
2.310665419205641374e+05 9.367772434000932319e-04
2.411192670882964740e+05 1.105549764866765568e-03
2.516093436893345497e+05 1.052492077334532799e-03
2.625557990295106429e+05 9.461473899486654189e-04
2.739784882120293914e+05 8.036836041290929119e-04
2.858981301514200750e+05 7.518001189099608218e-04
2.983363451543037081e+05 5.525944915576985186e-04
3.113156941351395799e+05 5.686622126054655113e-04
3.248597195380828343e+05 6.756405039032818693e-04
3.389929880391783081e+05 6.713103624141687114e-04
3.537411351063454640e+05 6.126280474600519915e-04
3.691309114979797741e+05 6.678548095531948317e-04
3.851902317845114740e+05 5.576724305562368728e-04
4.019482249809301575e+05 5.486934770286053644e-04
4.194352873821160174e+05 5.102547622507520170e-04
4.376831376968135592e+05 4.914406551926704062e-04
4.567248745802495978e+05 5.147073405918944130e-04
4.765950366697513964e+05 5.166423491681166116e-04
4.973296652322599548e+05 4.898409080680427019e-04
5.189663695373724331e+05 4.263529005714081503e-04
5.415443950744860340e+05 3.897906052844290169e-04
5.651046947377803735e+05 3.523686397868345524e-04
5.896900031081594061e+05 3.115352097411886552e-04
6.153449139668828575e+05 2.678462667396448813e-04
6.421159611814880045e+05 2.946779206773915004e-04
6.700517031107150251e+05 3.505511404251065457e-04
6.992028106815317878e+05 2.820208905384503960e-04
7.296221592980173882e+05 2.832296920136755515e-04
7.613649247488108231e+05 2.377257973512454864e-04
7.944886832870859653e+05 2.427261935666097012e-04
8.290535160645822762e+05 2.355597787858288339e-04
8.651221181091160979e+05 2.130760429288954417e-04
9.027599120432427153e+05 2.304881536810151721e-04
9.420351667503338540e+05 2.029486123704816027e-04
9.830191212033139309e+05 2.014310523388351598e-04
1.025786113680658164e+06 1.994558244925889148e-04
1.070413716604031390e+06 1.894333610734814173e-04
1.116982877242140938e+06 1.615716749495777025e-04
1.165578064536016202e+06 1.705913837663283067e-04
1.216287422312036389e+06 1.811321396739029772e-04
1.269202929160604253e+06 1.673356746991719757e-04
1.324420565270459978e+06 1.584917811379063903e-04
1.382040486521255923e+06 1.549767641156065648e-04
1.442167206150156213e+06 1.465478222847325647e-04
1.504909784321977990e+06 1.123892572024734417e-04
1.570382025946733309e+06 1.289831780806366846e-04
1.638702687103363918e+06 1.231374848357928210e-04
1.709995690444097621e+06 1.174639260932276274e-04
1.784390349970143754e+06 1.113469224473808913e-04
1.862021605586416787e+06 1.178866752047549844e-04
1.943030267860745313e+06 1.099375326584489524e-04
2.027563273431514390e+06 1.026219473560450980e-04
2.115773951527012512e+06 1.144407140531255288e-04
2.207822302079902031e+06 1.170413236472920919e-04
2.303875285941275768e+06 1.144516896700948836e-04
2.404107127720690332e+06 1.095377267924953327e-04
2.508699631801488344e+06 1.060530149090166169e-04
2.617842512104606722e+06 1.038234425485675061e-04
2.731733736199009698e+06 1.036193587711728436e-04
2.850579884382903576e+06 9.903210424016770932e-05
2.974596524387058336e+06 8.974465733868103214e-05
3.104008602379877120e+06 9.175882215271130571e-05
3.239050850983437616e+06 9.250415075823291769e-05
3.379968215040580835e+06 8.940026182270386236e-05
3.527016295905329287e+06 8.596894817083167238e-05
3.680461815062484704e+06 8.627070841473052183e-05
3.840583097917342559e+06 8.295838487754885891e-05
4.007670578633065801e+06 8.113392592491037710e-05
4.182027326931377407e+06 8.259024274280653483e-05
4.363969597812118940e+06 8.433250501770845676e-05
4.553827405188770033e+06 8.458735582765290067e-05
4.751945120480441488e+06 8.128717946584016125e-05
4.958682097246030346e+06 8.006988544217398995e-05
5.174413322993571870e+06 7.868745713010768009e-05
5.399530099347066134e+06 7.845313783647090442e-05
5.634440751804465428e+06 7.756212376241036820e-05
5.879571370374216698e+06 7.642833152212124550e-05
6.135366582433775067e+06 7.612556434149784297e-05
6.402290359211891890e+06 7.553548195948504482e-05
6.680826857357543893e+06 7.446974065696405866e-05
6.971481297121950425e+06 7.390628544453594836e-05
7.274780878746563569e+06 7.330096628550434928e-05
7.591275738719213754e+06 7.293072102102922632e-05
7.921539947632909752e+06 7.284303789174523638e-05
8.266172551457234658e+06 7.267756960721439142e-05
8.625798658111047000e+06 7.249217300053125541e-05
9.001070571307353675e+06 7.230606690623088981e-05
9.392668973726961762e+06 7.221778402295531238e-05
9.801304161666996777e+06 7.189337545065943786e-05
1.022771733340373263e+07 7.161347787790592779e-05
1.067268193360666372e+07 7.151860018938755793e-05
1.113700505624227971e+07 7.091020582031310100e-05
1.162152890851223469e+07 6.998466677481263588e-05
1.212713233848130889e+07 6.903895878140519293e-05
1.265473242916593328e+07 6.804060800073120181e-05
1.320528616197475232e+07 6.698384333029644378e-05
1.377979215251848102e+07 6.596231483034057936e-05
1.437929246193742193e+07 6.493172570892207928e-05
1.500487448703214899e+07 6.391516168098216092e-05
1.565767293262583762e+07 6.281374044933760972e-05
1.633887186973565444e+07 6.166218295636588455e-05
1.704970688328647614e+07 6.045146013929649881e-05
1.779146731326251104e+07 5.920044823677189346e-05
1.856549859336193278e+07 5.789428240707295161e-05
1.937320469139645621e+07 5.653919127418162183e-05
2.021605065586232394e+07 5.511779266474926912e-05
2.109556527330185100e+07 5.366051623502437118e-05
