4.402668768255081886e+03 1.053318415961174322e-02
8.702291228692711229e+03 8.819928111775843238e-03
1.276695311178296288e+04 6.924421418039138076e-03
1.720090168377494410e+04 8.147837003674046966e-03
2.128263827136110922e+04 7.499000179253940274e-03
2.633296208052037036e+04 4.896181903333782226e-03
2.992156217165216731e+04 4.942185248216271302e-03
3.399920905420427152e+04 5.962937492425928777e-03
3.863254898524766031e+04 6.692127867519807698e-03
4.389731063208368869e+04 5.585104834617351383e-03
4.779996890100365999e+04 6.486014430538309013e-03
5.204959014657664375e+04 8.175117275983698542e-03
5.667702085826511757e+04 5.062505881903290109e-03
5.914279763961255958e+04 4.982409977792973468e-03
6.440084477124233672e+04 4.936288928370638658e-03
7.012635473421998904e+04 4.504134795589438862e-03
7.317725498701544711e+04 4.858939287194444061e-03
7.636088696938367502e+04 6.842980335771580054e-03
8.314969572923783562e+04 6.618315635251222767e-03
8.676718631008510420e+04 4.805728640042468240e-03
9.054205856247972406e+04 4.340778981647639909e-03
9.448115949541462760e+04 6.440977772970421684e-03
9.859163400220239419e+04 4.978120004885843407e-03
1.028809378201585205e+05 6.025844328649724441e-03
1.073568510541054857e+05 3.617535677790555300e-03
1.120274922882271931e+05 3.966337523564532341e-03
1.169013333118703304e+05 4.313042749203235479e-03
1.219872144860027474e+05 3.678445255097619916e-03
1.272943607782017789e+05 3.737794001987853037e-03
1.328323984952562314e+05 4.069627629130058953e-03
1.386113727437329653e+05 2.982230045729021908e-03
1.446417656501793244e+05 3.049416822101923101e-03
1.509345153740085370e+05 3.247754008739309455e-03
1.575010359475556761e+05 3.085898590371871295e-03
1.643532379792899883e+05 2.705887685433416324e-03
1.715035502577361767e+05 2.602110741067706692e-03
1.789649422952906752e+05 2.559038399851869955e-03
1.867509478528243199e+05 3.277249880250013379e-03
1.948756894877398154e+05 2.700102330925738432e-03
2.033539041700111702e+05 2.946142559681482267e-03
2.122009700126690441e+05 2.569826474705209918e-03
2.214329341652157309e+05 2.924811367823089078e-03
2.310665419205641374e+05 2.713051545152962013e-03
2.411192670882964740e+05 2.184583010431159766e-03
2.516093436893345497e+05 2.098120000749741174e-03
2.625557990295106429e+05 2.191243978500047318e-03
2.739784882120293914e+05 1.577049214621690067e-03
2.858981301514200750e+05 1.841617359719259625e-03
2.983363451543037081e+05 1.788033899293241073e-03
3.113156941351395799e+05 1.871516961659636840e-03
3.248597195380828343e+05 1.958874792520132625e-03
3.389929880391783081e+05 1.862438973037902320e-03
3.537411351063454640e+05 1.830567744673704603e-03
3.691309114979797741e+05 1.837130555438022585e-03
3.851902317845114740e+05 1.763625308110881211e-03
4.019482249809301575e+05 1.692012679661249056e-03
4.194352873821160174e+05 1.743477459601012851e-03
4.376831376968135592e+05 1.724281128798972173e-03
4.567248745802495978e+05 1.662604482369195837e-03
4.765950366697513964e+05 1.753077907877779269e-03
4.973296652322599548e+05 1.561829896433271402e-03
5.189663695373724331e+05 1.502431087895164490e-03
5.415443950744860340e+05 1.432050923519414837e-03
5.651046947377803735e+05 1.412809292324611245e-03
5.896900031081594061e+05 1.453771718349749012e-03
6.153449139668828575e+05 1.505044837258529521e-03
6.421159611814880045e+05 1.544742080247502427e-03
6.700517031107150251e+05 1.569950714927929002e-03
6.992028106815317878e+05 1.515889161444876213e-03
7.296221592980173882e+05 1.466963691989926462e-03
7.613649247488108231e+05 1.494155803037938279e-03
7.944886832870859653e+05 1.462910338650712499e-03
8.290535160645822762e+05 1.476765044361451253e-03
8.651221181091160979e+05 1.431649338799361728e-03
9.027599120432427153e+05 1.451245714728662851e-03
9.420351667503338540e+05 1.467748921233047151e-03
9.830191212033139309e+05 1.470515573674646345e-03
1.025786113680658164e+06 1.478951895418272131e-03
1.070413716604031390e+06 1.443187044567862494e-03
1.116982877242140938e+06 1.432298139791807071e-03
1.165578064536016202e+06 1.446476778757550341e-03
1.216287422312036389e+06 1.443441884207986728e-03
1.269202929160604253e+06 1.440655966129528913e-03
1.324420565270459978e+06 1.407682620179935345e-03
1.382040486521255923e+06 1.419024470396483334e-03
1.442167206150156213e+06 1.390516759884225266e-03
1.504909784321977990e+06 1.393821485601242543e-03
1.570382025946733309e+06 1.412892285936249949e-03
1.638702687103363918e+06 1.412825269566794165e-03
1.709995690444097621e+06 1.422546276632965460e-03
1.784390349970143754e+06 1.416899407417189938e-03
1.862021605586416787e+06 1.402613078019197476e-03
1.943030267860745313e+06 1.408864470165273591e-03
2.027563273431514390e+06 1.408649010301897021e-03
2.115773951527012512e+06 1.402906419469154278e-03
2.207822302079902031e+06 1.394599396368238200e-03
2.303875285941275768e+06 1.396515248352428115e-03
2.404107127720690332e+06 1.394842663858106811e-03
2.508699631801488344e+06 1.393046162498396898e-03
2.617842512104606722e+06 1.388286927161555074e-03
2.731733736199009698e+06 1.392063060742951492e-03
2.850579884382903576e+06 1.388811308474091752e-03
2.974596524387058336e+06 1.387213503709008953e-03
3.104008602379877120e+06 1.383932676783851878e-03
3.239050850983437616e+06 1.387323453676956447e-03
3.379968215040580835e+06 1.386668688458211418e-03
3.527016295905329287e+06 1.383912696045054222e-03
3.680461815062484704e+06 1.384102329480880415e-03
3.840583097917342559e+06 1.383599087708907958e-03
4.007670578633065801e+06 1.379233754847968094e-03
4.182027326931377407e+06 1.380811635933328800e-03
4.363969597812118940e+06 1.380696612786265791e-03
4.553827405188770033e+06 1.379748325209972969e-03
4.751945120480441488e+06 1.379661305879332405e-03
4.958682097246030346e+06 1.376806694040908028e-03
5.174413322993571870e+06 1.377368490934593884e-03
5.399530099347066134e+06 1.377027482284107901e-03
5.634440751804465428e+06 1.378826936096791324e-03
5.879571370374216698e+06 1.378130291936862034e-03
6.135366582433775067e+06 1.377684092211417435e-03
6.402290359211891890e+06 1.376139295039174914e-03
6.680826857357543893e+06 1.376367172824274291e-03
6.971481297121950425e+06 1.375863039761596966e-03
7.274780878746563569e+06 1.375239742828002123e-03
7.591275738719213754e+06 1.374405644961625757e-03
7.921539947632909752e+06 1.373800401205285031e-03
8.266172551457234658e+06 1.372482063443024878e-03
8.625798658111047000e+06 1.371815036089318136e-03
9.001070571307353675e+06 1.371635273434667875e-03
9.392668973726961762e+06 1.371622753289780021e-03
9.801304161666996777e+06 1.371614445582500534e-03
1.022771733340373263e+07 1.371623279774873824e-03
1.067268193360666372e+07 1.371462682372229409e-03
1.113700505624227971e+07 1.371765910526689253e-03
1.162152890851223469e+07 1.372248505599354441e-03
1.212713233848130889e+07 1.372644898237834277e-03
1.265473242916593328e+07 1.372982545121971239e-03
1.320528616197475232e+07 1.373501889953012605e-03
1.377979215251848102e+07 1.374003784156895827e-03
1.437929246193742193e+07 1.374645287651065587e-03
1.500487448703214899e+07 1.375272390025498309e-03
1.565767293262583762e+07 1.375966572936102375e-03
1.633887186973565444e+07 1.376811969326298835e-03
1.704970688328647614e+07 1.377627845654776648e-03
1.779146731326251104e+07 1.378443404388108315e-03
1.856549859336193278e+07 1.379324680923086927e-03
1.937320469139645621e+07 1.380236426377406218e-03
2.021605065586232394e+07 1.381150085677325954e-03
2.109556527330185100e+07 1.382117056609181733e-03
