4.402668768255080977e+03 4.916498955536998533e-03
8.702291228692711229e+03 7.767322147693492100e-03
1.276695311178296106e+04 9.035479091288109790e-03
1.720090168377494410e+04 9.668929677691524144e-03
2.128263827136110558e+04 9.375526784938298733e-03
2.633296208052036673e+04 6.634923971093492114e-03
2.992156217165216367e+04 5.718026337068046402e-03
3.399920905420426425e+04 2.671124967191725996e-03
3.863254898524766031e+04 6.487980944954494823e-03
4.389731063208368141e+04 6.959125797455193926e-03
4.779996890100366727e+04 4.358330872101063777e-03
5.204959014657664375e+04 5.525919197249733704e-03
5.667702085826511029e+04 4.344732577032881134e-03
5.914279763961255958e+04 4.585962210555281394e-03
6.440084477124233672e+04 3.575026594354652979e-03
7.012635473421998904e+04 4.114529941690053642e-03
7.317725498701544711e+04 5.055185825335390543e-03
7.636088696938366047e+04 4.061791228553628640e-03
8.314969572923782107e+04 4.259110352933867007e-03
8.676718631008510420e+04 3.703246723511604676e-03
9.054205856247972406e+04 4.020734528307854695e-03
9.448115949541462760e+04 3.283819263867279910e-03
9.859163400220239419e+04 4.815850538273735472e-03
1.028809378201585205e+05 4.930135978291220154e-03
1.073568510541054857e+05 5.190339863629594465e-03
1.120274922882271785e+05 5.469672486364112254e-03
1.169013333118703304e+05 4.844551244669502432e-03
1.219872144860027474e+05 4.343673218253143141e-03
1.272943607782017789e+05 3.864412418232727325e-03
1.328323984952562314e+05 3.550639428065372177e-03
1.386113727437329653e+05 4.654804273018120497e-03
1.446417656501793244e+05 4.931583590507148188e-03
1.509345153740085370e+05 3.618797088670691869e-03
1.575010359475556761e+05 3.277263310905641387e-03
1.643532379792899883e+05 2.888343255680630994e-03
1.715035502577361767e+05 3.135974660485255170e-03
1.789649422952906461e+05 2.875663271723462831e-03
1.867509478528242907e+05 3.440020707550528380e-03
1.948756894877398154e+05 3.685821269245781635e-03
2.033539041700111702e+05 3.129796533291550904e-03
2.122009700126690441e+05 3.314567181529057011e-03
2.214329341652157309e+05 3.367843665883874654e-03
2.310665419205641083e+05 3.151132364994844309e-03
2.411192670882964449e+05 2.836788070083466184e-03
2.516093436893345497e+05 2.902863999917799920e-03
2.625557990295107011e+05 2.991653717734260847e-03
2.739784882120293914e+05 3.030376569404141449e-03
2.858981301514200168e+05 3.275599023319806288e-03
2.983363451543037081e+05 3.117168427446885201e-03
3.113156941351395799e+05 2.959173549478770916e-03
3.248597195380828343e+05 3.094984180206929083e-03
3.389929880391783081e+05 3.014968107474808381e-03
3.537411351063454640e+05 2.981539681614131521e-03
3.691309114979797741e+05 2.822846816791129906e-03
3.851902317845114740e+05 2.498262270024519463e-03
4.019482249809301575e+05 2.477035502110698333e-03
4.194352873821160174e+05 2.658222175413290245e-03
4.376831376968135592e+05 2.558994717415931548e-03
4.567248745802495396e+05 2.523952611294085543e-03
4.765950366697513382e+05 2.438246732503119175e-03
4.973296652322599548e+05 2.380738683265410695e-03
5.189663695373723749e+05 2.400239314722039854e-03
5.415443950744859176e+05 2.410686389203132388e-03
5.651046947377803735e+05 2.469002233457690768e-03
5.896900031081594061e+05 2.358796932955586293e-03
6.153449139668828575e+05 2.460274866724889917e-03
6.421159611814880045e+05 2.484811272783872711e-03
6.700517031107150251e+05 2.441337724225893253e-03
6.992028106815317878e+05 2.459136490873027343e-03
7.296221592980173882e+05 2.372814046085936716e-03
7.613649247488108231e+05 2.352140306724545896e-03
7.944886832870859653e+05 2.343431615810966442e-03
8.290535160645822762e+05 2.377608032984695943e-03
8.651221181091159815e+05 2.398097193156948411e-03
9.027599120432425989e+05 2.379087607723396128e-03
9.420351667503338540e+05 2.361295623325463961e-03
9.830191212033140473e+05 2.328146009812400146e-03
1.025786113680658164e+06 2.365783011256085248e-03
1.070413716604031390e+06 2.337002619127950646e-03
1.116982877242140938e+06 2.322031910588285338e-03
1.165578064536016202e+06 2.318319172831358708e-03
1.216287422312036389e+06 2.368718888072915679e-03
1.269202929160604253e+06 2.349454260227400778e-03
1.324420565270459978e+06 2.334475746857331974e-03
1.382040486521255691e+06 2.334405661156931187e-03
1.442167206150155980e+06 2.338695218269464145e-03
1.504909784321977990e+06 2.385588229897235048e-03
1.570382025946733309e+06 2.385662988016686893e-03
1.638702687103363918e+06 2.391011501091184349e-03
1.709995690444097621e+06 2.398063886249887471e-03
1.784390349970143754e+06 2.375918151165454587e-03
1.862021605586416787e+06 2.367191231884065595e-03
1.943030267860745313e+06 2.351426906050722940e-03
2.027563273431514623e+06 2.321628493348272884e-03
2.115773951527012512e+06 2.297663052156518823e-03
2.207822302079902031e+06 2.304131003597807443e-03
2.303875285941275768e+06 2.319200942054178149e-03
2.404107127720690332e+06 2.331011620829887086e-03
2.508699631801488344e+06 2.342512759207913704e-03
2.617842512104606722e+06 2.324054510214451294e-03
2.731733736199009698e+06 2.308524270672182317e-03
2.850579884382903110e+06 2.305258109848390934e-03
2.974596524387058336e+06 2.307345842127182800e-03
3.104008602379877120e+06 2.304552621212409280e-03
3.239050850983437151e+06 2.306267677547086010e-03
3.379968215040580370e+06 2.310703673850001295e-03
3.527016295905329287e+06 2.309381495340806240e-03
3.680461815062484704e+06 2.317462720301353453e-03
3.840583097917342093e+06 2.310912917708091412e-03
4.007670578633065801e+06 2.307003706816553815e-03
4.182027326931377407e+06 2.298270029527334831e-03
4.363969597812118940e+06 2.298171275835774255e-03
4.553827405188770033e+06 2.298589348216235114e-03
4.751945120480441488e+06 2.301101182665171892e-03
4.958682097246030346e+06 2.305900440943595923e-03
5.174413322993571870e+06 2.304438707034776445e-03
5.399530099347066134e+06 2.299663240820708828e-03
5.634440751804464497e+06 2.297108155692541287e-03
5.879571370374217629e+06 2.297801341301474419e-03
6.135366582433775999e+06 2.297516397013505719e-03
6.402290359211891890e+06 2.300443891159930677e-03
6.680826857357543893e+06 2.298484708112545107e-03
6.971481297121950425e+06 2.299788560311715521e-03
7.274780878746563569e+06 2.297745331507171449e-03
7.591275738719213754e+06 2.296863326342842189e-03
7.921539947632909752e+06 2.296543199341586055e-03
8.266172551457234658e+06 2.297972537839961926e-03
8.625798658111047000e+06 2.297770850922062607e-03
9.001070571307353675e+06 2.297436171975527925e-03
9.392668973726961762e+06 2.298602512432869425e-03
9.801304161666996777e+06 2.299829927472660501e-03
1.022771733340373263e+07 2.298356989913051800e-03
1.067268193360666372e+07 2.298425830955968304e-03
1.113700505624227971e+07 2.298915317796737176e-03
1.162152890851223655e+07 2.299123319890486634e-03
1.212713233848131076e+07 2.299308984782417412e-03
1.265473242916593328e+07 2.299647221273188290e-03
1.320528616197475046e+07 2.300211054151441500e-03
1.377979215251847915e+07 2.300711088056676089e-03
1.437929246193742193e+07 2.301441512827193461e-03
1.500487448703214899e+07 2.301767758459118129e-03
1.565767293262583762e+07 2.301827040247258864e-03
1.633887186973565444e+07 2.302063258815439158e-03
1.704970688328647614e+07 2.302291100547725240e-03
1.779146731326251104e+07 2.302713052761162695e-03
1.856549859336193278e+07 2.303108874124987129e-03
1.937320469139645249e+07 2.303609779936693653e-03
2.021605065586232394e+07 2.304193446912562032e-03
2.109556527330185100e+07 2.304742479842582584e-03
