4.402668768255081886e+03 1.366490873169134285e-02
8.702291228692711229e+03 9.459758013383457939e-03
1.276695311178296288e+04 8.299970626789027195e-03
1.720090168377494410e+04 1.065230561313146654e-02
2.128263827136110922e+04 8.847302986507972131e-03
2.633296208052037036e+04 8.994622328736937705e-03
2.992156217165216731e+04 9.802781659569333172e-03
3.399920905420427152e+04 7.220511797898318367e-03
3.863254898524766031e+04 7.466068478227827314e-03
4.389731063208368869e+04 7.564737600964801557e-03
4.779996890100365999e+04 4.943771987526004129e-03
5.204959014657664375e+04 5.083362574530489279e-03
5.667702085826511757e+04 4.846666955310149905e-03
5.914279763961255958e+04 5.627037263911859911e-03
6.440084477124233672e+04 6.346835234076615186e-03
7.012635473421998904e+04 5.858560045459549823e-03
7.317725498701544711e+04 4.538090888210592581e-03
7.636088696938367502e+04 3.096526522255954681e-03
8.314969572923783562e+04 4.301315213384229556e-03
8.676718631008510420e+04 4.964823626845918207e-03
9.054205856247972406e+04 2.383453968165089986e-03
9.448115949541462760e+04 3.174250974566033764e-03
9.859163400220239419e+04 4.177213652447823132e-03
1.028809378201585205e+05 3.938072679242034073e-03
1.073568510541054857e+05 3.239794431433337240e-03
1.120274922882271931e+05 3.195248184346366656e-03
1.169013333118703304e+05 3.298456220803510416e-03
1.219872144860027474e+05 4.106318248765502416e-03
1.272943607782017789e+05 4.217356466267099813e-03
1.328323984952562314e+05 3.948648390541756835e-03
1.386113727437329653e+05 4.394811346322458762e-03
1.446417656501793244e+05 4.176429163975683458e-03
1.509345153740085370e+05 3.221344549272820487e-03
1.575010359475556761e+05 2.934866957271766580e-03
1.643532379792899883e+05 3.112690629273784978e-03
1.715035502577361767e+05 3.661846135161481684e-03
1.789649422952906752e+05 3.764950266353487424e-03
1.867509478528243199e+05 3.617654628368183536e-03
1.948756894877398154e+05 3.681217452121884719e-03
2.033539041700111702e+05 4.123543709609671717e-03
2.122009700126690441e+05 3.510043105674326945e-03
2.214329341652157309e+05 3.380552376718923193e-03
2.310665419205641374e+05 3.377555081073816030e-03
2.411192670882964740e+05 3.316743532180788188e-03
2.516093436893345497e+05 3.255386310956042469e-03
2.625557990295106429e+05 3.176433688647364167e-03
2.739784882120293914e+05 3.680206080248281213e-03
2.858981301514200750e+05 3.272413035921786003e-03
2.983363451543037081e+05 3.253758145207022445e-03
3.113156941351395799e+05 3.224232882179477958e-03
3.248597195380828343e+05 3.363325175443196337e-03
3.389929880391783081e+05 3.063006546378771715e-03
3.537411351063454640e+05 2.689750562380706974e-03
3.691309114979797741e+05 2.650635387703391237e-03
3.851902317845114740e+05 2.699743209950584803e-03
4.019482249809301575e+05 2.800447895495107066e-03
4.194352873821160174e+05 2.665621574294182484e-03
4.376831376968135592e+05 2.528819779065493399e-03
4.567248745802495978e+05 2.618275359073778293e-03
4.765950366697513964e+05 2.626806766341502168e-03
4.973296652322599548e+05 2.839507838270696576e-03
5.189663695373724331e+05 2.750647817007370339e-03
5.415443950744860340e+05 2.675686988546548475e-03
5.651046947377803735e+05 2.775866600560989491e-03
5.896900031081594061e+05 2.725459874626893000e-03
6.153449139668828575e+05 2.720229698879849615e-03
6.421159611814880045e+05 2.676141017691532637e-03
6.700517031107150251e+05 2.627100040421017930e-03
6.992028106815317878e+05 2.521864164270755816e-03
7.296221592980173882e+05 2.650039728668626172e-03
7.613649247488108231e+05 2.688156253605403744e-03
7.944886832870859653e+05 2.652239049935048963e-03
8.290535160645822762e+05 2.698325139622444364e-03
8.651221181091160979e+05 2.696003756607472188e-03
9.027599120432427153e+05 2.730239896354478245e-03
9.420351667503338540e+05 2.687268241163854113e-03
9.830191212033139309e+05 2.771244981099785145e-03
1.025786113680658164e+06 2.731159953809937212e-03
1.070413716604031390e+06 2.678058644614333787e-03
1.116982877242140938e+06 2.666265916554655651e-03
1.165578064536016202e+06 2.670978578443786861e-03
1.216287422312036389e+06 2.628390880358216861e-03
1.269202929160604253e+06 2.642602316574118020e-03
1.324420565270459978e+06 2.699769928461231809e-03
1.382040486521255923e+06 2.686429974895577187e-03
1.442167206150156213e+06 2.647448996523500166e-03
1.504909784321977990e+06 2.645215429819901265e-03
1.570382025946733309e+06 2.636697830449090483e-03
1.638702687103363918e+06 2.633512635820627230e-03
1.709995690444097621e+06 2.626378160339110437e-03
1.784390349970143754e+06 2.630462258999027164e-03
1.862021605586416787e+06 2.621702293449899423e-03
1.943030267860745313e+06 2.660993912449539488e-03
2.027563273431514390e+06 2.655906344176570903e-03
2.115773951527012512e+06 2.653624448665822637e-03
2.207822302079902031e+06 2.641147055949804191e-03
2.303875285941275768e+06 2.630918544995072394e-03
2.404107127720690332e+06 2.626935657813678042e-03
2.508699631801488344e+06 2.630754668494020895e-03
2.617842512104606722e+06 2.622102236546952885e-03
2.731733736199009698e+06 2.619490320350221536e-03
2.850579884382903576e+06 2.611151392014674551e-03
2.974596524387058336e+06 2.600445632271770804e-03
3.104008602379877120e+06 2.606723153259202230e-03
3.239050850983437616e+06 2.605651612942888780e-03
3.379968215040580835e+06 2.599819380718163767e-03
3.527016295905329287e+06 2.607464225761460617e-03
3.680461815062484704e+06 2.610693528244521777e-03
3.840583097917342559e+06 2.607273639561079673e-03
4.007670578633065801e+06 2.602797866849694032e-03
4.182027326931377407e+06 2.601602741269689462e-03
4.363969597812118940e+06 2.599962697804136889e-03
4.553827405188770033e+06 2.599023239865861333e-03
4.751945120480441488e+06 2.603063170104846519e-03
4.958682097246030346e+06 2.604256482873527293e-03
5.174413322993571870e+06 2.598129159935682556e-03
5.399530099347066134e+06 2.596412458346231827e-03
5.634440751804465428e+06 2.596737200190638809e-03
5.879571370374216698e+06 2.590577728695101813e-03
6.135366582433775067e+06 2.594504356905205558e-03
6.402290359211891890e+06 2.592173488750737931e-03
6.680826857357543893e+06 2.591545048990529301e-03
6.971481297121950425e+06 2.590086112856054921e-03
7.274780878746563569e+06 2.589053381588941449e-03
7.591275738719213754e+06 2.590029636297693991e-03
7.921539947632909752e+06 2.591135822630548802e-03
8.266172551457234658e+06 2.590620793040632804e-03
8.625798658111047000e+06 2.587738197058912174e-03
9.001070571307353675e+06 2.588849572803489808e-03
9.392668973726961762e+06 2.588554034028536788e-03
9.801304161666996777e+06 2.588321753977391570e-03
1.022771733340373263e+07 2.587755791068410173e-03
1.067268193360666372e+07 2.587468505946959128e-03
1.113700505624227971e+07 2.586794091685626438e-03
1.162152890851223469e+07 2.586658469143712519e-03
1.212713233848130889e+07 2.586086607458112051e-03
1.265473242916593328e+07 2.584920498935073477e-03
1.320528616197475232e+07 2.584176160504163440e-03
1.377979215251848102e+07 2.583834333088254158e-03
1.437929246193742193e+07 2.583073799303822748e-03
1.500487448703214899e+07 2.582299020300262045e-03
1.565767293262583762e+07 2.581577099737453803e-03
1.633887186973565444e+07 2.580823911564276638e-03
1.704970688328647614e+07 2.580010663198210093e-03
1.779146731326251104e+07 2.579257234945646435e-03
1.856549859336193278e+07 2.578364874227448336e-03
1.937320469139645621e+07 2.577386922843942843e-03
2.021605065586232394e+07 2.576486051514828221e-03
2.109556527330185100e+07 2.575505521699192595e-03
