4.402668768255081886e+03 1.324415620050487657e-02
8.702291228692711229e+03 1.287142063397050777e-02
1.276695311178296288e+04 1.540271867018077993e-02
1.720090168377494410e+04 1.520284672980277106e-02
2.128263827136110922e+04 1.564453265837105478e-02
2.633296208052037036e+04 1.335925640294613470e-02
2.992156217165216731e+04 1.375844980425070495e-02
3.399920905420427152e+04 1.255607256580064043e-02
3.863254898524766031e+04 1.483071830509040748e-02
4.389731063208368869e+04 1.273018762918840321e-02
4.779996890100365999e+04 1.293249156221799000e-02
5.204959014657664375e+04 9.790319646629876832e-03
5.667702085826511757e+04 1.000364265347355661e-02
5.914279763961255958e+04 9.232129023178712798e-03
6.440084477124233672e+04 8.571226825089274179e-03
7.012635473421998904e+04 7.675774740863086816e-03
7.317725498701544711e+04 9.205584313187577597e-03
7.636088696938367502e+04 8.301978809695631512e-03
8.314969572923783562e+04 6.924906958233560846e-03
8.676718631008510420e+04 7.346524669512467277e-03
9.054205856247972406e+04 6.056345134484436045e-03
9.448115949541462760e+04 7.215291498121967698e-03
9.859163400220239419e+04 6.316038757236409375e-03
1.028809378201585205e+05 6.848674210136532214e-03
1.073568510541054857e+05 7.199879821359884795e-03
1.120274922882271931e+05 7.827335533276273336e-03
1.169013333118703304e+05 6.854030262897175922e-03
1.219872144860027474e+05 6.697573377229856795e-03
1.272943607782017789e+05 7.442070077838298589e-03
1.328323984952562314e+05 6.252293657160885518e-03
1.386113727437329653e+05 5.890805041533418891e-03
1.446417656501793244e+05 6.449159913512489059e-03
1.509345153740085370e+05 6.951475343082520221e-03
1.575010359475556761e+05 5.014189634990976092e-03
1.643532379792899883e+05 4.991144989236005053e-03
1.715035502577361767e+05 5.028187566550845235e-03
1.789649422952906752e+05 5.513414189141209974e-03
1.867509478528243199e+05 5.054822006851278707e-03
1.948756894877398154e+05 5.187381228570619486e-03
2.033539041700111702e+05 4.782175352781885790e-03
2.122009700126690441e+05 5.020341224206241459e-03
2.214329341652157309e+05 5.256795952131261725e-03
2.310665419205641374e+05 5.164469737793052004e-03
2.411192670882964740e+05 4.741323784575467506e-03
2.516093436893345497e+05 4.887364244579301201e-03
2.625557990295106429e+05 5.019561446004325994e-03
2.739784882120293914e+05 4.792247843204186508e-03
2.858981301514200750e+05 4.662708936424979009e-03
2.983363451543037081e+05 4.666814618025419935e-03
3.113156941351395799e+05 4.504059629596226209e-03
3.248597195380828343e+05 4.579856336352643859e-03
3.389929880391783081e+05 4.718810329899514322e-03
3.537411351063454640e+05 4.977474297291255810e-03
3.691309114979797741e+05 4.942255785872967828e-03
3.851902317845114740e+05 4.683782375095613473e-03
4.019482249809301575e+05 4.679374198198501915e-03
4.194352873821160174e+05 4.636445387085928738e-03
4.376831376968135592e+05 4.578035098866051894e-03
4.567248745802495978e+05 4.547382151534835014e-03
4.765950366697513964e+05 4.581779348816790789e-03
4.973296652322599548e+05 4.628814682098667671e-03
5.189663695373724331e+05 4.566305794370707771e-03
5.415443950744860340e+05 4.474164516891308493e-03
5.651046947377803735e+05 4.446696167952521664e-03
5.896900031081594061e+05 4.454807689322259727e-03
6.153449139668828575e+05 4.493765757163249025e-03
6.421159611814880045e+05 4.463946920789718664e-03
6.700517031107150251e+05 4.444127238157589109e-03
6.992028106815317878e+05 4.464042603789676773e-03
7.296221592980173882e+05 4.442445104316991404e-03
7.613649247488108231e+05 4.438041427570527803e-03
7.944886832870859653e+05 4.418802612727657994e-03
8.290535160645822762e+05 4.447230549705284697e-03
8.651221181091160979e+05 4.419736613746732753e-03
9.027599120432427153e+05 4.408494375809276708e-03
9.420351667503338540e+05 4.416435031344419920e-03
9.830191212033139309e+05 4.444154725673219938e-03
1.025786113680658164e+06 4.393710620780987702e-03
1.070413716604031390e+06 4.419410677971399859e-03
1.116982877242140938e+06 4.423234023938875902e-03
1.165578064536016202e+06 4.402513087681635649e-03
1.216287422312036389e+06 4.410847147771911753e-03
1.269202929160604253e+06 4.398012381925821453e-03
1.324420565270459978e+06 4.377387200443282576e-03
1.382040486521255923e+06 4.381678494863800073e-03
1.442167206150156213e+06 4.394154465492432736e-03
1.504909784321977990e+06 4.379870064766743301e-03
1.570382025946733309e+06 4.385645439695069064e-03
1.638702687103363918e+06 4.386111105690984439e-03
1.709995690444097621e+06 4.396783521313223086e-03
1.784390349970143754e+06 4.367970379536266663e-03
1.862021605586416787e+06 4.368897239917277943e-03
1.943030267860745313e+06 4.375505386176963690e-03
2.027563273431514390e+06 4.392882833787638622e-03
2.115773951527012512e+06 4.384493747310523083e-03
2.207822302079902031e+06 4.385464161746436065e-03
2.303875285941275768e+06 4.384398864061547427e-03
2.404107127720690332e+06 4.376362655068731858e-03
2.508699631801488344e+06 4.371186997883682798e-03
2.617842512104606722e+06 4.363583469531456989e-03
2.731733736199009698e+06 4.358161082109426182e-03
2.850579884382903576e+06 4.357266329741345603e-03
2.974596524387058336e+06 4.366858460114202319e-03
3.104008602379877120e+06 4.362622104305572887e-03
3.239050850983437616e+06 4.362012614646509218e-03
3.379968215040580835e+06 4.364174834911164688e-03
3.527016295905329287e+06 4.361993608147642261e-03
3.680461815062484704e+06 4.353906064916841269e-03
3.840583097917342559e+06 4.341419204835762942e-03
4.007670578633065801e+06 4.347709376464910409e-03
4.182027326931377407e+06 4.354032863606587152e-03
4.363969597812118940e+06 4.353227678736549915e-03
4.553827405188770033e+06 4.352889672939828404e-03
4.751945120480441488e+06 4.346195046730672897e-03
4.958682097246030346e+06 4.339296654907885166e-03
5.174413322993571870e+06 4.343260840637229794e-03
5.399530099347066134e+06 4.343593055272113902e-03
5.634440751804465428e+06 4.343487884684924319e-03
5.879571370374216698e+06 4.345190624951844258e-03
6.135366582433775067e+06 4.344553457030895030e-03
6.402290359211891890e+06 4.344845656972033156e-03
6.680826857357543893e+06 4.342824888226814485e-03
6.971481297121950425e+06 4.344563645789369100e-03
7.274780878746563569e+06 4.344273690404321445e-03
7.591275738719213754e+06 4.343136330675044683e-03
7.921539947632909752e+06 4.342842379388912183e-03
8.266172551457234658e+06 4.342132150399132667e-03
8.625798658111047000e+06 4.342187482217092602e-03
9.001070571307353675e+06 4.342539236385708178e-03
9.392668973726961762e+06 4.341139073917613285e-03
9.801304161666996777e+06 4.340172118263307781e-03
1.022771733340373263e+07 4.340489490234463593e-03
1.067268193360666372e+07 4.340330275905336654e-03
1.113700505624227971e+07 4.339912215890639156e-03
1.162152890851223469e+07 4.339864081729892520e-03
1.212713233848130889e+07 4.339199121508336560e-03
1.265473242916593328e+07 4.338596213644248245e-03
1.320528616197475232e+07 4.338296196460316931e-03
1.377979215251848102e+07 4.337819503703680031e-03
1.437929246193742193e+07 4.337268497945892011e-03
1.500487448703214899e+07 4.337073575474845177e-03
1.565767293262583762e+07 4.336857661818683575e-03
1.633887186973565444e+07 4.336563982773111031e-03
1.704970688328647614e+07 4.336115293302408163e-03
1.779146731326251104e+07 4.335710758237138439e-03
1.856549859336193278e+07 4.335293207336966652e-03
1.937320469139645621e+07 4.334895794127950099e-03
2.021605065586232394e+07 4.334540506645423105e-03
2.109556527330185100e+07 4.334036031839873064e-03
