4.402668768255081886e+03 1.208663128580067872e-02
8.702291228692711229e+03 1.450329199711495980e-02
1.276695311178296288e+04 1.360033782458926546e-02
1.720090168377494410e+04 1.357394333324678064e-02
2.128263827136110922e+04 1.105047810438158917e-02
2.633296208052037036e+04 1.078802519287073644e-02
2.992156217165216731e+04 1.020779555592180900e-02
3.399920905420427152e+04 1.062917674610882289e-02
3.863254898524766031e+04 1.089896067033846970e-02
4.389731063208368869e+04 8.408484868938302312e-03
4.779996890100365999e+04 7.184082335384982428e-03
5.204959014657664375e+04 1.014995790896956566e-02
5.667702085826511757e+04 7.362345946503198041e-03
5.914279763961255958e+04 7.553580500388192530e-03
6.440084477124233672e+04 8.075539139826705404e-03
7.012635473421998904e+04 6.363351680630290573e-03
7.317725498701544711e+04 7.851332881980994244e-03
7.636088696938367502e+04 7.417984106877587372e-03
8.314969572923783562e+04 8.383262057411503335e-03
8.676718631008510420e+04 7.199500943339588906e-03
9.054205856247972406e+04 7.552306966998585322e-03
9.448115949541462760e+04 6.813364757386431055e-03
9.859163400220239419e+04 7.234912933687865332e-03
1.028809378201585205e+05 6.127521088473439001e-03
1.073568510541054857e+05 5.511328167683545234e-03
1.120274922882271931e+05 6.694523878156508415e-03
1.169013333118703304e+05 7.178867197487573404e-03
1.219872144860027474e+05 7.076879609936771558e-03
1.272943607782017789e+05 6.887273121261588624e-03
1.328323984952562314e+05 6.648293051728943609e-03
1.386113727437329653e+05 6.531531276713566266e-03
1.446417656501793244e+05 6.975841714576529011e-03
1.509345153740085370e+05 7.222392557533016504e-03
1.575010359475556761e+05 6.500842436159578672e-03
1.643532379792899883e+05 5.902559169885423368e-03
1.715035502577361767e+05 6.172203057415570800e-03
1.789649422952906752e+05 5.668299826137368491e-03
1.867509478528243199e+05 5.115214629132126475e-03
1.948756894877398154e+05 5.294100913312857135e-03
2.033539041700111702e+05 4.597201533759914284e-03
2.122009700126690441e+05 4.819277275493610846e-03
2.214329341652157309e+05 4.965680951787651391e-03
2.310665419205641374e+05 4.831664348759775671e-03
2.411192670882964740e+05 4.813765051296912262e-03
2.516093436893345497e+05 4.677809323048997929e-03
2.625557990295106429e+05 4.828350971068345009e-03
2.739784882120293914e+05 4.619828734842654910e-03
2.858981301514200750e+05 4.746411160002329821e-03
2.983363451543037081e+05 5.003968353177437080e-03
3.113156941351395799e+05 4.705247423742204595e-03
3.248597195380828343e+05 4.792304057433699124e-03
3.389929880391783081e+05 4.729035114258553496e-03
3.537411351063454640e+05 4.825099027726687494e-03
3.691309114979797741e+05 4.799412588902077573e-03
3.851902317845114740e+05 4.632047876047950576e-03
4.019482249809301575e+05 4.626955291020923809e-03
4.194352873821160174e+05 4.669346817574542355e-03
4.376831376968135592e+05 4.621508313426581430e-03
4.567248745802495978e+05 4.457613018612856075e-03
4.765950366697513964e+05 4.333851984251031915e-03
4.973296652322599548e+05 4.353234484710375232e-03
5.189663695373724331e+05 4.490617092117934507e-03
5.415443950744860340e+05 4.496968255798926804e-03
5.651046947377803735e+05 4.533814517350393154e-03
5.896900031081594061e+05 4.493000918244903323e-03
6.153449139668828575e+05 4.376549942264894126e-03
6.421159611814880045e+05 4.405507068051096355e-03
6.700517031107150251e+05 4.393695078576057532e-03
6.992028106815317878e+05 4.319322770892600194e-03
7.296221592980173882e+05 4.287237287885813444e-03
7.613649247488108231e+05 4.281650221011437142e-03
7.944886832870859653e+05 4.242437375511561026e-03
8.290535160645822762e+05 4.240327076657258998e-03
8.651221181091160979e+05 4.309647110119752510e-03
9.027599120432427153e+05 4.336792437327280196e-03
9.420351667503338540e+05 4.301254191400321822e-03
9.830191212033139309e+05 4.315874836845086208e-03
1.025786113680658164e+06 4.310045612607373011e-03
1.070413716604031390e+06 4.266981533045601134e-03
1.116982877242140938e+06 4.283855343198895126e-03
1.165578064536016202e+06 4.275611618670795491e-03
1.216287422312036389e+06 4.279587305975310688e-03
1.269202929160604253e+06 4.290495996797019131e-03
1.324420565270459978e+06 4.276553152786203606e-03
1.382040486521255923e+06 4.281052641128084250e-03
1.442167206150156213e+06 4.267427686348047693e-03
1.504909784321977990e+06 4.268104496182529954e-03
1.570382025946733309e+06 4.266546696974190568e-03
1.638702687103363918e+06 4.246708119294669709e-03
1.709995690444097621e+06 4.261278826978499856e-03
1.784390349970143754e+06 4.271181014362652323e-03
1.862021605586416787e+06 4.283866209458668181e-03
1.943030267860745313e+06 4.275104460506817632e-03
2.027563273431514390e+06 4.286931512722107727e-03
2.115773951527012512e+06 4.293126264717902520e-03
2.207822302079902031e+06 4.292142463083525178e-03
2.303875285941275768e+06 4.293264254205064745e-03
2.404107127720690332e+06 4.292319907824650692e-03
2.508699631801488344e+06 4.286444392729176801e-03
2.617842512104606722e+06 4.284256421972611542e-03
2.731733736199009698e+06 4.282216432672293974e-03
2.850579884382903576e+06 4.277261535295736640e-03
2.974596524387058336e+06 4.274510925338014140e-03
3.104008602379877120e+06 4.285599534203585192e-03
3.239050850983437616e+06 4.278518400348676337e-03
3.379968215040580835e+06 4.281568775618501202e-03
3.527016295905329287e+06 4.270021355309891464e-03
3.680461815062484704e+06 4.268503317791281018e-03
3.840583097917342559e+06 4.271039981936360259e-03
4.007670578633065801e+06 4.267865101318313141e-03
4.182027326931377407e+06 4.267604763057424901e-03
4.363969597812118940e+06 4.268236328056523692e-03
4.553827405188770033e+06 4.261032479440218963e-03
4.751945120480441488e+06 4.259963209017479831e-03
4.958682097246030346e+06 4.262362695052233225e-03
5.174413322993571870e+06 4.265727181288694533e-03
5.399530099347066134e+06 4.268639297989363507e-03
5.634440751804465428e+06 4.265489754081390993e-03
5.879571370374216698e+06 4.265008510299816112e-03
6.135366582433775067e+06 4.261400309543150050e-03
6.402290359211891890e+06 4.261626843533919927e-03
6.680826857357543893e+06 4.262338970300728717e-03
6.971481297121950425e+06 4.260970209789697108e-03
7.274780878746563569e+06 4.259787698279344191e-03
7.591275738719213754e+06 4.262343295135030165e-03
7.921539947632909752e+06 4.261094951263096932e-03
8.266172551457234658e+06 4.259102279228749351e-03
8.625798658111047000e+06 4.258473850620264796e-03
9.001070571307353675e+06 4.258582964797336980e-03
9.392668973726961762e+06 4.258093612148693835e-03
9.801304161666996777e+06 4.257403948861646255e-03
1.022771733340373263e+07 4.257617499231024574e-03
1.067268193360666372e+07 4.257743887240891464e-03
1.113700505624227971e+07 4.257249581638040958e-03
1.162152890851223469e+07 4.256359355040587565e-03
1.212713233848130889e+07 4.255561894537022299e-03
1.265473242916593328e+07 4.254924249621154682e-03
1.320528616197475232e+07 4.254284011146357812e-03
1.377979215251848102e+07 4.253923809068615655e-03
1.437929246193742193e+07 4.253355733866753287e-03
1.500487448703214899e+07 4.252493975686695050e-03
1.565767293262583762e+07 4.252008755435384216e-03
1.633887186973565444e+07 4.251422337694279151e-03
1.704970688328647614e+07 4.250742261969922380e-03
1.779146731326251104e+07 4.250113127061284912e-03
1.856549859336193278e+07 4.249498612039723580e-03
1.937320469139645621e+07 4.248839552464313794e-03
2.021605065586232394e+07 4.248093458061471227e-03
2.109556527330185100e+07 4.247410945150988798e-03
