4.397358678747020349e+03 1.233636058280477427e-02
8.482089352930463065e+03 1.160727589636491829e-02
1.297525232305497775e+04 1.108323796873119348e-02
1.700578923910626327e+04 1.061427362875685954e-02
2.144345572198071386e+04 1.019527499665965654e-02
2.601415726113090204e+04 9.865238698581864363e-03
3.036279518632592590e+04 9.545284990091587943e-03
3.409500367323863611e+04 9.234008863746170220e-03
3.828597691169355676e+04 8.952243994058821722e-03
4.299210647198901279e+04 8.697365835190375496e-03
4.827671560169377335e+04 8.480803421812574752e-03
5.215593201254317682e+04 8.258481728410031752e-03
5.634685811148242647e+04 8.053595493305426220e-03
6.087454094909037667e+04 7.867991432564506310e-03
6.576604020104771189e+04 7.700753255198589976e-03
6.835726699499240203e+04 7.551960619800033268e-03
7.385003154251456726e+04 7.411347636972819529e-03
7.675977310338136158e+04 7.271329486443572909e-03
8.292771074794785818e+04 7.114366237322356651e-03
8.619511905463135918e+04 6.984026922074343911e-03
8.959126547486333584e+04 6.867566705365302920e-03
9.312122237803386815e+04 6.755117236955037775e-03
1.006038642592176184e+05 6.649233138409868689e-03
1.045677250579814718e+05 6.544134938081491888e-03
1.086877646730131819e+05 6.446704415992638056e-03
1.129701366560870520e+05 6.348034057505061271e-03
1.174212370131097996e+05 6.269441175799057332e-03
1.220477137569789338e+05 6.189115874250211528e-03
1.268564768368296645e+05 6.107191144324772281e-03
1.318547084585015255e+05 6.002280080158520909e-03
1.370498738116377208e+05 5.909044744798041399e-03
1.424497322194394947e+05 5.849854019345893628e-03
1.480623487277294043e+05 5.788193557524453324e-03
1.538961061506307160e+05 5.697184215783661874e-03
1.599597175908544159e+05 5.614754859080067079e-03
1.662622394532951585e+05 5.547304917310714664e-03
1.728130849713709904e+05 5.480867469227827110e-03
1.796220382663106720e+05 5.415934055943311468e-03
1.866992689603856707e+05 5.338698998157375558e-03
1.940553473659140873e+05 5.275559253480486578e-03
2.017012602727216727e+05 5.229922146849171408e-03
2.096484273576388368e+05 5.160108254782223153e-03
2.179087182405441417e+05 5.099962840314906619e-03
2.264944702124265605e+05 5.049219139099548476e-03
2.354185066619466234e+05 4.996661609361232811e-03
2.446941562280152866e+05 4.948873951037300462e-03
2.543352727069974644e+05 4.894928354140726939e-03
2.643562557442748803e+05 4.847138432641989909e-03
2.747720723410687060e+05 4.814518119930495492e-03
2.855982792086453992e+05 4.772269978596749632e-03
2.968510460032953415e+05 4.725828023061345862e-03
3.085471794767836691e+05 4.686499152617650509e-03
3.207041485783469398e+05 4.657189667664567677e-03
3.333401105457244557e+05 4.625467428635988108e-03
3.464739380241926992e+05 4.589653282583685580e-03
3.601252472541123279e+05 4.556041269084610754e-03
3.743144273690795526e+05 4.523844568693414364e-03
3.890626708484460250e+05 4.498370010531408010e-03
4.043920051696896553e+05 4.475017888894071601e-03
4.203253257079091854e+05 4.448507930479227504e-03
4.368864299315829412e+05 4.424054603577217901e-03
4.541000529456618824e+05 4.403517457493125870e-03
4.719919044350839686e+05 4.382363046771781123e-03
4.905887070638925652e+05 4.365202895127821142e-03
5.099182363873021677e+05 4.346663211866068702e-03
5.300093623363263905e+05 4.328217544400079358e-03
5.508920923369323136e+05 4.312078448182148083e-03
5.725976161281155655e+05 4.298129629935453118e-03
5.951583523458390264e+05 4.284325271236454589e-03
6.186079969424117589e+05 4.270412518168123332e-03
6.429815735136236763e+05 4.258324701812101452e-03
6.683154856088015949e+05 4.248462842600674721e-03
6.946475711019182345e+05 4.236465381022206864e-03
7.220171587049631635e+05 4.224802861963109120e-03
7.504651267079747049e+05 4.215063763618167626e-03
7.800339640334708383e+05 4.204988722121921069e-03
8.107678336964679183e+05 4.197097829037244564e-03
8.427126387648641830e+05 4.189195827328923843e-03
8.759160909187096404e+05 4.181307894158724919e-03
9.104277817107571755e+05 4.173971465114712648e-03
9.462992566347261891e+05 4.167815713899110028e-03
9.835840921119101113e+05 4.161651414992837555e-03
1.022337975511105964e+06 4.155733633306281545e-03
1.062618788321383065e+06 4.150148850310761243e-03
1.104486692601920106e+06 4.144889066630920091e-03
1.148004220838018227e+06 4.140037960300223079e-03
1.193236369337506359e+06 4.135804128837895083e-03
1.240250695307028014e+06 4.131282463916215349e-03
1.289117417753197253e+06 4.127160178422285136e-03
1.339909522359333700e+06 4.123304526044470515e-03
1.392702870494408533e+06 4.119730889052093496e-03
1.447576312517018290e+06 4.116389572700255087e-03
1.504611805543615716e+06 4.113312345803695619e-03
1.563894535856881877e+06 4.110350379756910408e-03
1.625513046137078200e+06 4.107253390977293889e-03
1.689559367706399178e+06 4.104493499501627417e-03
1.756129157983835554e+06 4.102067660533724111e-03
1.825321843355865916e+06 4.099488173440015912e-03
1.897240767676339950e+06 4.097219259030594751e-03
1.971993346617360367e+06 4.094896718229078421e-03
2.049691228101704270e+06 4.092775956690324068e-03
2.130450459056375083e+06 4.090750916940710628e-03
2.214391658736369107e+06 4.088908738468334698e-03
2.301640198877517134e+06 4.087081976511228870e-03
2.392326390947460197e+06 4.085416434035930161e-03
2.486585680774453562e+06 4.083845099642758464e-03
2.584558850844673812e+06 4.082348310798129820e-03
2.686392230570171494e+06 4.080794287811478210e-03
2.792237914841541555e+06 4.079372257696896320e-03
2.902253991191694513e+06 4.077947687997955650e-03
3.016604775910052471e+06 4.076686407372021904e-03
3.135461059459801298e+06 4.075565952961759594e-03
3.259000361564738210e+06 4.074457495473691668e-03
3.387407196346737910e+06 4.073440182253988164e-03
3.520873347909792792e+06 4.072430125716956090e-03
3.659598156782265287e+06 4.071495561182263481e-03
3.803788817645160947e+06 4.070551106028586462e-03
3.953660688791089691e+06 4.069695503969914321e-03
4.109437613776124083e+06 4.068875401191503205e-03
4.271352255744966678e+06 4.068153704334887856e-03
4.439646444928741083e+06 4.067438412248584705e-03
4.614571539834450930e+06 4.066784946975047360e-03
4.796388802665542811e+06 4.066101877070818667e-03
4.985369789534283802e+06 4.065563605323421065e-03
5.181796756048802286e+06 4.064984760170882623e-03
5.385963078880499117e+06 4.064428258343508182e-03
5.598173693941518664e+06 4.063925680118845273e-03
5.818745551826721057e+06 4.063450124232132095e-03
6.048008091200350784e+06 4.062928191644323180e-03
6.286303730834488757e+06 4.062496908059576826e-03
6.533988381034149788e+06 4.062063935778347477e-03
6.791431975212856196e+06 4.061620076188098526e-03
7.059019022412689403e+06 4.061207481063600251e-03
7.337149181593989022e+06 4.060847562866128080e-03
7.626237858552427031e+06 4.060513648091791140e-03
7.926716826355056837e+06 4.060189941929089920e-03
8.239034870221971534e+06 4.059892153010805256e-03
8.563658457816720009e+06 4.059633203325073783e-03
8.901072435946609825e+06 4.059412957832007375e-03
9.251780754713535309e+06 4.059248059377869484e-03
9.616307220196772367e+06 4.059129050835896986e-03
