4.459214136903851795e+03 1.112428387155212604e-02
8.612404689685163248e+03 9.957274751206024802e-03
1.291344238188482268e+04 9.033357475493289379e-03
1.749767031198925906e+04 8.331379200731412263e-03
2.142589782554178237e+04 7.653839434207374004e-03
2.623601253453756726e+04 7.082853630395610778e-03
3.053985212444549688e+04 6.591361759936128356e-03
3.554970735568896635e+04 6.145981942165326672e-03
3.933828569399752450e+04 5.733989236419202891e-03
4.353061773080746207e+04 5.362461796866983647e-03
4.816973202049895917e+04 5.015948538614505535e-03
5.330324272620062402e+04 4.693291252567294812e-03
5.607164925857643539e+04 4.395171943682345608e-03
6.204727751477592392e+04 4.141257534435856431e-03
6.526982232823823142e+04 3.888829726584666028e-03
6.865973621075114352e+04 3.667491025247330855e-03
7.222571179714098980e+04 3.469950726541758471e-03
7.992289941237948369e+04 3.277359295819415926e-03
8.407384906390777905e+04 3.114660727008433053e-03
8.844038627715117764e+04 2.950925980407075478e-03
9.303370800718454120e+04 2.793622521234637428e-03
9.786559274450156954e+04 2.586078586303473988e-03
1.029484307181759214e+05 2.392612736957144739e-03
1.082952556676821550e+05 2.282788894355027107e-03
1.139197782648476714e+05 2.182404001626448743e-03
1.198364212716377369e+05 2.038630349191101858e-03
1.260603565239273012e+05 1.912436878695496570e-03
1.326075438360966509e+05 1.796050736476223746e-03
1.394947719262125320e+05 1.688923677439680250e-03
1.467397014667370531e+05 1.596268592993955234e-03
1.543609103711573989e+05 1.470479974425398456e-03
1.623779414326642291e+05 1.366048390676687097e-03
1.708113524370373925e+05 1.274040584846049783e-03
1.796827688782402256e+05 1.190253213960157808e-03
1.890149394118986675e+05 1.109890121504692254e-03
1.988317941888653440e+05 1.044608592355505180e-03
2.091585062184486887e+05 9.629673604295225023e-04
2.200215559186595492e+05 8.962130777085109377e-04
2.314487990189991833e+05 8.375567574222561422e-04
2.434695379899095278e+05 7.728363987368431836e-04
2.561145971820490668e+05 7.178220676204190428e-04
2.694164018680717563e+05 6.665272270318847031e-04
2.834090613895935239e+05 6.211876135698536031e-04
2.981284566225553863e+05 5.737950205606768498e-04
3.136123319852697314e+05 5.309108711495706635e-04
3.299003922250808682e+05 4.948691147113665938e-04
3.470344042318275897e+05 4.607395319877467094e-04
3.650583041391835432e+05 4.247914704183628387e-04
3.840183099885122501e+05 3.920188659249065942e-04
4.039630402441356564e+05 3.629731546286432730e-04
4.249436384639237076e+05 3.364828110165585251e-04
4.470139044448869536e+05 3.126567495251918812e-04
4.702304321800702019e+05 2.916830895636631730e-04
4.946527549805046292e+05 2.713095795005769878e-04
5.203434981343466206e+05 2.518258663235515876e-04
5.473685394946606830e+05 2.337514686316872808e-04
5.757971784076396143e+05 2.179071616869377229e-04
6.057023134144390933e+05 2.034214750249635809e-04
6.371606291822984349e+05 1.885289181941127645e-04
6.702527931442848640e+05 1.758162351240791406e-04
7.050636623519045534e+05 1.648341345619835593e-04
7.416825010710046627e+05 1.538055799626611973e-04
7.802032096789357020e+05 1.438043323121105895e-04
8.207245654499251395e+05 1.347682274334514201e-04
8.633504758461052552e+05 1.265116793174915770e-04
9.081902449637022801e+05 1.185416898762266767e-04
9.553588538176183356e+05 1.111670825080472979e-04
1.004977255183128058e+06 1.040266499906644513e-04
1.057172683750751195e+06 9.796011758648424115e-05
1.112078982389618177e+06 9.213323613867715491e-05
1.169836945355949458e+06 8.662095292847455351e-05
1.230594679326721234e+06 8.134897219956642401e-05
1.294507983184319921e+06 7.632799840041056634e-05
1.361740747526039137e+06 7.194812450008914871e-05
1.432465374922869029e+06 6.812725459141321153e-05
1.506863222005245043e+06 6.427275364726052183e-05
1.585125064509354997e+06 6.089438603042723880e-05
1.667451586476532044e+06 5.756309807379565068e-05
1.754053894860162400e+06 5.434783826880019910e-05
1.845154060859692283e+06 5.165226584102457430e-05
1.940985689369846368e+06 4.906909181340808677e-05
2.041794518005297985e+06 4.645301482290213960e-05
2.147839047236845829e+06 4.406530589631323612e-05
2.259391203254918102e+06 4.190768917523892139e-05
2.376737035260161851e+06 3.979898171955624134e-05
2.500177448969167192e+06 3.789705630326252141e-05
2.630028978216235060e+06 3.599898529727974271e-05
2.766624596629757900e+06 3.438587704890133569e-05
2.910314571464568842e+06 3.276668867029503663e-05
3.061467361779720057e+06 3.116652407501087238e-05
3.220470563264873810e+06 2.975978324591093329e-05
3.387731902138054837e+06 2.837951252424008645e-05
3.563680280663385056e+06 2.706110372900730085e-05
3.748766876969804056e+06 2.593604874200546457e-05
3.943466301991010550e+06 2.482078617065026045e-05
4.148277816493290477e+06 2.372717935438850678e-05
4.363726611312014982e+06 2.278240908586913246e-05
4.590365154079701751e+06 2.193215515545387319e-05
4.828774605898994952e+06 2.114041507597889884e-05
5.079566311593296006e+06 2.044330118862423286e-05
5.343383367356379516e+06 1.984326001452213338e-05
5.620902269820947200e+06 1.933499436623418053e-05
5.912834650774746202e+06 1.886931036634106843e-05
6.219929101972493343e+06 1.846018623692804946e-05
6.542973094722881913e+06 1.810489829016206071e-05
6.882794999173104763e+06 1.779483956089306898e-05
7.240266208468752913e+06 1.751737609647703952e-05
7.616303373236063868e+06 1.727586404985198849e-05
8.011870752116345800e+06 1.706054614532822057e-05
8.427982684379853308e+06 1.686076877087745371e-05
8.865706190959664062e+06 1.669236931014825057e-05
9.326163710575304925e+06 1.654788401152236619e-05
9.810535977962184697e+06 1.641979240990439296e-05
1.032006505158736184e+07 1.631439743084372128e-05
1.085605749861562438e+07 1.623087727475938985e-05
1.141988774529293366e+07 1.616543473920135601e-05
1.201300160133845918e+07 1.611604655101297605e-05
1.263691996738263220e+07 1.607506773784531242e-05
1.329324273495820165e+07 1.604447811452338281e-05
1.398365288904486224e+07 1.602121070940657223e-05
1.470992082368739881e+07 1.600464999926419873e-05
1.547390888175372407e+07 1.599030994779572880e-05
1.627757613047400862e+07 1.598112107992636022e-05
1.712298338500671461e+07 1.597288298485076931e-05
1.801229849291316792e+07 1.596691200613013740e-05
1.894780189309137315e+07 1.596391963053572717e-05
1.993189246342384443e+07 1.596061247062879220e-05
2.096709367213436961e+07 1.595834064102170236e-05
2.205606004862727225e+07 1.595680540065983819e-05
2.320158399040203169e+07 1.595464930475441309e-05
2.440660292349824682e+07 1.595575644803532992e-05
2.567420683483217284e+07 1.595427512795934524e-05
2.700764619573957473e+07 1.595506572433616588e-05
2.841034029704291373e+07 1.595546179145582565e-05
2.988588601701640338e+07 1.595624979162623401e-05
3.143806704473232478e+07 1.595453458725353696e-05
3.307086358243946731e+07 1.595359133579499171e-05
3.478846255185323954e+07 1.595480020716486365e-05
3.659526833052914590e+07 1.595394857853773768e-05
3.849591404585041106e+07 1.595633444878395910e-05
4.049527345559084415e+07 1.595520307099088249e-05
4.259847344551748782e+07 1.595424710693199634e-05
4.481090717608005553e+07 1.595462629647361274e-05
4.713824791189927608e+07 1.595423439688207164e-05
4.958646356951643527e+07 1.595489751061362623e-05
5.216183202070801705e+07 1.595461956652330599e-05
5.487095719060760736e+07 1.594901607751703641e-05
5.772078599191474169e+07 1.592881686227652771e-05
6.071862613861443847e+07 1.590674995871038775e-05
6.387216488488662988e+07 1.588314834822577670e-05
6.718948873725685477e+07 1.585851998055592713e-05
7.067910419053550065e+07 1.583298013049308031e-05
7.434995954071789980e+07 1.580603175637807945e-05
7.821146783077970147e+07 1.577773845744686218e-05
8.227353098820562661e+07 1.574759043605326677e-05
8.654656521614794433e+07 1.571596426571455894e-05
9.104152770332325995e+07 1.568290340395110362e-05
9.576994472113944590e+07 1.564790721090038780e-05
1.007439411801007688e+08 1.561124432570312236e-05
1.059762717212816030e+08 1.557266101123928439e-05
