1.156831050349376999e-01 5.507864989340305328e-03
2.296871251610646258e-01 4.925450310111045837e-03
3.362158323069280308e-01 4.482128191739320755e-03
4.560404516184238255e-01 4.105920437723398209e-03
5.731816417988619961e-01 3.775584278628230095e-03
6.934785401761073276e-01 3.481077030301094055e-03
8.076545231939326053e-01 3.216573968529701233e-03
9.054616943222139058e-01 2.977472264319658279e-03
1.015113339107730051e+00 2.760711824521422386e-03
1.138043826366167188e+00 2.564955502748489380e-03
1.228160961869662060e+00 2.386798616498708725e-03
1.376891571209438725e+00 2.225481672212481499e-03
1.485922103620918699e+00 2.078013028949499130e-03
1.603586327491115737e+00 1.942867995239794254e-03
1.730567910289642963e+00 1.818364020437002182e-03
1.797781045464898142e+00 1.704991678707301617e-03
1.940140130700731991e+00 1.600651768967509270e-03
2.015492793886252354e+00 1.504725194536149502e-03
2.175091601071842184e+00 1.416596001945436001e-03
2.259569491209615144e+00 1.334875589236617088e-03
2.347328398992167831e+00 1.259520882740616798e-03
2.533203939549002470e+00 1.189984031952917576e-03
2.631590473705237354e+00 1.125913579016923904e-03
2.733798220181629990e+00 1.066415919922292233e-03
2.839975590178156928e+00 1.011723652482032776e-03
2.950276759003783500e+00 9.608301916159689426e-04
3.064861889947386064e+00 9.127836092375218868e-04
3.183897366843548848e+00 8.681346080265939236e-04
3.307556035670927042e+00 8.261549519374966621e-04
3.436017455534001286e+00 7.874853326939046383e-04
3.569468159392649387e+00 7.339791627600789070e-04
3.708101924918137282e+00 6.852415390312671661e-04
3.852120055868823112e+00 6.556239095516502857e-04
4.001731674394148897e+00 6.280016968958079815e-04
4.157154024691362970e+00 5.901302210986614227e-04
4.318612788455896023e+00 5.550832138396799564e-04
4.486342412583439909e+00 5.236838478595018387e-04
4.660586449599578351e+00 4.949703579768538475e-04
4.841597911311283475e+00 4.684025770984590054e-04
5.029639636193802055e+00 4.369887756183743477e-04
5.224984671046400742e+00 4.149398009758442640e-04
5.427916667471146539e+00 3.948478843085467815e-04
5.638730293750452205e+00 3.706295683514326811e-04
5.857731662721417543e+00 3.489833907224237919e-04
6.085238776268306005e+00 3.291523316875100136e-04
6.321581987078549680e+00 3.102961345575749874e-04
6.567104478332797868e+00 2.939127734862267971e-04
6.822162762025537397e+00 2.748593979049474001e-04
7.087127196639876558e+00 2.568979398347437382e-04
7.362382524928182903e+00 2.404830447630956769e-04
7.648328432579453384e+00 2.257893502246588469e-04
7.945380128584653256e+00 2.129051572410389781e-04
8.253968948142718531e+00 1.991782191907986999e-04
8.574542978982700348e+00 1.886035606730729342e-04
8.907567712011491778e+00 1.788070658221840858e-04
9.253526717231901344e+00 1.664478331804275513e-04
9.612922345912572553e+00 1.553533948026597500e-04
9.986276460029316127e+00 1.466921385144814849e-04
1.037413119003704054e+01 1.375074934912845492e-04
1.077704972207262735e+01 1.289361971430480480e-04
1.119561711573178542e+01 1.215226293425075710e-04
1.163044115360738928e+01 1.135946513386443257e-04
1.208215322382278423e+01 1.059463975252583623e-04
1.255140923684167120e+01 1.000310439849272370e-04
1.303889057788571648e+01 9.445146133657544851e-05
1.354530509634290603e+01 9.000029967864975333e-05
1.407138813360331042e+01 8.644354966236278415e-05
1.461790359081473412e+01 8.191385131794959307e-05
1.518564503810867627e+01 7.663650467293336987e-05
1.577543686690724201e+01 7.240712147904559970e-05
1.638813548698432143e+01 6.897110142745077610e-05
1.702463057001906677e+01 6.488226063083857298e-05
1.768584634144750822e+01 6.081670653657056391e-05
1.837274292248809360e+01 5.791694275103509426e-05
1.908631772428984164e+01 5.466727816383354366e-05
1.982760689622755379e+01 5.077897003502584994e-05
2.059768683044690007e+01 4.678116602008230984e-05
2.139767572484439739e+01 4.340138548286631703e-05
2.222873520675143055e+01 4.015958256786689162e-05
2.309207201968024492e+01 3.695106352097354829e-05
2.398893977558110535e+01 3.480544546619057655e-05
2.492064077515489728e+01 3.288200969109311700e-05
2.588852789886454886e+01 3.123909482383169234e-05
2.689400657139090711e+01 2.870748176064807922e-05
2.793853680238574810e+01 2.715139089559670538e-05
2.902363530648507961e+01 2.565924660302698612e-05
3.015087770566119474e+01 2.432226392556913197e-05
3.132190081711137708e+01 2.220464011770673096e-05
3.253840503000533602e+01 1.996770697587635368e-05
3.380215677454271628e+01 1.972815880435518920e-05
3.511499108690567539e+01 1.887851794890593737e-05
3.647881427383109099e+01 1.681409412412904203e-05
3.789560668067149152e+01 1.535981027700472623e-05
3.936742556696412976e+01 1.539474033052101731e-05
4.089640809368354013e+01 1.453040295018581674e-05
4.248477442651534375e+01 1.314800920226844028e-05
4.413483095965749925e+01 1.214489111589500681e-05
4.584897366482994130e+01 1.038164646161021665e-05
4.762969157035561807e+01 8.877981599653139710e-06
4.947957037536490077e+01 7.387617188214790076e-06
5.140129620437114255e+01 7.159040251281112432e-06
5.339765950766938829e+01 6.601350378332426772e-06
5.547155911322172983e+01 5.747594514105003327e-06
5.762600643591310501e+01 4.889457613899139687e-06
5.986412985028919564e+01 5.337580205377889797e-06
6.218917923312623230e+01 5.210424205870367587e-06
6.460453068242865982e+01 5.042002612754004076e-06
6.711369141970664032e+01 5.299027179717086256e-06
6.972030488265252757e+01 5.216364570514997467e-06
7.242815601561004257e+01 3.680488589452579618e-06
7.524117676551918521e+01 3.720145969055010937e-06
7.816345179131674570e+01 3.806123913818737492e-06
8.119922439508299306e+01 4.006641574960667640e-06
8.435290268354683008e+01 3.076183702432899736e-06
8.762906596889600053e+01 2.576291308287181892e-06
9.103247141818749810e+01 3.295404212622088380e-06
9.456806096101227865e+01 3.209051783414906822e-06
9.824096846544560435e+01 2.759265953500289470e-06
1.020565271927022479e+02 1.953990249603521079e-06
1.060202775413216330e+02 -2.986169818086636951e-07
1.101379750921275757e+02 1.416130999132292345e-07
1.144155989656438521e+02 -1.415059500686766114e-06
1.188593605041024119e+02 -1.031525357575446833e-06
1.234757122906494260e+02 9.801769351724942680e-08
1.282713575188469122e+02 1.308867325633400469e-07
1.332532597260737077e+02 8.801860218454748974e-08
1.384286529049597618e+02 5.686204644916870166e-07
1.438050520075366876e+02 1.278084823752578814e-06
1.493902638573561603e+02 5.783113579127530102e-07
1.551923984854221601e+02 -2.023471949996746844e-07
1.612198809063963836e+02 1.037203219311777502e-06
1.674814633521766609e+02 1.891985334623313975e-06
1.739862379806138222e+02 1.662651243350410368e-06
1.807436500778181880e+02 7.079951558353059227e-08
1.877635117732289416e+02 2.121297626445084461e-07
1.950560162873584034e+02 -4.445491867954842746e-07
2.026317527329018162e+02 -1.880262402664811816e-06
2.105017214907043979e+02 -9.408645382791291922e-07
2.186773501829124200e+02 7.097198704286711290e-07
2.271705102665007701e+02 3.708630401888513006e-06
