1.157850284754971260e-01 5.509429611265659332e-03
2.298894926722197529e-01 4.927198868244886398e-03
3.365120577098416610e-01 4.485542885959148407e-03
4.564422493731537522e-01 4.111233167350292206e-03
5.736866476506671253e-01 3.781202947720885277e-03
6.940895344846326198e-01 3.487242618575692177e-03
8.083661130822091812e-01 3.223165636882185936e-03
9.062594579295463193e-01 2.985977567732334137e-03
1.016007712093728088e+00 2.770313527435064316e-03
1.139046508151511761e+00 2.575502730906009674e-03
1.229243042012278408e+00 2.397693460807204247e-03
1.378104691536495396e+00 2.236178377643227577e-03
1.487231286091069249e+00 2.088843379169702530e-03
1.604999178880975874e+00 1.954295905306935310e-03
1.732092639726021455e+00 1.830858993344008923e-03
1.799364993522576617e+00 1.716977450996637344e-03
1.941849505265226039e+00 1.612633583135902882e-03
2.017268558462363970e+00 1.517313881777226925e-03
2.177007981337103715e+00 1.429577241651713848e-03
2.261560301334028633e+00 1.348865334875881672e-03
2.349396529740178430e+00 1.274300855584442616e-03
2.535435837293098515e+00 1.205565407872200012e-03
2.633909055620396344e+00 1.141713932156562805e-03
2.736206852974741199e+00 1.082184957340359688e-03
2.842477771314877888e+00 1.027404330670833588e-03
2.952876121787046948e+00 9.763418929651379585e-04
3.067562208793154888e+00 9.290109155699610710e-04
3.186702562761472901e+00 8.848778670653700829e-04
3.310470181957861691e+00 8.437313372269272804e-04
3.439044783688657070e+00 8.052978664636611938e-04
3.572613065259956144e+00 7.526897243224084377e-04
3.711368975072250276e+00 7.042365614324808121e-04
3.855513994244037956e+00 6.750881439074873924e-04
4.005257429173350481e+00 6.476236158050596714e-04
4.160816715462015480e+00 6.102471961639821529e-04
4.322417733643962201e+00 5.753588047809898853e-04
4.490295137176024021e+00 5.439749220386147499e-04
4.664692693167507898e+00 5.146695184521377087e-04
4.845863636343275438e+00 4.880132037214934826e-04
5.034071036754325768e+00 4.555206978693604469e-04
5.229588181769789124e+00 4.326017515268176794e-04
5.432698972905042112e+00 4.114962648600339890e-04
5.643698338062126396e+00 3.861535224132239819e-04
5.862892659781084426e+00 3.631882718764245510e-04
6.090600220124049002e+00 3.417978878132998943e-04
6.327151662838089941e+00 3.225057153031229973e-04
6.572890473467893457e+00 3.052584070246666670e-04
6.828173478115426853e+00 2.865607966668903828e-04
7.093371361570836697e+00 2.685821382328867912e-04
7.368869205566885405e+00 2.527896722313016653e-04
7.655067047938554303e+00 2.376301126787438989e-04
7.952380463499706842e+00 2.240096218883991241e-04
8.261241167480291026e+00 2.090080088237300515e-04
8.582097642400308146e+00 1.973340113181620836e-04
8.915415789290797477e+00 1.864342484623193741e-04
9.261679604207435190e+00 1.723335444694384933e-04
9.621391881019103920e+00 1.605281577212736011e-04
9.995074941491896681e+00 1.520283258287236094e-04
1.038327139372870356e+01 1.436317106708884239e-04
1.078654492006564247e+01 1.363449700875207782e-04
1.120548109556943572e+01 1.291840890189632773e-04
1.164068823832422517e+01 1.223014114657416940e-04
1.209279829274245266e+01 1.154456112999469042e-04
1.256246774718250059e+01 1.093490645871497691e-04
1.305037858720544008e+01 1.022628857754170895e-04
1.355723928585510230e+01 9.580413461662828922e-05
1.408378583239943715e+01 9.027258056448772550e-05
1.463078280102690698e+01 8.431404421571642160e-05
1.519902446104974025e+01 7.834428106434643269e-05
1.578933593022610360e+01 7.316876144614070654e-05
1.640257437287593945e+01 6.816241511842235923e-05
1.703963024453009822e+01 6.357969687087461352e-05
1.770142858492015137e+01 5.998427150188945234e-05
1.838893036118631841e+01 5.712973143090493977e-05
1.910313386325397644e+01 5.500895713339559734e-05
1.984507615340484676e+01 5.226565554039552808e-05
2.061583457214773674e+01 5.048903767601586878e-05
2.141652830257554285e+01 4.814307612832635641e-05
2.224831999547984651e+01 4.509145583142526448e-05
2.311241745758304589e+01 4.249297853675670922e-05
2.401007540533932882e+01 3.964715870097279549e-05
2.494259728685107191e+01 3.703214315464720130e-05
2.591133717454636809e+01 3.506403663777746260e-05
2.691770173136570321e+01 3.269416993134655058e-05
2.796315225331296261e+01 3.074260530411265790e-05
2.904920679133660855e+01 2.893706187023781240e-05
3.017744235562212651e+01 2.725507147260941565e-05
3.134949720549649754e+01 2.536351530579850078e-05
3.256707322826965623e+01 2.368780951655935496e-05
3.383193841046742278e+01 2.262143607367761433e-05
3.514592940504391549e+01 2.134625538019463420e-05
3.651095419830142674e+01 2.046858571702614427e-05
3.792899488039014955e+01 1.986155621125362813e-05
3.940211052341079778e+01 1.886746940726879984e-05
4.093244017129912038e+01 1.654933112149592489e-05
4.252220594583386060e+01 1.480011360399657860e-05
4.417371627327834460e+01 1.368885114061413333e-05
4.588936923634080500e+01 1.202125258714659140e-05
4.767165605632069969e+01 1.151062315329909325e-05
4.952316471049739022e+01 1.144140242104185745e-05
5.144658369001376030e+01 1.030975272442447022e-05
5.344470590371138741e+01 8.964178960013668984e-06
5.552043273358580677e+01 7.724271199549548328e-06
5.767677824775091722e+01 8.054251338762696832e-06
5.991687357702954131e+01 7.435442967107519507e-06
6.224397146152546156e+01 7.383995125564979389e-06
6.466145097377879836e+01 6.371855761244660243e-06
6.717282242536276726e+01 5.601068096439121291e-06
6.978173246404692520e+01 5.501746727532008663e-06
7.249196936892775511e+01 4.185390025668311864e-06
7.530746855121567762e+01 4.918647846352541819e-06
7.823231826866592087e+01 3.752448037630529143e-06
8.127076556195090973e+01 3.381381930012139492e-06
8.442722242159400992e+01 2.646247139637125656e-06
8.770627219441925604e+01 3.029227627848740667e-06
9.111267623882025646e+01 3.023160388693213463e-06
9.465138083851097406e+01 3.481816293060546741e-06
9.832752438479839441e+01 2.755339210125384852e-06
1.021464448378059444e+02 1.748767999742995016e-06
1.061136874774814487e+02 1.497401058259129059e-06
1.102350129556449332e+02 1.393440015817759559e-06
1.145164056607677736e+02 5.483939844452834222e-07
1.189640824076302010e+02 3.668658905553456862e-07
1.235845014644737745e+02 5.957568873782292940e-07
1.283843719307578510e+02 5.335601827027858235e-07
1.333706634791363967e+02 5.749183173975325190e-07
1.385506164758011494e+02 1.299183281844307203e-06
1.439317524938868758e+02 9.225589678862888832e-07
1.495218852352040528e+02 -4.012531817920717003e-08
1.553291318761583000e+02 -1.158503323495096993e-06
1.613619248543315052e+02 -9.312579436482337769e-07
1.676290241128392893e+02 2.887834398279665038e-07
1.741395298202442348e+02 -4.444045771379023790e-07
1.809028955844947006e+02 -9.285880651077604853e-07
1.879289421800776836e+02 1.377242597300210036e-06
1.952278718083164222e+02 -1.946297061294899322e-06
2.028102829115210000e+02 -2.582387651273165829e-06
2.106871855625023784e+02 -1.722444153529067989e-06
2.188700174517961443e+02 9.581719950801925734e-07
2.273706604958104833e+02 2.736340547926374711e-06
