1.157850284754971260e-01 5.505862180143594742e-03
2.298894926722197529e-01 4.924219101667404175e-03
3.365120577098416610e-01 4.481418058276176453e-03
4.564422493731537522e-01 4.106747452169656754e-03
5.736866476506671253e-01 3.777305828407406807e-03
6.940895344846326198e-01 3.482583211734890938e-03
8.083661130822091812e-01 3.218309953808784485e-03
9.062594579295463193e-01 2.980767982080578804e-03
1.016007712093728088e+00 2.765113255009055138e-03
1.139046508151511761e+00 2.569483593106269836e-03
1.229243042012278408e+00 2.391171175986528397e-03
1.378104691536495396e+00 2.229160396382212639e-03
1.487231286091069249e+00 2.082353457808494568e-03
1.604999178880975874e+00 1.947395154275000095e-03
1.732092639726021455e+00 1.823064638301730156e-03
1.799364993522576617e+00 1.710165641270577908e-03
1.941849505265226039e+00 1.606402685865759850e-03
2.017268558462363970e+00 1.510717440396547318e-03
2.177007981337103715e+00 1.422291272319853306e-03
2.261560301334028633e+00 1.341272145509719849e-03
2.349396529740178430e+00 1.267543528228998184e-03
2.535435837293098515e+00 1.198774552904069424e-03
2.633909055620396344e+00 1.134198508225381374e-03
2.736206852974741199e+00 1.074549858458340168e-03
2.842477771314877888e+00 1.019889139570295811e-03
2.952876121787046948e+00 9.683348471298813820e-04
3.067562208793154888e+00 9.205434471368789673e-04
3.186702562761472901e+00 8.754000300541520119e-04
3.310470181957861691e+00 8.339172927662730217e-04
3.439044783688657070e+00 7.950385333970189095e-04
3.572613065259956144e+00 7.417794549837708473e-04
3.711368975072250276e+00 6.938487640582025051e-04
3.855513994244037956e+00 6.649770075455307961e-04
4.005257429173350481e+00 6.374366348609328270e-04
4.160816715462015480e+00 5.995106766931712627e-04
4.322417733643962201e+00 5.644974298775196075e-04
4.490295137176024021e+00 5.327096441760659218e-04
4.664692693167507898e+00 5.033595371060073376e-04
4.845863636343275438e+00 4.766990605276077986e-04
5.034071036754325768e+00 4.444011719897389412e-04
5.229588181769789124e+00 4.228112520650029182e-04
5.432698972905042112e+00 4.021464847028255463e-04
5.643698338062126396e+00 3.772663767449557781e-04
5.862892659781084426e+00 3.549024695530533791e-04
6.090600220124049002e+00 3.341793490108102560e-04
6.327151662838089941e+00 3.144586225971579552e-04
6.572890473467893457e+00 2.966742031276226044e-04
6.828173478115426853e+00 2.767855476122349501e-04
7.093371361570836697e+00 2.593464741948992014e-04
7.368869205566885405e+00 2.445847494527697563e-04
7.655067047938554303e+00 2.299858315382152796e-04
7.952380463499706842e+00 2.171663800254464149e-04
8.261241167480291026e+00 2.034670178545638919e-04
8.582097642400308146e+00 1.930209109559655190e-04
8.915415789290797477e+00 1.836419542087242007e-04
9.261679604207435190e+00 1.704983005765825510e-04
9.621391881019103920e+00 1.591105246916413307e-04
9.995074941491896681e+00 1.505334657849743962e-04
1.038327139372870356e+01 1.411176053807139397e-04
1.078654492006564247e+01 1.324782060692086816e-04
1.120548109556943572e+01 1.246296451427042484e-04
1.164068823832422517e+01 1.173711643787100911e-04
1.209279829274245266e+01 1.110151206376031041e-04
1.256246774718250059e+01 1.051708968589082360e-04
1.305037858720544008e+01 9.895467519527301192e-05
1.355723928585510230e+01 9.382879215991124511e-05
1.408378583239943715e+01 8.943708962760865688e-05
1.463078280102690698e+01 8.465611608698964119e-05
1.519902446104974025e+01 7.886243110988289118e-05
1.578933593022610360e+01 7.340515003306791186e-05
1.640257437287593945e+01 6.818795372964814305e-05
1.703963024453009822e+01 6.424804450944066048e-05
1.770142858492015137e+01 6.087252404540777206e-05
1.838893036118631841e+01 5.734160004067234695e-05
1.910313386325397644e+01 5.389398938859812915e-05
1.984507615340484676e+01 5.042185512138530612e-05
2.061583457214773674e+01 4.735671609523706138e-05
2.141652830257554285e+01 4.473709486774168909e-05
2.224831999547984651e+01 4.414771683514118195e-05
2.311241745758304589e+01 4.250145866535604000e-05
2.401007540533932882e+01 3.899025978171266615e-05
2.494259728685107191e+01 3.669048965093679726e-05
2.591133717454636809e+01 3.475570338196121156e-05
2.691770173136570321e+01 3.257655771449208260e-05
2.796315225331296261e+01 3.134904181933961809e-05
2.904920679133660855e+01 3.038368959096260369e-05
3.017744235562212651e+01 2.901198422478046268e-05
3.134949720549649754e+01 2.673686867638025433e-05
3.256707322826965623e+01 2.458001654304098338e-05
3.383193841046742278e+01 2.267301897518336773e-05
3.514592940504391549e+01 2.137266710633412004e-05
3.651095419830142674e+01 1.983196307264734060e-05
3.792899488039014955e+01 1.822158446884714067e-05
3.940211052341079778e+01 1.789913403626997024e-05
4.093244017129912038e+01 1.702878580545075238e-05
4.252220594583386060e+01 1.501468705100705847e-05
4.417371627327834460e+01 1.281198728975141421e-05
4.588936923634080500e+01 1.177304147859103978e-05
4.767165605632069969e+01 1.209651782119181007e-05
4.952316471049739022e+01 1.124316986533813179e-05
5.144658369001376030e+01 9.879729987005703151e-06
5.344470590371138741e+01 8.082347449089866132e-06
5.552043273358580677e+01 7.708600605838000774e-06
5.767677824775091722e+01 7.450603789038723335e-06
5.991687357702954131e+01 6.871272489661350846e-06
6.224397146152546156e+01 7.184005426097428426e-06
6.466145097377879836e+01 6.547184511873638257e-06
6.717282242536276726e+01 5.370578946894966066e-06
6.978173246404692520e+01 5.378011792345205322e-06
7.249196936892775511e+01 4.625946075975662097e-06
7.530746855121567762e+01 4.405840172694297507e-06
7.823231826866592087e+01 4.117811840842477977e-06
8.127076556195090973e+01 2.871942342608235776e-06
8.442722242159400992e+01 2.771657364064594731e-06
8.770627219441925604e+01 3.256790478189941496e-06
9.111267623882025646e+01 2.399087634330498986e-06
9.465138083851097406e+01 1.786548182280967012e-06
9.832752438479839441e+01 -3.809944075783278095e-07
1.021464448378059444e+02 -4.746873401018092409e-07
1.061136874774814487e+02 -3.878868994888762245e-07
1.102350129556449332e+02 -5.092353489999368321e-07
1.145164056607677736e+02 5.085028078610775992e-07
1.189640824076302010e+02 3.719095218457368901e-07
1.235845014644737745e+02 -6.251951845115399919e-07
1.283843719307578510e+02 2.570367030330089619e-07
1.333706634791363967e+02 1.660572934270021506e-06
1.385506164758011494e+02 5.579711341852089390e-07
1.439317524938868758e+02 -3.447734187034257047e-08
1.495218852352040528e+02 8.316907837979670148e-07
1.553291318761583000e+02 5.535189870897738729e-07
1.613619248543315052e+02 1.344007074521869072e-07
1.676290241128392893e+02 2.531866698518570047e-07
1.741395298202442348e+02 -1.116736143558227923e-06
1.809028955844947006e+02 2.435871522266097600e-07
1.879289421800776836e+02 -1.131659175257482275e-07
1.952278718083164222e+02 1.672751466230693040e-07
2.028102829115210000e+02 1.056057953974232078e-06
2.106871855625023784e+02 9.463404353482474107e-07
2.188700174517961443e+02 9.312139468420355115e-07
2.273706604958104833e+02 1.559845600240805652e-06
