1.157850284754971260e-01 5.508702248334884644e-03
2.298894926722197529e-01 4.925653338432312012e-03
3.365120577098416610e-01 4.482517950236797333e-03
4.564422493731537522e-01 4.107147920876741409e-03
5.736866476506671253e-01 3.776823636144399643e-03
6.940895344846326198e-01 3.481876803562045097e-03
8.083661130822091812e-01 3.217512974515557289e-03
9.062594579295463193e-01 2.979355165734887123e-03
1.016007712093728088e+00 2.763878554105758667e-03
1.139046508151511761e+00 2.567877294495701790e-03
1.229243042012278408e+00 2.390597714111208916e-03
1.378104691536495396e+00 2.228597644716501236e-03
1.487231286091069249e+00 2.081210026517510414e-03
1.604999178880975874e+00 1.946755335666239262e-03
1.732092639726021455e+00 1.823047758080065250e-03
1.799364993522576617e+00 1.709943520836532116e-03
1.941849505265226039e+00 1.605933066457509995e-03
2.017268558462363970e+00 1.510384841822087765e-03
2.177007981337103715e+00 1.422145171090960503e-03
2.261560301334028633e+00 1.341190189123153687e-03
2.349396529740178430e+00 1.266202772967517376e-03
2.535435837293098515e+00 1.197374425828456879e-03
2.633909055620396344e+00 1.133357873186469078e-03
2.736206852974741199e+00 1.073621446266770363e-03
2.842477771314877888e+00 1.018733484670519829e-03
2.952876121787046948e+00 9.675855399109423161e-04
3.067562208793154888e+00 9.197030449286103249e-04
3.186702562761472901e+00 8.751917630434036255e-04
3.310470181957861691e+00 8.336799801327288151e-04
3.439044783688657070e+00 7.954676984809339046e-04
3.572613065259956144e+00 7.427143864333629608e-04
3.711368975072250276e+00 6.939396844245493412e-04
3.855513994244037956e+00 6.641675136052072048e-04
4.005257429173350481e+00 6.362003041431307793e-04
4.160816715462015480e+00 5.978314438834786415e-04
4.322417733643962201e+00 5.621836171485483646e-04
4.490295137176024021e+00 5.303119542077183723e-04
4.664692693167507898e+00 5.001417594030499458e-04
4.845863636343275438e+00 4.730220243800431490e-04
5.034071036754325768e+00 4.404677601996809244e-04
5.229588181769789124e+00 4.182508564554154873e-04
5.432698972905042112e+00 3.986554220318794250e-04
5.643698338062126396e+00 3.741728432942181826e-04
5.862892659781084426e+00 3.519827150739729404e-04
6.090600220124049002e+00 3.312389308121055365e-04
6.327151662838089941e+00 3.119381726719439030e-04
6.572890473467893457e+00 2.945681044366210699e-04
6.828173478115426853e+00 2.751327992882579565e-04
7.093371361570836697e+00 2.578431740403175354e-04
7.368869205566885405e+00 2.414936898276209831e-04
7.655067047938554303e+00 2.267239469802007079e-04
7.952380463499706842e+00 2.138421259587630630e-04
8.261241167480291026e+00 2.000761596718803048e-04
8.582097642400308146e+00 1.899863127619028091e-04
8.915415789290797477e+00 1.816682633943855762e-04
9.261679604207435190e+00 1.699047570582479239e-04
9.621391881019103920e+00 1.584439305588603020e-04
9.995074941491896681e+00 1.505693799117580056e-04
1.038327139372870356e+01 1.422515779267996550e-04
1.078654492006564247e+01 1.347803481621667743e-04
1.120548109556943572e+01 1.277141855098307133e-04
1.164068823832422517e+01 1.215185402543283999e-04
1.209279829274245266e+01 1.152540353359654546e-04
1.256246774718250059e+01 1.082073868019506335e-04
1.305037858720544008e+01 1.011571293929591775e-04
1.355723928585510230e+01 9.494741971138864756e-05
1.408378583239943715e+01 8.879230881575495005e-05
1.463078280102690698e+01 8.225063356803730130e-05
1.519902446104974025e+01 7.697389810346066952e-05
1.578933593022610360e+01 7.377594010904431343e-05
1.640257437287593945e+01 7.075180474203079939e-05
1.703963024453009822e+01 6.787561142118647695e-05
1.770142858492015137e+01 6.515809945994988084e-05
1.838893036118631841e+01 6.205743557075038552e-05
1.910313386325397644e+01 5.776742909802123904e-05
1.984507615340484676e+01 5.320751006365753710e-05
2.061583457214773674e+01 4.960095611750148237e-05
2.141652830257554285e+01 4.618211096385493875e-05
2.224831999547984651e+01 4.383112536743283272e-05
2.311241745758304589e+01 4.299689680919982493e-05
2.401007540533932882e+01 4.092594826943241060e-05
2.494259728685107191e+01 3.790015034610405564e-05
2.591133717454636809e+01 3.495686178212054074e-05
2.691770173136570321e+01 3.292427572887390852e-05
2.796315225331296261e+01 3.105106588918715715e-05
2.904920679133660855e+01 2.915685763582587242e-05
3.017744235562212651e+01 2.669515743036754429e-05
3.134949720549649754e+01 2.522883187339175493e-05
3.256707322826965623e+01 2.286093513248488307e-05
3.383193841046742278e+01 2.054930337180849165e-05
3.514592940504391549e+01 2.044640677922870964e-05
3.651095419830142674e+01 2.004664384003262967e-05
3.792899488039014955e+01 1.969357072084676474e-05
3.940211052341079778e+01 1.870967207651119679e-05
4.093244017129912038e+01 1.623629759706091136e-05
4.252220594583386060e+01 1.421765591658186167e-05
4.417371627327834460e+01 1.361006252409424633e-05
4.588936923634080500e+01 1.219155637954827398e-05
4.767165605632069969e+01 1.116950807045213878e-05
4.952316471049739022e+01 1.024749963107751682e-05
5.144658369001376030e+01 9.813211363507434726e-06
5.344470590371138741e+01 8.989594789454713464e-06
5.552043273358580677e+01 8.436693860858213156e-06
5.767677824775091722e+01 7.537101737398188561e-06
5.991687357702954131e+01 7.441189609380671754e-06
6.224397146152546156e+01 5.769238669017795473e-06
6.466145097377879836e+01 4.502007868723012507e-06
6.717282242536276726e+01 4.303761215851409361e-06
6.978173246404692520e+01 4.666863333113724366e-06
7.249196936892775511e+01 3.830038167507154867e-06
7.530746855121567762e+01 3.857338924717623740e-06
7.823231826866592087e+01 2.334332975806319155e-06
8.127076556195090973e+01 2.208250862167915329e-06
8.442722242159400992e+01 2.748774704741663300e-06
8.770627219441925604e+01 2.102992766594979912e-06
9.111267623882025646e+01 2.491063696652418002e-06
9.465138083851097406e+01 1.682651031842397060e-06
9.832752438479839441e+01 1.191977275993849616e-06
1.021464448378059444e+02 1.576198201291845180e-06
1.061136874774814487e+02 9.953444077837048098e-07
1.102350129556449332e+02 1.687769668023975100e-06
1.145164056607677736e+02 1.620094622012402397e-06
1.189640824076302010e+02 6.896352715557441115e-07
1.235845014644737745e+02 -4.447433639143127948e-07
1.283843719307578510e+02 7.221059945550223347e-07
1.333706634791363967e+02 1.522642207874014275e-07
1.385506164758011494e+02 1.506688818153634202e-07
1.439317524938868758e+02 -6.837513666368977283e-08
1.495218852352040528e+02 5.030197485211829189e-07
1.553291318761583000e+02 -3.880687131641025189e-07
1.613619248543315052e+02 -3.372857975136867026e-07
1.676290241128392893e+02 -4.671790634347416926e-07
1.741395298202442348e+02 -6.194990191943361424e-07
1.809028955844947006e+02 -1.248452349500439595e-06
1.879289421800776836e+02 -7.244645416903949808e-07
1.952278718083164222e+02 -1.862599106061679777e-06
2.028102829115210000e+02 -4.202428840471839067e-07
2.106871855625023784e+02 5.622887329082004726e-07
2.188700174517961443e+02 -1.704222427179047372e-06
2.273706604958104833e+02 -1.168210474133957177e-06
