8.780973193831234312e+03 1.046934535082092062e-02
1.285333008655054618e+04 9.535812471282005889e-03
1.755507416360539719e+04 8.801055906063790304e-03
2.161029391796395794e+04 8.132118339657020203e-03
2.569660081381543205e+04 7.563229907935987116e-03
3.055559058526643639e+04 7.057920581968656938e-03
3.509640925748267182e+04 6.545004757744065510e-03
3.893961813801951939e+04 6.174190945445725588e-03
4.320367504295324034e+04 5.789792227191717898e-03
4.793466465441909531e+04 5.438038057786677426e-03
5.137309078178273921e+04 5.103333721895772154e-03
5.699866681335579051e+04 4.814677273093675991e-03
6.108726754956372315e+04 4.564827224873126664e-03
6.546914981172128319e+04 4.309038754369692859e-03
7.016535112807193946e+04 4.092102056764120553e-03
7.263830538292719575e+04 3.881333362466136364e-03
7.784876109126908705e+04 3.690348851624837469e-03
8.343297068257239880e+04 3.513939904645538379e-03
8.637353773636046390e+04 3.348984339228199079e-03
8.941774408918211702e+04 3.204916801109328976e-03
9.583181436051374476e+04 3.061299523464965349e-03
9.920937449900373758e+04 2.926775085853878643e-03
1.027059756111541210e+05 2.799370539327732891e-03
1.063258132561346138e+05 2.687951137578090469e-03
1.139527249483055348e+05 2.572494883486913225e-03
1.179689504995593888e+05 2.480623518740517064e-03
1.221267265726271144e+05 2.396414694017504413e-03
1.264310420681495016e+05 2.310634642365228929e-03
1.308870617188960750e+05 2.226798478347568905e-03
1.355001322869096184e+05 2.150718764065884161e-03
1.402757889790672925e+05 2.053982117112267136e-03
1.452197620887546509e+05 1.954849313158103438e-03
1.503379838716250961e+05 1.894972724546159374e-03
1.556365956636918418e+05 1.839372411547092771e-03
1.611219552502945007e+05 1.781063131687782254e-03
1.668006444947841519e+05 1.714708371843033262e-03
1.726794772360765201e+05 1.648860556435048684e-03
1.787655074645533168e+05 1.580532297792980974e-03
1.850660377861204615e+05 1.523401565087636154e-03
1.915886281845783524e+05 1.465531845640685032e-03
1.983411050928196055e+05 1.412836249240753683e-03
2.053315707837374648e+05 1.371846997191273915e-03
2.125684130921143806e+05 1.316265550621876492e-03
2.200603154791553679e+05 1.271655177264259702e-03
2.278162674517414125e+05 1.233923097257881704e-03
2.358455753489072376e+05 1.188334343694769785e-03
2.441578735084832879e+05 1.150210759955645756e-03
2.527631358273038641e+05 1.106547325101400053e-03
2.616716877288508986e+05 1.073896504593684943e-03
2.708942185526913381e+05 1.040271484675797274e-03
2.804417943805780378e+05 1.006179492819974557e-03
2.903258713146023219e+05 9.709645525572071795e-04
3.005583092233290081e+05 9.445749413520286618e-04
3.111513859724109643e+05 9.160295020933863523e-04
3.221178121567553026e+05 8.885884702463974286e-04
3.334707463519211160e+05 8.670114007931136466e-04
3.452238109030483174e+05 8.402167018797562130e-04
3.573911082702594576e+05 8.147975464158587660e-04
3.699872379501520772e+05 7.935974875262601915e-04
3.830273139936813968e+05 7.721628025889638869e-04
3.965269831414566142e+05 7.530053804827230779e-04
4.105024435982102877e+05 7.380053869292446320e-04
4.249704644689633860e+05 7.197595793555821089e-04
4.399484058802174404e+05 7.030827352979483443e-04
4.554542398103068699e+05 6.867468282967078208e-04
4.715065716539102141e+05 6.704652233902921301e-04
4.881246625465997495e+05 6.567048207909798128e-04
5.053284524762062938e+05 6.422473825105274627e-04
5.231385842087400379e+05 6.304768118967031196e-04
5.415764280575732701e+05 6.201391203002778975e-04
5.606641075256014010e+05 6.087624653410183195e-04
5.804245258511555148e+05 5.982242790067934281e-04
6.008813934895150596e+05 5.885873609371544126e-04
6.220592565629991004e+05 5.788569512053320454e-04
6.439835263137728907e+05 5.696528628760965567e-04
6.666805095947013469e+05 5.614269306187690727e-04
6.901774404348531971e+05 5.538435696917944333e-04
7.145025127175124362e+05 5.463558119699259705e-04
7.396849140099163633e+05 5.386418098636447556e-04
7.657548605853177141e+05 5.316653038376679833e-04
7.927436336793771479e+05 5.254386667145615223e-04
8.206836170244114473e+05 5.197347660857622046e-04
8.496083357065159362e+05 5.137119460087942241e-04
8.795524963921925519e+05 5.083588442586168881e-04
9.105520289727608906e+05 5.034476670627500549e-04
9.426441296765004518e+05 4.984815045430894369e-04
9.758673057002740679e+05 4.934028665282650392e-04
1.010261421414179145e+06 4.888437918951240007e-04
1.045867746194655425e+06 4.851270992121089250e-04
1.082729003943469841e+06 4.810102756252745341e-04
1.120889424351970199e+06 4.769294670015205846e-04
1.160394795972129330e+06 4.737777158345515068e-04
1.201292521158074727e+06 4.705980440007823703e-04
1.243631672943992075e+06 4.676291060364534398e-04
1.287463053926694207e+06 4.647285194054183335e-04
1.332839257223469671e+06 4.619721717394965400e-04
1.379814729578373721e+06 4.596783732326475188e-04
1.428445836692689918e+06 4.569249858848726999e-04
1.478790930857924977e+06 4.548154410040882432e-04
1.530910420972517226e+06 4.525015039435139903e-04
1.584866845026263036e+06 4.504794893845387471e-04
1.640724945139420452e+06 4.485136074809276422e-04
1.698551745246552862e+06 4.468673274153701956e-04
1.758416631518301787e+06 4.453770517737889794e-04
1.820391435617609648e+06 4.439740908164211981e-04
1.884550520890278742e+06 4.426396756839699720e-04
1.950970871593273012e+06 4.411605118233200115e-04
2.019732185267864959e+06 4.402112076102173517e-04
2.090916968368424335e+06 4.393421858838125835e-04
2.164610635261612013e+06 4.384993583820536518e-04
2.240901610714789014e+06 4.389382950964380533e-04
2.319881435996558052e+06 4.403427671493199600e-04
2.401644878716822714e+06 4.418126587535102685e-04
2.486290046538095921e+06 4.434549579799597634e-04
2.573918504894527141e+06 4.450753605920340595e-04
2.664635398859918118e+06 4.468002152485219870e-04
2.758549579310906585e+06 4.487159819048318322e-04
2.855773733536749147e+06 4.505892126413592108e-04
2.956424520452404860e+06 4.526621937361972750e-04
3.060622710577133112e+06 4.548002812520286612e-04
3.168493330946624279e+06 4.570470118467581428e-04
3.280165815132487100e+06 4.594067218699454235e-04
3.395774158549117390e+06 4.619326509458916122e-04
3.515457079234338831e+06 4.645635440608339049e-04
3.639358184296654537e+06 4.672807019070881009e-04
3.767626142228926998e+06 4.701650888707478194e-04
3.900414861295159906e+06 4.731244317862445684e-04
4.037883674204463139e+06 4.762533746856410701e-04
4.180197529293826781e+06 4.795185046313894220e-04
4.327527188449013047e+06 4.829802559598742680e-04
