2.374039742091349145e-02 6.314486810703760430e-03
4.736832031633308321e-02 6.042049182694673483e-03
6.846805405866014660e-02 5.785262733040890358e-03
9.451222445055411370e-02 5.586045903774789802e-03
1.136286860934795223e-01 5.424552651635434868e-03
1.366117280424966329e-01 5.279094984900373731e-03
1.642434219771199688e-01 5.142165467396832799e-03
1.885766797500710024e-01 5.014605843533093306e-03
2.067702176470289366e-01 4.897986311888593951e-03
2.374039742091349214e-01 4.791023777726836214e-03
2.603082813980555077e-01 4.690488398783222192e-03
2.725762327459708700e-01 4.593920095878849599e-03
2.988738959928071148e-01 4.500980092124195336e-03
3.277087103524789491e-01 4.412278327542852596e-03
3.431531460550240054e-01 4.327707792572212803e-03
3.762599425872716896e-01 4.246515681144757103e-03
3.939925273711246678e-01 4.167104584704142342e-03
4.125608231290300298e-01 4.088098238175745698e-03
4.320042157057852328e-01 4.010221908144759491e-03
4.736832031633308460e-01 3.935358102802723711e-03
4.960072047645178728e-01 3.864149856924125725e-03
5.193833041478548296e-01 3.795488022477465275e-03
5.438610851542219349e-01 3.728336167115263531e-03
5.694924684389270908e-01 3.630720006489497349e-03
5.963318216023762997e-01 3.537071216203443742e-03
6.244360745110443256e-01 3.477316157642717717e-03
6.538648400533531024e-01 3.419056289336623849e-03
6.846805405866013272e-01 3.334585232013931224e-03
7.169485403431529180e-01 3.254216748763132973e-03
7.507372840767374544e-01 3.178836797078253215e-03
7.861184422429497998e-01 3.105250604393146145e-03
8.231670630218950180e-01 3.034016108256686224e-03
8.619617315054403095e-01 2.937715978155903095e-03
9.025847363867310902e-01 2.865071288780057443e-03
9.451222445055416088e-01 2.795199752820532856e-03
9.896644836196951678e-01 2.706527695523847955e-03
1.036305933790234501e+00 2.621059820070087160e-03
1.085145527786299802e+00 2.542625407347308408e-03
1.136286860934794696e+00 2.453677773361797373e-03
1.189838410859966222e+00 2.367485542146188955e-03
1.245913767578986198e+00 2.296393932512607369e-03
1.304631874441609662e+00 2.213684295417304385e-03
1.366117280424966163e+00 2.116821711197449957e-03
1.430500404318638674e+00 2.026874687451730214e-03
1.497917811360400808e+00 1.940350796059839983e-03
1.568512502909397810e+00 1.860197423414329055e-03
1.642434219771200077e+00 1.782202448710109959e-03
1.719839759818128755e+00 1.710450891058281492e-03
1.800893310578565165e+00 1.635656215436900613e-03
1.885766797500710190e+00 1.547484518799196324e-03
1.974640248629512929e+00 1.462302299484103708e-03
2.067702176470289199e+00 1.387872435309446973e-03
2.165149977849019081e+00 1.323092029947531539e-03
2.267190352617480364e+00 1.263116332315428105e-03
2.374039742091349048e+00 1.200944877542435649e-03
2.485924788151246734e+00 1.135197913981267955e-03
2.603082813980555077e+00 1.086671401420079893e-03
2.725762327459708700e+00 1.028852611116473420e-03
2.854223548284725354e+00 9.692087783173415063e-04
2.988738959928070926e+00 9.146100056585784776e-04
3.129593887612636571e+00 8.531339551887397957e-04
3.277087103524790379e+00 7.869153984663342658e-04
3.431531460550241608e+00 7.282680616118341384e-04
3.593254555876957745e+00 6.828477073572518635e-04
3.762599425872718673e+00 6.340287145014696221e-04
3.939925273711248010e+00 5.998359627781957694e-04
4.125608231290302186e+00 5.614169379584445490e-04
4.320042157057854659e+00 5.086220477783469493e-04
4.523639471438666959e+00 4.613313358994165087e-04
4.736832031633308127e+00 4.371616042292919644e-04
4.960072047645175175e+00 4.202582478569885822e-04
5.193833041478544743e+00 3.858686668793632948e-04
5.438610851542216906e+00 3.475607223686976409e-04
5.694924684389268243e+00 3.238454141792911382e-04
5.963318216023761664e+00 2.950035649849181785e-04
6.244360745110442146e+00 2.713878132578136809e-04
6.538648400533531024e+00 2.537524810849942081e-04
6.846805405866013494e+00 2.419187282118619154e-04
7.169485403431528958e+00 2.202086544076208149e-04
7.507372840767374989e+00 2.111933355747688823e-04
7.861184422429498220e+00 1.960876199691901430e-04
8.231670630218948403e+00 1.825531727573791066e-04
8.619617315054401985e+00 1.613765373367541877e-04
9.025847363867310236e+00 1.294587456789575116e-04
9.451222445055416088e+00 1.049923820686121949e-04
9.896644836196950124e+00 9.762993451635603294e-05
1.036305933790234590e+01 9.920147870345931971e-05
1.085145527786299979e+01 1.073440126312708877e-04
1.136286860934795584e+01 1.074323107581347443e-04
1.189838410859966977e+01 1.074752294258575676e-04
1.245913767578986686e+01 8.382176177486830597e-05
1.304631874441610329e+01 5.635840826049367424e-05
1.366117280424967007e+01 2.569097807735888379e-05
1.430500404318639163e+01 -9.462576800528498113e-06
1.497917811360400897e+01 -2.253477424905608108e-05
1.568512502909397099e+01 -1.913502105628902872e-05
1.642434219771199366e+01 -9.260794649058795827e-06
1.719839759818128044e+01 -5.616948323195051801e-06
1.800893310578564055e+01 -1.408353364482709760e-05
1.885766797500709657e+01 -1.814224933017156708e-05
1.974640248629512840e+01 -5.420011847067122149e-07
2.067702176470289288e+01 -6.868809563583518726e-06
2.165149977849018725e+01 -2.341619961802275177e-05
2.267190352617480542e+01 -3.022916236532699531e-05
2.374039742091349581e+01 -3.671144839638464650e-05
2.485924788151246645e+01 -4.901605796175576273e-05
2.603082813980554988e+01 -4.378201024429134519e-05
2.725762327459708345e+01 -1.943316336569264903e-05
2.854223548284724998e+01 1.116951453165336886e-05
2.988738959928070926e+01 1.564687774014354011e-05
3.129593887612636749e+01 -5.863423079282223777e-06
3.277087103524790734e+01 -1.366764494453744897e-05
3.431531460550241519e+01 -6.149373173747198185e-06
3.593254555876957568e+01 -1.478234266158489443e-05
3.762599425872718228e+01 -3.693636993478287327e-05
3.939925273711248366e+01 -2.578106814555854149e-05
4.125608231290302541e+01 3.684588019837426007e-05
4.320042157057854126e+01 9.607286652561496210e-06
4.523639471438667670e+01 8.506242082976689077e-06
4.736832031633310436e+01 2.536505032921207605e-05
4.960072047645179083e+01 -2.217220202573329772e-05
5.193833041478545454e+01 7.342668297983998705e-06
5.438610851542216551e+01 3.070953318254702314e-05
5.694924684389268066e+01 8.094065046733494724e-06
5.963318216023762375e+01 -3.664360499954265945e-05
6.244360745110442679e+01 -9.193431293172374435e-06
6.538648400533530491e+01 2.172188165143622193e-05
6.846805405866012961e+01 1.532548343726047535e-05
7.169485403431528425e+01 3.918908276436645980e-05
7.507372840767374100e+01 1.102382867797823154e-05
7.861184422429498397e+01 -4.402610248400796241e-05
8.231670630218950180e+01 -9.023276255008624931e-06
8.619617315054402695e+01 3.018951378038265388e-06
9.025847363867310946e+01 5.247956850314741380e-05
9.451222445055417154e+01 -1.211322272553179151e-05
9.896644836196954031e+01 4.498903019668420923e-05
1.036305933790234661e+02 1.797412617488220585e-05
1.085145527786299908e+02 2.601610075523599875e-05
1.136286860934795442e+02 -2.877851516212544006e-05
1.189838410859966729e+02 -3.641638364330068576e-05
1.245913767578986722e+02 1.900709248864732837e-05
1.304631874441610364e+02 -3.541985422678883763e-06
1.366117280424967078e+02 -2.917357338347272082e-05
1.430500404318639198e+02 -1.920948024815431922e-05
1.497917811360401572e+02 -3.683974550773009058e-05
1.568512502909396744e+02 8.399145502923561390e-06
1.642434219771199082e+02 -9.853658377610626526e-05
1.719839759818127902e+02 4.121893864956166595e-05
1.800893310578564126e+02 -4.189935105922703563e-06
1.885766797500709799e+02 4.339751545452859971e-05
1.974640248629512769e+02 1.534385867609828905e-04
2.067702176470289146e+02 6.592144432709552411e-05
2.165149977849018796e+02 -1.529687555704082854e-04
2.267190352617481608e+02 -2.677903147914907351e-04
