4.402668768255080977e+03 1.169961687587950210e-02
8.702291228692711229e+03 1.026013666065446993e-02
1.276695311178296106e+04 8.994274819204145510e-03
1.720090168377494410e+04 8.635334312539343082e-03
2.128263827136110558e+04 7.958525744978689129e-03
2.633296208052036673e+04 5.985670435607404541e-03
2.992156217165216367e+04 6.349283555928553896e-03
3.399920905420426425e+04 5.757177815416603638e-03
3.863254898524766031e+04 5.286592130854118887e-03
4.389731063208368141e+04 4.890437863955401226e-03
4.779996890100366727e+04 4.746666751757487070e-03
5.204959014657664375e+04 3.073420549932050303e-03
5.667702085826511029e+04 3.905896039665035426e-03
5.914279763961255958e+04 3.890604460663952061e-03
6.440084477124233672e+04 4.795973836588291947e-03
7.012635473421998904e+04 3.475883114605091834e-03
7.317725498701544711e+04 3.112956443021857970e-03
7.636088696938366047e+04 2.131702240646960334e-03
8.314969572923782107e+04 2.199737699575984168e-03
8.676718631008510420e+04 1.951263006896960389e-03
9.054205856247972406e+04 2.479198801725984811e-03
9.448115949541462760e+04 2.093400461780554802e-03
9.859163400220239419e+04 2.288668856955848509e-03
1.028809378201585205e+05 1.589687091050706906e-03
1.073568510541054857e+05 1.888577425789093878e-03
1.120274922882271785e+05 2.377934314174559582e-03
1.169013333118703304e+05 1.944457118743176229e-03
1.219872144860027474e+05 1.924598608652598394e-03
1.272943607782017789e+05 2.429595418919702418e-03
1.328323984952562314e+05 1.908942458455284213e-03
1.386113727437329653e+05 1.493622269011826709e-03
1.446417656501793244e+05 1.389388456857783239e-03
1.509345153740085370e+05 1.735633447199658045e-03
1.575010359475556761e+05 1.261364965533882075e-03
1.643532379792899883e+05 1.363784781979485768e-03
1.715035502577361767e+05 1.085279048464185330e-03
1.789649422952906461e+05 1.504877125442652310e-03
1.867509478528242907e+05 9.453311511362317773e-04
1.948756894877398154e+05 8.471748135623076003e-04
2.033539041700111702e+05 8.813374971861728151e-04
2.122009700126690441e+05 6.409713509098803087e-04
2.214329341652157309e+05 9.812797794929036498e-04
2.310665419205641083e+05 5.986239267693374382e-04
2.411192670882964449e+05 7.695501151129312614e-04
2.516093436893345497e+05 8.201831707778830909e-04
2.625557990295107011e+05 7.010263534152414008e-04
2.739784882120293914e+05 5.798146040201571354e-04
2.858981301514200168e+05 6.121766813523987381e-04
2.983363451543037081e+05 6.411862450558459192e-04
3.113156941351395799e+05 6.467944208307931878e-04
3.248597195380828343e+05 4.546215163248408433e-04
3.389929880391783081e+05 5.305242769252252553e-04
3.537411351063454640e+05 4.381097472492567237e-04
3.691309114979797741e+05 5.082522217204947729e-04
3.851902317845114740e+05 4.316851197164131180e-04
4.019482249809301575e+05 4.196352449372664495e-04
4.194352873821160174e+05 3.231395287054691185e-04
4.376831376968135592e+05 3.618218915113634478e-04
4.567248745802495396e+05 3.690896392085431005e-04
4.765950366697513382e+05 3.589527552292891017e-04
4.973296652322599548e+05 3.670925699328564037e-04
5.189663695373723749e+05 2.805601959146110966e-04
5.415443950744859176e+05 2.955257539828270064e-04
5.651046947377803735e+05 2.999501670290582274e-04
5.896900031081594061e+05 2.678098567959720988e-04
6.153449139668828575e+05 2.696884990935964990e-04
6.421159611814880045e+05 2.037769391777165490e-04
6.700517031107150251e+05 2.591273768802241869e-04
6.992028106815317878e+05 2.173575595258425415e-04
7.296221592980173882e+05 2.344531845801757150e-04
7.613649247488108231e+05 2.263684258468048795e-04
7.944886832870859653e+05 2.322437476967974127e-04
8.290535160645822762e+05 2.110750075800367444e-04
8.651221181091159815e+05 1.941795236596313083e-04
9.027599120432425989e+05 1.969123628350500786e-04
9.420351667503338540e+05 2.017335964513183497e-04
9.830191212033140473e+05 2.009213950752073135e-04
1.025786113680658164e+06 1.717059826655911476e-04
1.070413716604031390e+06 1.504048753570945678e-04
1.116982877242140938e+06 1.561957582457149183e-04
1.165578064536016202e+06 1.504826556959335167e-04
1.216287422312036389e+06 1.401426854386836503e-04
1.269202929160604253e+06 1.380613459415056443e-04
1.324420565270459978e+06 1.293077674451810813e-04
1.382040486521255691e+06 1.394652731452594155e-04
1.442167206150155980e+06 1.345896804816271912e-04
1.504909784321977990e+06 1.334604936222166284e-04
1.570382025946733309e+06 1.317899433913371577e-04
1.638702687103363918e+06 1.314043045452016156e-04
1.709995690444097621e+06 1.262129345556752555e-04
1.784390349970143754e+06 1.221704776491588094e-04
1.862021605586416787e+06 1.223848465266276443e-04
1.943030267860745313e+06 1.210937004692059685e-04
2.027563273431514623e+06 1.148427169341767891e-04
2.115773951527012512e+06 1.112942922502168605e-04
2.207822302079902031e+06 1.094808313812079795e-04
2.303875285941275768e+06 1.063223781750413340e-04
2.404107127720690332e+06 1.037256280446664038e-04
2.508699631801488344e+06 1.062335165022456609e-04
2.617842512104606722e+06 1.010060983920702091e-04
2.731733736199009698e+06 9.996312790796983813e-05
2.850579884382903110e+06 1.003897742101694888e-04
2.974596524387058336e+06 9.674446557517875898e-05
3.104008602379877120e+06 9.654724337590434556e-05
3.239050850983437151e+06 9.455198571118201287e-05
3.379968215040580370e+06 9.283761472730965667e-05
3.527016295905329287e+06 9.106174539217261473e-05
3.680461815062484704e+06 9.117715965855700301e-05
3.840583097917342093e+06 8.995601016515686050e-05
4.007670578633065801e+06 8.901130994017015987e-05
4.182027326931377407e+06 8.916288767632515682e-05
4.363969597812118940e+06 8.830860574998501179e-05
4.553827405188770033e+06 8.713906967260581305e-05
4.751945120480441488e+06 8.662179311586758722e-05
4.958682097246030346e+06 8.605776658691936972e-05
5.174413322993571870e+06 8.546782663311913318e-05
5.399530099347066134e+06 8.485923106524298422e-05
5.634440751804464497e+06 8.428309498983177516e-05
5.879571370374217629e+06 8.388009795598734607e-05
6.135366582433775999e+06 8.364172898978762375e-05
6.402290359211891890e+06 8.346947746379839404e-05
6.680826857357543893e+06 8.328677729035071124e-05
6.971481297121950425e+06 8.282602552387286052e-05
7.274780878746563569e+06 8.269104137309238247e-05
7.591275738719213754e+06 8.242288587674338567e-05
7.921539947632909752e+06 8.240656322278288920e-05
8.266172551457234658e+06 8.243582861948512623e-05
8.625798658111047000e+06 8.239842639960130288e-05
9.001070571307353675e+06 8.221746984895316281e-05
9.392668973726961762e+06 8.205669245013182231e-05
9.801304161666996777e+06 8.193731211446251509e-05
1.022771733340373263e+07 8.186814456829184989e-05
1.067268193360666372e+07 8.180890966347575759e-05
1.113700505624227971e+07 8.155157035781867875e-05
1.162152890851223655e+07 8.121232359400277047e-05
1.212713233848131076e+07 8.092761545855511147e-05
1.265473242916593328e+07 8.065993007050662822e-05
1.320528616197475046e+07 8.034726300567897079e-05
1.377979215251847915e+07 7.997272451568559115e-05
1.437929246193742193e+07 7.958180890051544051e-05
1.500487448703214899e+07 7.917588658281145178e-05
1.565767293262583762e+07 7.877937136684688691e-05
1.633887186973565444e+07 7.837964508487781123e-05
1.704970688328647614e+07 7.795957216947488897e-05
1.779146731326251104e+07 7.750438010344426606e-05
1.856549859336193278e+07 7.701632273146383635e-05
1.937320469139645249e+07 7.651017146501450702e-05
2.021605065586232394e+07 7.600049137964044537e-05
2.109556527330185100e+07 7.547291184737112732e-05
