4.402668768255080977e+03 1.004263086977094134e-02
8.702291228692711229e+03 9.594091805692433680e-03
1.276695311178296106e+04 9.246241180940051665e-03
1.720090168377494410e+04 9.118444528139488595e-03
2.128263827136110558e+04 8.874652396058554243e-03
2.633296208052036673e+04 8.533743186354598304e-03
2.992156217165216367e+04 8.288765306954290132e-03
3.399920905420426425e+04 7.908619963612466275e-03
3.863254898524766031e+04 7.574698882595207357e-03
4.389731063208368141e+04 7.451195601663810654e-03
4.779996890100366727e+04 7.071469989003802831e-03
5.204959014657664375e+04 7.090558889945515995e-03
5.667702085826511029e+04 6.864233334204182524e-03
5.914279763961255958e+04 6.613131009094348929e-03
6.440084477124233672e+04 6.462813248023189204e-03
7.012635473421998904e+04 6.416151580555360008e-03
7.317725498701544711e+04 6.248630645955073094e-03
7.636088696938366047e+04 6.092594333514629763e-03
8.314969572923782107e+04 6.031909911955088931e-03
8.676718631008510420e+04 5.846121736915292806e-03
9.054205856247972406e+04 5.689545906067090993e-03
9.448115949541462760e+04 5.629154696347282716e-03
9.859163400220239419e+04 5.484366175421517657e-03
1.028809378201585205e+05 5.379671965407402390e-03
1.073568510541054857e+05 5.295481969638550328e-03
1.120274922882271785e+05 5.354583637096207820e-03
1.169013333118703304e+05 5.237146686573978908e-03
1.219872144860027474e+05 5.211171821841972633e-03
1.272943607782017789e+05 5.105751993942295175e-03
1.328323984952562314e+05 5.077449846990265622e-03
1.386113727437329653e+05 4.896977586969806368e-03
1.446417656501793244e+05 4.825656769139639347e-03
1.509345153740085370e+05 4.770482766687384087e-03
1.575010359475556761e+05 4.658121178110437299e-03
1.643532379792899883e+05 4.617462630493201180e-03
1.715035502577361767e+05 4.433943803761246014e-03
1.789649422952906461e+05 4.395155626629065893e-03
1.867509478528242907e+05 4.359847082343977151e-03
1.948756894877398154e+05 4.234728236553505186e-03
2.033539041700111702e+05 4.137230757003651158e-03
2.122009700126690441e+05 4.096553435189158321e-03
2.214329341652157309e+05 4.058213423852238648e-03
2.310665419205641083e+05 4.005931561482009226e-03
2.411192670882964449e+05 3.976112593089099929e-03
2.516093436893345497e+05 3.913728819047611850e-03
2.625557990295107011e+05 3.868365746148320558e-03
2.739784882120293914e+05 3.803161192342462485e-03
2.858981301514200168e+05 3.771537653999039539e-03
2.983363451543037081e+05 3.730177274356211246e-03
3.113156941351395799e+05 3.693108992527198518e-03
3.248597195380828343e+05 3.660925821472500469e-03
3.389929880391783081e+05 3.617295679067718261e-03
3.537411351063454640e+05 3.595190007780926789e-03
3.691309114979797741e+05 3.556576346652728319e-03
3.851902317845114740e+05 3.518152148203988663e-03
4.019482249809301575e+05 3.495004541698581730e-03
4.194352873821160174e+05 3.462831589817003380e-03
4.376831376968135592e+05 3.440945887556617552e-03
4.567248745802495396e+05 3.407154123052272277e-03
4.765950366697513382e+05 3.387152737923292394e-03
4.973296652322599548e+05 3.366993223736551404e-03
5.189663695373723749e+05 3.349860223681444971e-03
5.415443950744859176e+05 3.326927623913909608e-03
5.651046947377803735e+05 3.314908394635202645e-03
5.896900031081594061e+05 3.299875549246818890e-03
6.153449139668828575e+05 3.281432743414445380e-03
6.421159611814880045e+05 3.273414035279336842e-03
6.700517031107150251e+05 3.255984661303102518e-03
6.992028106815317878e+05 3.244147774466472900e-03
7.296221592980173882e+05 3.239520493336054373e-03
7.613649247488108231e+05 3.230392435138110339e-03
7.944886832870859653e+05 3.213158899390179332e-03
8.290535160645822762e+05 3.202800343783801344e-03
8.651221181091159815e+05 3.199385130772060618e-03
9.027599120432425989e+05 3.191080933670007412e-03
9.420351667503338540e+05 3.179561083708409147e-03
9.830191212033140473e+05 3.170693222898975355e-03
1.025786113680658164e+06 3.168820580657223402e-03
1.070413716604031390e+06 3.163541378969258501e-03
1.116982877242140938e+06 3.158910405361464464e-03
1.165578064536016202e+06 3.152828112400682826e-03
1.216287422312036389e+06 3.149687118991684534e-03
1.269202929160604253e+06 3.144993960003254849e-03
1.324420565270459978e+06 3.138664327015963131e-03
1.382040486521255691e+06 3.134186168780508409e-03
1.442167206150155980e+06 3.131090182335790999e-03
1.504909784321977990e+06 3.127700254426887296e-03
1.570382025946733309e+06 3.124848421194913531e-03
1.638702687103363918e+06 3.121845317069603908e-03
1.709995690444097621e+06 3.117391326641950639e-03
1.784390349970143754e+06 3.114221137826450256e-03
1.862021605586416787e+06 3.111868202276656201e-03
1.943030267860745313e+06 3.109811328285840004e-03
2.027563273431514623e+06 3.107141019218484339e-03
2.115773951527012512e+06 3.104990982695343682e-03
2.207822302079902031e+06 3.104097188822049682e-03
2.303875285941275768e+06 3.101202334184319492e-03
2.404107127720690332e+06 3.099371122212185754e-03
2.508699631801488344e+06 3.097156902311032529e-03
2.617842512104606722e+06 3.094609673475369124e-03
2.731733736199009698e+06 3.093116101092792045e-03
2.850579884382903110e+06 3.092646867274489314e-03
2.974596524387058336e+06 3.091232002560294172e-03
3.104008602379877120e+06 3.089712413129294764e-03
3.239050850983437151e+06 3.088148930679637284e-03
3.379968215040580370e+06 3.086982564158126732e-03
3.527016295905329287e+06 3.086173177757682486e-03
3.680461815062484704e+06 3.084679899707463372e-03
3.840583097917342093e+06 3.083492215089842815e-03
4.007670578633065801e+06 3.082462794186799446e-03
4.182027326931377407e+06 3.081620799033702677e-03
4.363969597812118940e+06 3.080327625269872228e-03
4.553827405188770033e+06 3.079351363633161046e-03
4.751945120480441488e+06 3.078288629420378002e-03
4.958682097246030346e+06 3.077745191361075210e-03
5.174413322993571870e+06 3.076864468447119971e-03
5.399530099347066134e+06 3.076271526554139914e-03
5.634440751804464497e+06 3.075734835167574094e-03
5.879571370374217629e+06 3.074976427854371388e-03
6.135366582433775999e+06 3.074405309205881492e-03
6.402290359211891890e+06 3.073634210041477702e-03
6.680826857357543893e+06 3.073274387519651322e-03
6.971481297121950425e+06 3.072810216988383029e-03
7.274780878746563569e+06 3.072447626997001045e-03
7.591275738719213754e+06 3.072022635542626112e-03
7.921539947632909752e+06 3.071605701938289433e-03
8.266172551457234658e+06 3.071165809017037222e-03
8.625798658111047000e+06 3.070911259185401393e-03
9.001070571307353675e+06 3.070451040200149282e-03
9.392668973726961762e+06 3.070101932527721268e-03
9.801304161666996777e+06 3.069780625967806053e-03
1.022771733340373263e+07 3.069518333441432264e-03
1.067268193360666372e+07 3.069350687160509253e-03
1.113700505624227971e+07 3.069208635248928032e-03
1.162152890851223655e+07 3.069090021488426936e-03
1.212713233848131076e+07 3.068993108104445863e-03
1.265473242916593328e+07 3.068911787271827278e-03
1.320528616197475046e+07 3.068823450478496122e-03
1.377979215251847915e+07 3.068742430666421099e-03
1.437929246193742193e+07 3.068681531982089209e-03
1.500487448703214899e+07 3.068637723159093299e-03
1.565767293262583762e+07 3.068617649152734217e-03
1.633887186973565444e+07 3.068570130930572005e-03
1.704970688328647614e+07 3.068554247573383915e-03
1.779146731326251104e+07 3.068542994902418320e-03
1.856549859336193278e+07 3.068521308155496181e-03
1.937320469139645249e+07 3.068501504871442784e-03
2.021605065586232394e+07 3.068482475935223070e-03
2.109556527330185100e+07 3.068466919121314376e-03
