4.402668768255081886e+03 8.186101059917325756e-03
8.702291228692711229e+03 8.750882527648672776e-03
1.276695311178296288e+04 9.390436144831980012e-03
1.720090168377494410e+04 9.139630868347349904e-03
2.128263827136110922e+04 8.975538514799102571e-03
2.633296208052037036e+04 8.834299669142252343e-03
2.992156217165216731e+04 7.777897707259991654e-03
3.399920905420427152e+04 7.735524884238811211e-03
3.863254898524766031e+04 7.102560053138115385e-03
4.389731063208368869e+04 7.685298058807186680e-03
4.779996890100365999e+04 6.790433564730302685e-03
5.204959014657664375e+04 7.247723764485598276e-03
5.667702085826511757e+04 6.342344356015773045e-03
5.914279763961255958e+04 6.152109048725132659e-03
6.440084477124233672e+04 6.884611995558350718e-03
7.012635473421998904e+04 6.706551682427713129e-03
7.317725498701544711e+04 6.125176207584201102e-03
7.636088696938367502e+04 6.068283394063101431e-03
8.314969572923783562e+04 5.549515028693493418e-03
8.676718631008510420e+04 5.781180437344693793e-03
9.054205856247972406e+04 5.053414921740345504e-03
9.448115949541462760e+04 5.458023492577442591e-03
9.859163400220239419e+04 5.214009262505065780e-03
1.028809378201585205e+05 6.247185439487213700e-03
1.073568510541054857e+05 5.410284501776681416e-03
1.120274922882271931e+05 4.787467634141672444e-03
1.169013333118703304e+05 4.705211019926660958e-03
1.219872144860027474e+05 5.508310019881016741e-03
1.272943607782017789e+05 5.201716185322044494e-03
1.328323984952562314e+05 4.656777915334962305e-03
1.386113727437329653e+05 4.851216639712035289e-03
1.446417656501793244e+05 4.828194040386318484e-03
1.509345153740085370e+05 4.999809986395997025e-03
1.575010359475556761e+05 4.765934224824457111e-03
1.643532379792899883e+05 4.704866982973628965e-03
1.715035502577361767e+05 4.490509076325102655e-03
1.789649422952906752e+05 4.385791402488895506e-03
1.867509478528243199e+05 4.054174161342263133e-03
1.948756894877398154e+05 3.995218966604112756e-03
2.033539041700111702e+05 3.965476416086184501e-03
2.122009700126690441e+05 4.073233099718908366e-03
2.214329341652157309e+05 3.939194228378849715e-03
2.310665419205641374e+05 3.905338884333929821e-03
2.411192670882964740e+05 3.918853882663356387e-03
2.516093436893345497e+05 3.939009793118602304e-03
2.625557990295106429e+05 3.735458635651502449e-03
2.739784882120293914e+05 3.873315940072835986e-03
2.858981301514200750e+05 3.708239552218266667e-03
2.983363451543037081e+05 3.686111348490275861e-03
3.113156941351395799e+05 3.727029043649982259e-03
3.248597195380828343e+05 3.645368109118895302e-03
3.389929880391783081e+05 3.578533615071613060e-03
3.537411351063454640e+05 3.672491734964913532e-03
3.691309114979797741e+05 3.522180210601864696e-03
3.851902317845114740e+05 3.511242661234062652e-03
4.019482249809301575e+05 3.514460293823616112e-03
4.194352873821160174e+05 3.527246338260949573e-03
4.376831376968135592e+05 3.436560245577038701e-03
4.567248745802495978e+05 3.420119293641492308e-03
4.765950366697513964e+05 3.270391565773797266e-03
4.973296652322599548e+05 3.301365735033302135e-03
5.189663695373724331e+05 3.283017088318089440e-03
5.415443950744860340e+05 3.324876268834744443e-03
5.651046947377803735e+05 3.270196134614791056e-03
5.896900031081594061e+05 3.333685482339184079e-03
6.153449139668828575e+05 3.343067048966469248e-03
6.421159611814880045e+05 3.354596879510076800e-03
6.700517031107150251e+05 3.332957297913156924e-03
6.992028106815317878e+05 3.318681638048160288e-03
7.296221592980173882e+05 3.259817032567721012e-03
7.613649247488108231e+05 3.223408852394291091e-03
7.944886832870859653e+05 3.186234788920813688e-03
8.290535160645822762e+05 3.162228497577618865e-03
8.651221181091160979e+05 3.130951302417882710e-03
9.027599120432427153e+05 3.135412895545936635e-03
9.420351667503338540e+05 3.084988090104276784e-03
9.830191212033139309e+05 3.081000092266672138e-03
1.025786113680658164e+06 3.144081514302806031e-03
1.070413716604031390e+06 3.139367740925520268e-03
1.116982877242140938e+06 3.111705057171863364e-03
1.165578064536016202e+06 3.101114748385393888e-03
1.216287422312036389e+06 3.110639014455090449e-03
1.269202929160604253e+06 3.109781797012670101e-03
1.324420565270459978e+06 3.109221363232761697e-03
1.382040486521255923e+06 3.092601331593647449e-03
1.442167206150156213e+06 3.088383394692651059e-03
1.504909784321977990e+06 3.093490346018010640e-03
1.570382025946733309e+06 3.081552720697404955e-03
1.638702687103363918e+06 3.071255647576179911e-03
1.709995690444097621e+06 3.086204791018679321e-03
1.784390349970143754e+06 3.079234943068885708e-03
1.862021605586416787e+06 3.070797034122984062e-03
1.943030267860745313e+06 3.073618908734453321e-03
2.027563273431514390e+06 3.065543214847631006e-03
2.115773951527012512e+06 3.064547783663203705e-03
2.207822302079902031e+06 3.058390585978897156e-03
2.303875285941275768e+06 3.055942097991633331e-03
2.404107127720690332e+06 3.056857559298963110e-03
2.508699631801488344e+06 3.048550474308160587e-03
2.617842512104606722e+06 3.046648608299036901e-03
2.731733736199009698e+06 3.058942215106408638e-03
2.850579884382903576e+06 3.051697715435768270e-03
2.974596524387058336e+06 3.045553366469268448e-03
3.104008602379877120e+06 3.042255325761743755e-03
3.239050850983437616e+06 3.041102688289455333e-03
3.379968215040580835e+06 3.036871680930130005e-03
3.527016295905329287e+06 3.039601079449308959e-03
3.680461815062484704e+06 3.035827110762894139e-03
3.840583097917342559e+06 3.039874142124240029e-03
4.007670578633065801e+06 3.037586355079830661e-03
4.182027326931377407e+06 3.037398392024860238e-03
4.363969597812118940e+06 3.032817356004083136e-03
4.553827405188770033e+06 3.034038330347536404e-03
4.751945120480441488e+06 3.033371586845035224e-03
4.958682097246030346e+06 3.031143248628694921e-03
5.174413322993571870e+06 3.031635459621532212e-03
5.399530099347066134e+06 3.032724343515231548e-03
5.634440751804465428e+06 3.030914398973970619e-03
5.879571370374216698e+06 3.031352057745010341e-03
6.135366582433775067e+06 3.030578817704918451e-03
6.402290359211891890e+06 3.030216438350367796e-03
6.680826857357543893e+06 3.028770218977682414e-03
6.971481297121950425e+06 3.029640329732188712e-03
7.274780878746563569e+06 3.029425441453756883e-03
7.591275738719213754e+06 3.028708581015995913e-03
7.921539947632909752e+06 3.028277776406478397e-03
8.266172551457234658e+06 3.028324837598910142e-03
8.625798658111047000e+06 3.027805052926599901e-03
9.001070571307353675e+06 3.027587063232502988e-03
9.392668973726961762e+06 3.027407442670212306e-03
9.801304161666996777e+06 3.027359785345914035e-03
1.022771733340373263e+07 3.027117558936999291e-03
1.067268193360666372e+07 3.026747066108001222e-03
1.113700505624227971e+07 3.026350891821223774e-03
1.162152890851223469e+07 3.025925272523303892e-03
1.212713233848130889e+07 3.025432669210431635e-03
1.265473242916593328e+07 3.025001538992212659e-03
1.320528616197475232e+07 3.024581532603217316e-03
1.377979215251848102e+07 3.024150054569861405e-03
1.437929246193742193e+07 3.023655557935470053e-03
1.500487448703214899e+07 3.023147272251588795e-03
1.565767293262583762e+07 3.022626975271275676e-03
1.633887186973565444e+07 3.022088459153098820e-03
1.704970688328647614e+07 3.021578434483725498e-03
1.779146731326251104e+07 3.021058814997637162e-03
1.856549859336193278e+07 3.020476741806406469e-03
1.937320469139645621e+07 3.019898799851049569e-03
2.021605065586232394e+07 3.019284102678467408e-03
2.109556527330185100e+07 3.018684121389683672e-03
