4.402668768255080977e+03 9.751962884915695712e-03
8.702291228692711229e+03 9.205287062054198083e-03
1.276695311178296106e+04 8.808726236272480109e-03
1.720090168377494410e+04 8.676242770183310166e-03
2.128263827136110558e+04 8.442488686657409480e-03
2.633296208052036673e+04 8.075831058748190669e-03
2.992156217165216367e+04 7.961019295866058818e-03
3.399920905420426425e+04 7.749617071430634288e-03
3.863254898524766031e+04 7.241640467147175686e-03
4.389731063208368141e+04 7.300341512138574726e-03
4.779996890100366727e+04 6.793480089231920642e-03
5.204959014657664375e+04 6.792770291507344363e-03
5.667702085826511029e+04 6.669161450120910870e-03
5.914279763961255958e+04 6.375094836465845793e-03
6.440084477124233672e+04 6.259091530197250300e-03
7.012635473421998904e+04 6.136564612132233525e-03
7.317725498701544711e+04 6.049339019148281850e-03
7.636088696938366047e+04 5.655205783649091753e-03
8.314969572923782107e+04 5.498220493228478736e-03
8.676718631008510420e+04 5.641572291398709062e-03
9.054205856247972406e+04 5.557070504409306749e-03
9.448115949541462760e+04 5.254739603417206417e-03
9.859163400220239419e+04 5.486573749162801036e-03
1.028809378201585205e+05 5.160155696855404581e-03
1.073568510541054857e+05 5.332931138346702973e-03
1.120274922882271785e+05 5.120811269687462752e-03
1.169013333118703304e+05 4.793431257583862133e-03
1.219872144860027474e+05 4.734323177307165828e-03
1.272943607782017789e+05 4.819924760662295041e-03
1.328323984952562314e+05 4.461406642809237488e-03
1.386113727437329653e+05 4.490609339181836704e-03
1.446417656501793244e+05 4.444838739144234968e-03
1.509345153740085370e+05 4.461993517722340728e-03
1.575010359475556761e+05 4.226223923598176543e-03
1.643532379792899883e+05 4.228112385122941366e-03
1.715035502577361767e+05 4.133879136981183366e-03
1.789649422952906461e+05 4.092454258388333009e-03
1.867509478528242907e+05 4.040343259423453265e-03
1.948756894877398154e+05 3.981762713838349343e-03
2.033539041700111702e+05 3.941435488514838034e-03
2.122009700126690441e+05 3.913497493159073630e-03
2.214329341652157309e+05 3.796088094763437094e-03
2.310665419205641083e+05 3.668899373880713053e-03
2.411192670882964449e+05 3.606602857853518675e-03
2.516093436893345497e+05 3.545788441449790156e-03
2.625557990295107011e+05 3.520233879033462989e-03
2.739784882120293914e+05 3.454929354036263660e-03
2.858981301514200168e+05 3.381472370926794004e-03
2.983363451543037081e+05 3.356493681168372899e-03
3.113156941351395799e+05 3.413475505769791082e-03
3.248597195380828343e+05 3.321038058465527239e-03
3.389929880391783081e+05 3.322778505439344214e-03
3.537411351063454640e+05 3.297790117666221481e-03
3.691309114979797741e+05 3.276307311689107687e-03
3.851902317845114740e+05 3.255436947094737278e-03
4.019482249809301575e+05 3.191651480217758997e-03
4.194352873821160174e+05 3.145935758816107049e-03
4.376831376968135592e+05 3.130927012184858520e-03
4.567248745802495396e+05 3.112906468488257656e-03
4.765950366697513382e+05 3.061299329749200999e-03
4.973296652322599548e+05 3.044580843968716817e-03
5.189663695373723749e+05 3.025781047317984990e-03
5.415443950744859176e+05 3.014432781891679489e-03
5.651046947377803735e+05 3.010799151490743761e-03
5.896900031081594061e+05 2.996046968887391363e-03
6.153449139668828575e+05 2.961097163178976616e-03
6.421159611814880045e+05 2.948310688814454687e-03
6.700517031107150251e+05 2.947767979023297770e-03
6.992028106815317878e+05 2.932675917649434777e-03
7.296221592980173882e+05 2.916254137173753327e-03
7.613649247488108231e+05 2.906857985773847203e-03
7.944886832870859653e+05 2.894632642937827391e-03
8.290535160645822762e+05 2.876004706548383749e-03
8.651221181091159815e+05 2.871074215328590397e-03
9.027599120432425989e+05 2.876884335823043544e-03
9.420351667503338540e+05 2.856244821270571919e-03
9.830191212033140473e+05 2.850645557847611596e-03
1.025786113680658164e+06 2.850156355202347093e-03
1.070413716604031390e+06 2.849892085211231437e-03
1.116982877242140938e+06 2.836511027442112712e-03
1.165578064536016202e+06 2.832263258947164720e-03
1.216287422312036389e+06 2.827565969668599955e-03
1.269202929160604253e+06 2.824297387751341804e-03
1.324420565270459978e+06 2.816996547188903560e-03
1.382040486521255691e+06 2.809644416060306030e-03
1.442167206150155980e+06 2.808065515187501381e-03
1.504909784321977990e+06 2.802603807373053695e-03
1.570382025946733309e+06 2.798675909922053104e-03
1.638702687103363918e+06 2.792780692676373640e-03
1.709995690444097621e+06 2.789799924857640917e-03
1.784390349970143754e+06 2.787178522255143610e-03
1.862021605586416787e+06 2.785416917372942561e-03
1.943030267860745313e+06 2.778327755326662901e-03
2.027563273431514623e+06 2.776715638133122645e-03
2.115773951527012512e+06 2.772548503847707159e-03
2.207822302079902031e+06 2.769351205446037544e-03
2.303875285941275768e+06 2.767569556194845060e-03
2.404107127720690332e+06 2.767999124502999210e-03
2.508699631801488344e+06 2.768012047178725153e-03
2.617842512104606722e+06 2.762894427068390314e-03
2.731733736199009698e+06 2.763015052758522553e-03
2.850579884382903110e+06 2.760859488802347612e-03
2.974596524387058336e+06 2.759861772013970285e-03
3.104008602379877120e+06 2.756279586948532680e-03
3.239050850983437151e+06 2.756616743482538483e-03
3.379968215040580370e+06 2.754827443468294262e-03
3.527016295905329287e+06 2.754684621830309765e-03
3.680461815062484704e+06 2.752869184866711151e-03
3.840583097917342093e+06 2.751867819753952508e-03
4.007670578633065801e+06 2.751553936333703612e-03
4.182027326931377407e+06 2.750519731467700093e-03
4.363969597812118940e+06 2.748474351604792473e-03
4.553827405188770033e+06 2.748100109718630297e-03
4.751945120480441488e+06 2.747361729647611675e-03
4.958682097246030346e+06 2.746861551075023035e-03
5.174413322993571870e+06 2.746475664717957718e-03
5.399530099347066134e+06 2.745755409487985084e-03
5.634440751804464497e+06 2.745368097159329394e-03
5.879571370374217629e+06 2.744367989740575248e-03
6.135366582433775999e+06 2.744275369140574024e-03
6.402290359211891890e+06 2.743576237106147390e-03
6.680826857357543893e+06 2.742824620073866428e-03
6.971481297121950425e+06 2.742693543266460504e-03
7.274780878746563569e+06 2.742256224117880711e-03
7.591275738719213754e+06 2.741882500664098894e-03
7.921539947632909752e+06 2.741444799376876323e-03
8.266172551457234658e+06 2.741166646976290425e-03
8.625798658111047000e+06 2.740811952014652556e-03
9.001070571307353675e+06 2.740575448236564054e-03
9.392668973726961762e+06 2.740355442268948335e-03
9.801304161666996777e+06 2.740168019972716047e-03
1.022771733340373263e+07 2.740032502488453942e-03
1.067268193360666372e+07 2.739815771115283651e-03
1.113700505624227971e+07 2.739602349907501247e-03
1.162152890851223655e+07 2.739446640586150512e-03
1.212713233848131076e+07 2.739330247998677907e-03
1.265473242916593328e+07 2.739290820560845961e-03
1.320528616197475046e+07 2.739284475900089118e-03
1.377979215251847915e+07 2.739287084836544879e-03
1.437929246193742193e+07 2.739277264632565458e-03
1.500487448703214899e+07 2.739269343336428204e-03
1.565767293262583762e+07 2.739249824425903871e-03
1.633887186973565444e+07 2.739239547195273985e-03
1.704970688328647614e+07 2.739262453053926093e-03
1.779146731326251104e+07 2.739294516015318773e-03
1.856549859336193278e+07 2.739317949008599363e-03
1.937320469139645249e+07 2.739343171783655863e-03
2.021605065586232394e+07 2.739357271773215901e-03
2.109556527330185100e+07 2.739378988025883543e-03
