4.402668768255080977e+03 1.059334201070492344e-02
8.702291228692711229e+03 1.032860185872884126e-02
1.276695311178296106e+04 1.000788973910562117e-02
1.720090168377494410e+04 9.417888338373928830e-03
2.128263827136110558e+04 9.033361144041976432e-03
2.633296208052036673e+04 8.970098077867798281e-03
2.992156217165216367e+04 8.481123930682704648e-03
3.399920905420426425e+04 8.190197266374397989e-03
3.863254898524766031e+04 7.863562261103164419e-03
4.389731063208368141e+04 7.569665068959328426e-03
4.779996890100366727e+04 7.573344846560949896e-03
5.204959014657664375e+04 7.414633024233767238e-03
5.667702085826511029e+04 7.326150757016359344e-03
5.914279763961255958e+04 7.015659290284140953e-03
6.440084477124233672e+04 6.785429893458327227e-03
7.012635473421998904e+04 6.691769072631790528e-03
7.317725498701544711e+04 6.563281398908393967e-03
7.636088696938366047e+04 6.391676857239209086e-03
8.314969572923782107e+04 6.355483287152086276e-03
8.676718631008510420e+04 6.132416920719294118e-03
9.054205856247972406e+04 6.119335833955390908e-03
9.448115949541462760e+04 5.970102262458085347e-03
9.859163400220239419e+04 5.868854833985667589e-03
1.028809378201585205e+05 5.819413308216264853e-03
1.073568510541054857e+05 5.722209284280354268e-03
1.120274922882271785e+05 5.670280668131332143e-03
1.169013333118703304e+05 5.549218217939644489e-03
1.219872144860027474e+05 5.383246324032277957e-03
1.272943607782017789e+05 5.332755735140868106e-03
1.328323984952562314e+05 5.202345827188232553e-03
1.386113727437329653e+05 5.138400901947436442e-03
1.446417656501793244e+05 5.102230000058710982e-03
1.509345153740085370e+05 4.987646567899422893e-03
1.575010359475556761e+05 4.945225280730021836e-03
1.643532379792899883e+05 4.883608127471380893e-03
1.715035502577361767e+05 4.786667500923611276e-03
1.789649422952906461e+05 4.721396616008051959e-03
1.867509478528242907e+05 4.626421166326373166e-03
1.948756894877398154e+05 4.542547185125775031e-03
2.033539041700111702e+05 4.448556462005676115e-03
2.122009700126690441e+05 4.396030438261491757e-03
2.214329341652157309e+05 4.371392304176553723e-03
2.310665419205641083e+05 4.291579553772821229e-03
2.411192670882964449e+05 4.221859518884477601e-03
2.516093436893345497e+05 4.154294602606553415e-03
2.625557990295107011e+05 4.125273231966326837e-03
2.739784882120293914e+05 4.091883930231325281e-03
2.858981301514200168e+05 4.042412178775801022e-03
2.983363451543037081e+05 3.984399389173201057e-03
3.113156941351395799e+05 3.935191482548551674e-03
3.248597195380828343e+05 3.914961977759751424e-03
3.389929880391783081e+05 3.879205173294668265e-03
3.537411351063454640e+05 3.852290030727293074e-03
3.691309114979797741e+05 3.795061342672859019e-03
3.851902317845114740e+05 3.768174354615785523e-03
4.019482249809301575e+05 3.715335996439284114e-03
4.194352873821160174e+05 3.690293147959035954e-03
4.376831376968135592e+05 3.671493794323247867e-03
4.567248745802495396e+05 3.644941276207992742e-03
4.765950366697513382e+05 3.624583385036177219e-03
4.973296652322599548e+05 3.615809870616511820e-03
5.189663695373723749e+05 3.592036463180268285e-03
5.415443950744859176e+05 3.568843088455055275e-03
5.651046947377803735e+05 3.546421483974668189e-03
5.896900031081594061e+05 3.532543295021664618e-03
6.153449139668828575e+05 3.514672062029255365e-03
6.421159611814880045e+05 3.502991332543664484e-03
6.700517031107150251e+05 3.487016478863409763e-03
6.992028106815317878e+05 3.475484995258423890e-03
7.296221592980173882e+05 3.463975853772507767e-03
7.613649247488108231e+05 3.457135698545854910e-03
7.944886832870859653e+05 3.442795596690250391e-03
8.290535160645822762e+05 3.433754540805544243e-03
8.651221181091159815e+05 3.427762804615922931e-03
9.027599120432425989e+05 3.424617134982141375e-03
9.420351667503338540e+05 3.414753879900425497e-03
9.830191212033140473e+05 3.405798638086039113e-03
1.025786113680658164e+06 3.398264100362675868e-03
1.070413716604031390e+06 3.394092174425483201e-03
1.116982877242140938e+06 3.388249862708157811e-03
1.165578064536016202e+06 3.380338426779157680e-03
1.216287422312036389e+06 3.376640233771880523e-03
1.269202929160604253e+06 3.372533818857010018e-03
1.324420565270459978e+06 3.367028734084865152e-03
1.382040486521255691e+06 3.362731955624798357e-03
1.442167206150155980e+06 3.359735819908682593e-03
1.504909784321977990e+06 3.355012399790045785e-03
1.570382025946733309e+06 3.352070338804289708e-03
1.638702687103363918e+06 3.348416834264442577e-03
1.709995690444097621e+06 3.346330485951538349e-03
1.784390349970143754e+06 3.343283853303103369e-03
1.862021605586416787e+06 3.342874980218676646e-03
1.943030267860745313e+06 3.339558057506096089e-03
2.027563273431514623e+06 3.336376383789165651e-03
2.115773951527012512e+06 3.333701809158402720e-03
2.207822302079902031e+06 3.331905803742192616e-03
2.303875285941275768e+06 3.328782035302049660e-03
2.404107127720690332e+06 3.327417275007989519e-03
2.508699631801488344e+06 3.326263589728888862e-03
2.617842512104606722e+06 3.324430345972145644e-03
2.731733736199009698e+06 3.323212673998792843e-03
2.850579884382903110e+06 3.321589871275473869e-03
2.974596524387058336e+06 3.320371005847731934e-03
3.104008602379877120e+06 3.318811363852437833e-03
3.239050850983437151e+06 3.317920098800616370e-03
3.379968215040580370e+06 3.316492264785442148e-03
3.527016295905329287e+06 3.315538545755455837e-03
3.680461815062484704e+06 3.315986280920131708e-03
3.840583097917342093e+06 3.314797726720936002e-03
4.007670578633065801e+06 3.313074830318630745e-03
4.182027326931377407e+06 3.311813181081850726e-03
4.363969597812118940e+06 3.310299679067817222e-03
4.553827405188770033e+06 3.309506268372359311e-03
4.751945120480441488e+06 3.308662782503172042e-03
4.958682097246030346e+06 3.307843042933414617e-03
5.174413322993571870e+06 3.307067867980142094e-03
5.399530099347066134e+06 3.306165860525189099e-03
5.634440751804464497e+06 3.305947810580868972e-03
5.879571370374217629e+06 3.305480968025943222e-03
6.135366582433775999e+06 3.304993648528812243e-03
6.402290359211891890e+06 3.304683342668578508e-03
6.680826857357543893e+06 3.304400179003645979e-03
6.971481297121950425e+06 3.303961854000365007e-03
7.274780878746563569e+06 3.303518942999169282e-03
7.591275738719213754e+06 3.303120795289345765e-03
7.921539947632909752e+06 3.302722267831262933e-03
8.266172551457234658e+06 3.302344517505913148e-03
8.625798658111047000e+06 3.301896432844382643e-03
9.001070571307353675e+06 3.301626572141972901e-03
9.392668973726961762e+06 3.301287597678369008e-03
9.801304161666996777e+06 3.301013960201393434e-03
1.022771733340373263e+07 3.300823425004945338e-03
1.067268193360666372e+07 3.300615781301383632e-03
1.113700505624227971e+07 3.300495079508282848e-03
1.162152890851223655e+07 3.300350805568696456e-03
1.212713233848131076e+07 3.300246646394756466e-03
1.265473242916593328e+07 3.300137459358992546e-03
1.320528616197475046e+07 3.300046960654569837e-03
1.377979215251847915e+07 3.299957012180855347e-03
1.437929246193742193e+07 3.299849693439202425e-03
1.500487448703214899e+07 3.299761603050860130e-03
1.565767293262583762e+07 3.299685333509794118e-03
1.633887186973565444e+07 3.299621431167743847e-03
1.704970688328647614e+07 3.299572133674986193e-03
1.779146731326251104e+07 3.299506614013591500e-03
1.856549859336193278e+07 3.299436998639196286e-03
1.937320469139645249e+07 3.299375632704449387e-03
2.021605065586232394e+07 3.299318695768672580e-03
2.109556527330185100e+07 3.299246460622470758e-03
