4.723107560851438035e-03 6.492730230093002319e-03
7.066881940115130392e-03 6.485677324235439301e-03
9.423838525711459094e-03 6.475871894508600235e-03
1.120025307881485944e-02 6.463519763201475143e-03
1.410028321944588152e-02 6.448706146329641342e-03
1.582077798310258659e-02 6.431718822568655014e-03
1.880302987270395659e-02 6.412551738321781158e-03
2.109734651396494645e-02 6.391623988747596741e-03
2.234744288627345601e-02 6.369091104716062546e-03
2.507424332485794910e-02 6.345248781144618988e-03
2.813376373814843734e-02 6.320190615952014923e-03
2.980079404289146666e-02 6.293988320976495743e-03
3.156660210317394077e-02 6.267211399972438812e-03
3.541831009936834140e-02 6.239764392375946045e-03
3.751697691224030462e-02 6.211922504007816315e-03
3.973999755168087372e-02 6.183735560625791550e-03
4.209474044515430780e-02 6.155452691018581390e-03
4.458901062690079353e-02 6.127291359007358551e-03
4.723107560851439596e-02 6.085506174713373184e-03
5.002969278244905754e-02 6.044277921319007874e-03
5.299413844928447387e-02 6.017374806106090546e-03
5.613423856496557729e-02 5.977940745651721954e-03
5.946040130993042461e-02 5.939710419625043869e-03
6.298365158808034991e-02 5.902840755879878998e-03
6.671566756994258551e-02 5.867529194802045822e-03
7.066881940115131433e-02 5.833641160279512405e-03
7.485621020455059116e-02 5.790620110929012299e-03
7.929171951182441280e-02 5.750101990997791290e-03
8.399004926861272646e-02 5.711791105568408966e-03
8.896677256560206470e-02 5.675597116351127625e-03
9.423838525711460135e-02 5.633027758449316025e-03
9.982236063829114103e-02 5.592640489339828491e-03
1.057372073621006547e-01 5.554441828280687332e-03
1.120025307881485771e-01 5.510514136403799057e-03
1.186390979666303996e-01 5.468319635838270187e-03
1.256689064728265526e-01 5.427405238151550293e-03
1.331152573202978306e-01 5.387499462813138962e-03
1.410028321944588603e-01 5.342090036720037460e-03
1.493577752625286914e-01 5.297643598169088364e-03
1.582077798310258521e-01 5.254227668046951294e-03
1.675821801380424636e-01 5.205729510635137558e-03
1.775120485845529394e-01 5.152873694896697998e-03
1.880302987270396076e-01 5.096092820167541504e-03
1.991717943728151530e-01 5.041378084570169449e-03
2.109734651396494576e-01 4.988573491573333740e-03
2.234744288627345254e-01 4.932360723614692688e-03
2.367161212547185811e-01 4.877813160419464111e-03
2.507424332485795326e-01 4.819962661713361740e-03
2.655998564785756466e-01 4.758866038173437119e-03
2.813376373814844844e-01 4.699391778558492661e-03
2.980079404289146527e-01 4.632602911442518234e-03
3.156660210317393522e-01 4.563422873616218567e-03
3.343704086897624217e-01 4.496132954955101013e-03
3.541831009936834973e-01 4.426549188792705536e-03
3.751697691224031295e-01 4.354898817837238312e-03
3.973999755168087789e-01 4.281406290829181671e-03
4.209474044515429947e-01 4.202612210065126419e-03
4.458901062690079353e-01 4.122439306229352951e-03
4.723107560851440567e-01 4.041017498821020126e-03
5.002969278244905338e-01 3.958395216614007950e-03
5.299413844928447803e-01 3.871441120281815529e-03
5.613423856496559949e-01 3.780841827392578125e-03
5.946040130993045514e-01 3.690234152600169182e-03
6.298365158808036934e-01 3.599548945203423500e-03
6.671566756994258274e-01 3.506065579131245613e-03
7.066881940115131711e-01 3.407634794712066650e-03
7.485621020455061059e-01 3.310380037873983383e-03
7.929171951182445444e-01 3.211836097761988640e-03
8.399004926861274312e-01 3.109880257397890091e-03
8.896677256560207026e-01 3.004971193149685860e-03
9.423838525711459857e-01 2.900291001424193382e-03
9.982236063829117434e-01 2.796280430629849434e-03
1.057372073621007269e+00 2.689105458557605743e-03
1.120025307881486132e+00 2.581683453172445297e-03
1.186390979666303913e+00 2.476350404322147369e-03
1.256689064728265359e+00 2.369858324527740479e-03
1.331152573202978528e+00 2.262450754642486572e-03
1.410028321944589269e+00 2.156761940568685532e-03
1.493577752625287580e+00 2.050411654636263847e-03
1.582077798310258743e+00 1.945554628036916256e-03
1.675821801380424692e+00 1.842574914917349815e-03
1.775120485845530061e+00 1.739801955409348011e-03
1.880302987270397130e+00 1.639461726881563663e-03
1.991717943728152251e+00 1.542357262223958969e-03
2.109734651396494520e+00 1.447910559363663197e-03
2.234744288627345199e+00 1.356534310616552830e-03
2.367161212547186366e+00 1.268234336748719215e-03
2.507424332485796103e+00 1.182595617137849331e-03
2.655998564785756244e+00 1.100361812859773636e-03
2.813376373814844733e+00 1.022725715301930904e-03
2.980079404289146527e+00 9.480308508500456810e-04
3.156660210317395077e+00 8.760068449191749096e-04
3.343704086897625771e+00 8.084987057372927666e-04
3.541831009936835084e+00 7.458031177520751953e-04
3.751697691224030962e+00 6.868756609037518501e-04
3.973999755168088122e+00 6.315083010122179985e-04
4.209474044515432389e+00 5.799059872515499592e-04
4.458901062690081574e+00 5.312241264618933201e-04
4.723107560851440567e+00 4.859532637055963278e-04
5.002969278244906448e+00 4.445741069503128529e-04
5.299413844928447581e+00 4.066643887199461460e-04
5.613423856496559061e+00 3.722771944012492895e-04
5.946040130993045736e+00 3.407147596590220928e-04
6.298365158808036490e+00 3.111150872427970171e-04
6.671566756994257830e+00 2.835771301761269569e-04
7.066881940115131044e+00 2.580347936600446701e-04
7.485621020455061725e+00 2.345342363696545362e-04
7.929171951182445000e+00 2.134272363036870956e-04
8.399004926861275422e+00 1.946606498677283525e-04
8.896677256560204583e+00 1.782285689841955900e-04
9.423838525711458303e+00 1.630128099350258708e-04
9.982236063829116546e+00 1.502892409916967154e-04
1.057372073621007225e+01 1.381065085297450423e-04
1.120025307881486221e+01 1.251720386790111661e-04
1.186390979666303913e+01 1.135117927333340049e-04
1.256689064728265315e+01 1.026577883749268949e-04
1.331152573202978573e+01 9.352600318379700184e-05
1.410028321944589180e+01 8.488644380122423172e-05
1.493577752625287580e+01 7.723464659648016095e-05
1.582077798310258743e+01 7.060552161419764161e-05
1.675821801380424603e+01 6.549703539349138737e-05
1.775120485845529927e+01 6.140981713542714715e-05
1.880302987270396997e+01 5.639667870127595961e-05
1.991717943728151852e+01 5.118549233884550631e-05
2.109734651396494343e+01 4.492695006774738431e-05
2.234744288627345199e+01 4.164003621554002166e-05
2.367161212547186722e+01 3.948174708057194948e-05
2.507424332485795304e+01 3.589439438655972481e-05
2.655998564785754823e+01 3.205510438419878483e-05
2.813376373814845977e+01 2.879387466236948967e-05
2.980079404289147860e+01 2.660591417225077748e-05
3.156660210317395254e+01 2.434651287330780178e-05
3.343704086897623995e+01 2.144980135199148208e-05
3.541831009936832686e+01 1.998834704863838851e-05
3.751697691224032383e+01 1.795412754290737212e-05
3.973999755168090076e+01 1.619145768927410245e-05
4.209474044515432212e+01 1.432912904419936240e-05
4.458901062690079442e+01 1.350197544525144622e-05
4.723107560851438080e+01 1.282506218558410183e-05
5.002969278244908224e+01 1.043648262566421181e-05
5.299413844928449890e+01 9.407187462784349918e-06
5.613423856496559239e+01 8.900210559659171849e-06
5.946040130993041828e+01 7.775479389238171279e-06
6.298365158808033470e+01 6.135139301477465779e-06
6.671566756994261027e+01 4.266163614374818280e-06
7.066881940115133887e+01 3.477561904219328426e-06
7.485621020455062080e+01 2.716926928769680671e-06
7.929171951182439670e+01 1.979574335564393550e-06
8.399004926861269382e+01 1.900797087728278711e-06
8.896677256560211333e+01 2.091005853799288161e-06
9.423838525711464342e+01 1.686323116700805258e-06
9.982236063829115835e+01 1.119508851843420416e-06
1.057372073621006621e+02 1.404514819114410784e-06
1.120025307881485617e+02 4.199012266781210201e-07
1.186390979666304588e+02 -2.776909013846307062e-07
1.256689064728266061e+02 -2.801846221700543538e-07
1.331152573202978715e+02 -4.992500635125907138e-07
1.410028321944589891e+02 -3.687596006329840748e-07
1.493577752625288042e+02 -4.384153555747616338e-07
1.582077798310259311e+02 -1.505805791168768337e-08
1.675821801380425313e+02 -6.072944529478263576e-07
1.775120485845529856e+02 3.943533783967723139e-07
1.880302987270398205e+02 4.914352871310256887e-07
1.991717943728153273e+02 -2.386872210990986787e-07
2.109734651396495622e+02 4.716396801995870192e-07
2.234744288627346407e+02 9.093845392271759920e-07
