4.466992734206994101e+03 1.109561050617685098e-02
8.549750599589606281e+03 9.944944212081209198e-03
1.317990398650955103e+04 9.101071883369324378e-03
1.727374470103090061e+04 8.370013386159743871e-03
2.144696764951188379e+04 7.695904861196753606e-03
2.662841377595198719e+04 7.138370478569761729e-03
2.967119220279766887e+04 6.583679287594494493e-03
3.489952747986773466e+04 6.163045908338302820e-03
3.888743041003591497e+04 5.723791321477950805e-03
4.333102345777424489e+04 5.330347018887938992e-03
4.828237747006356221e+04 5.011415144898690235e-03
5.096634586030550417e+04 4.697690654487546649e-03
5.679017370764601219e+04 4.414628095156823695e-03
5.994708186118874437e+04 4.138111268338116357e-03
6.679712140820475179e+04 3.901106737734992991e-03
7.051030563427016023e+04 3.696226517490913775e-03
7.442990200514103344e+04 3.467850090630022770e-03
7.856738476258117589e+04 3.280850956759191056e-03
8.293486598981560383e+04 3.097672644172587766e-03
8.754513106849015458e+04 2.933643905900882188e-03
9.241167610664830136e+04 2.790679803004093244e-03
9.754874744729026861e+04 2.600277351901852940e-03
1.029713833731735067e+05 2.403237547812756870e-03
1.086954581299404235e+05 2.292660593768091302e-03
1.147377283964473027e+05 2.138229438715383637e-03
1.211158823383315757e+05 1.994282845274935548e-03
1.278485913884171605e+05 1.865132647335540671e-03
1.349555649055399699e+05 1.750104225329557903e-03
1.424576078718023491e+05 1.647588702498534782e-03
1.503766817971588753e+05 1.527815109995999798e-03
1.587359690096266568e+05 1.413439228739327667e-03
1.675599405193233688e+05 1.310720984430075245e-03
1.768744276549978240e+05 1.215811393562773535e-03
1.867066976827630133e+05 1.121007966575465753e-03
1.970855336283976503e+05 1.038063621038417834e-03
2.080413185368885752e+05 9.591605897918390909e-04
2.196061244158756454e+05 8.881479713331481840e-04
2.318138061233724584e+05 8.284644664631376490e-04
2.447001004746104009e+05 7.618283970411474483e-04
2.583027308581307298e+05 6.964484005761026808e-04
2.726615176673810929e+05 6.358751701880023012e-04
2.878184948710905155e+05 5.863331205674326366e-04
3.038180330636741710e+05 5.455599180459649172e-04
3.207069693558850558e+05 5.065950593753651768e-04
3.385347444859558600e+05 4.682279180861887661e-04
3.573535475526094087e+05 4.267039522853153383e-04
3.772184687936297269e+05 3.908616437626907217e-04
3.981876608572416008e+05 3.589418731020066456e-04
4.203225090383995557e+05 3.316436675567220951e-04
4.436878109783407417e+05 3.071724865232380169e-04
4.683519663534539286e+05 2.837807718995702193e-04
4.943871771087597008e+05 2.620709539881931191e-04
5.218696588221670827e+05 2.405335802336241915e-04
5.508798638182551367e+05 2.203774944806428818e-04
5.815027166847223416e+05 2.046497558486860477e-04
6.138278628809574293e+05 1.904649506202655542e-04
6.479499311665083515e+05 1.763519048469838182e-04
6.839688106176835718e+05 1.632780720239343877e-04
7.219899430432245135e+05 1.507408894536039871e-04
7.621246316550710471e+05 1.395116599174947678e-04
8.044903668978163041e+05 1.296692996032100878e-04
8.492111703906987095e+05 1.202906521188437086e-04
8.964179579889731249e+05 1.119468253716708459e-04
9.462489230274988804e+05 1.037152841578719751e-04
9.988499408684488153e+05 9.623442392569756551e-05
1.054374995937416330e+06 8.915462817410621803e-05
1.112986632498025429e+06 8.288709206771074933e-05
1.174856430484644603e+06 7.757919368785749770e-05
1.240165507786158938e+06 7.241892680812679606e-05
1.309105050451186253e+06 6.758586634586615102e-05
1.381876872366865631e+06 6.291301240946955541e-05
1.458694006049619988e+06 5.857938633448512373e-05
1.539781326277380576e+06 5.487883229859987774e-05
1.625376208388885949e+06 5.120157521195121069e-05
1.715729223177189007e+06 4.777648630329072528e-05
1.811104870411568787e+06 4.450134293355288560e-05
1.911782353135194164e+06 4.160828528689385905e-05
2.018056395005205646e+06 3.892576525386386870e-05
2.130238103067901917e+06 3.618351937667427980e-05
2.248655878494727891e+06 3.377768321342372755e-05
2.373656377945146523e+06 3.155575969801815577e-05
2.505605528370704036e+06 2.949708003568139622e-05
2.644889598231019452e+06 2.752641236328659069e-05
2.791916328257584944e+06 2.570647566249387725e-05
2.947116125075582415e+06 2.416989007564079072e-05
3.110943321177920327e+06 2.264048721348884939e-05
3.283877504939957056e+06 2.111722698010493982e-05
3.466424924568376038e+06 1.974022111641509893e-05
3.659119970094188582e+06 1.841600770422292842e-05
3.862526737748187035e+06 1.719759706889733257e-05
4.077240681298465934e+06 1.607185093671404551e-05
4.303890355184113607e+06 1.498431207642521056e-05
4.543139254547935911e+06 1.404368010991837224e-05
4.795687757554740645e+06 1.318975479499937228e-05
5.062275175681113265e+06 1.244460711556343606e-05
5.343681917978733778e+06 1.180633413997357735e-05
5.640731775646885857e+06 1.124584171525242407e-05
5.954294333602042869e+06 1.079705167656259417e-05
6.285287516104156151e+06 1.037269991611521165e-05
6.634680273891731165e+06 1.000914672517485174e-05
7.003495420691994019e+06 9.704945640429629933e-06
7.392812627409833483e+06 9.424358379942655167e-06
7.803771582760618068e+06 9.173317433902358534e-06
8.237575329599398188e+06 8.963979345526946815e-06
8.695493786713281646e+06 8.772717642947668222e-06
9.178867466386660933e+06 8.610830520080527806e-06
9.689111398622121662e+06 8.475169080984582885e-06
1.022771927350480855e+07 8.364280930280281267e-06
1.079626781383664161e+07 8.273431853892344645e-06
1.139642139084080979e+07 8.200227251571570768e-06
1.202993689644860849e+07 8.144938539828897842e-06
1.269866888643177599e+07 8.102342204910926030e-06
1.340457500943626277e+07 8.069286653730283588e-06
1.414972173781062849e+07 8.048738428483541221e-06
1.493629041700522974e+07 8.029115143792316635e-06
1.576658365125144832e+07 8.018084493898839933e-06
1.664303204421432875e+07 8.009235980248082378e-06
1.756820131435126811e+07 8.001803021501934822e-06
1.854479980580628663e+07 7.995891010957827574e-06
1.957568641682725772e+07 7.993666494546940204e-06
2.066387896891584620e+07 7.991691818393106971e-06
2.181256304120998830e+07 7.989470426798097726e-06
2.302510129596072808e+07 7.988750507149830596e-06
2.430504332240286842e+07 7.987375557891541268e-06
2.565613602783641219e+07 7.986891201896281436e-06
2.708233460633755848e+07 7.987475300344229899e-06
2.858781411720949411e+07 7.988807506508905420e-06
3.017698170706724003e+07 7.987374549623077295e-06
3.185448951133592427e+07 7.986669048545394002e-06
3.362524827293024212e+07 7.987345990723308456e-06
3.549444171798251569e+07 7.986517278913970463e-06
3.746754173070284724e+07 7.986241981787732603e-06
3.955032437179438025e+07 7.987562598031033208e-06
4.174888678731604666e+07 7.986832342649095035e-06
4.406966505749183148e+07 7.987419227855614595e-06
4.651945303771704435e+07 7.987546071106432351e-06
4.910542224691747874e+07 7.986701003640503922e-06
5.183514286148183048e+07 7.986883369292056801e-06
5.471660587622573972e+07 7.986683603816102731e-06
5.775824649726128578e+07 7.987517708823571448e-06
6.096896883525240421e+07 7.987484468881195647e-06
6.435817197134329379e+07 7.987893509077081968e-06
6.793577747206540406e+07 7.987849758325589583e-06
7.171225843377010524e+07 7.986902867523573989e-06
7.569867014161193371e+07 7.987371592768176124e-06
7.990668243283373117e+07 7.987434654068190060e-06
8.434861385909381509e+07 7.987198480649360807e-06
8.903746774784234166e+07 7.987572179260206363e-06
9.398697026831300557e+07 7.987536948905324863e-06
9.921161061356462538e+07 7.987260931198919339e-06
1.047266834162016064e+08 7.987231244344549915e-06
1.105483335219413340e+08 7.948810153263625357e-06
1.166936032520987242e+08 7.832230810684338997e-06
1.231804822933444083e+08 7.706929734631768345e-06
1.300279603607838899e+08 7.574898509303228145e-06
1.372560827885242105e+08 7.435225316042033497e-06
1.448860092104623616e+08 7.287654644203561417e-06
1.529400755030821860e+08 7.132224502249237144e-06
1.614418591715852916e+08 6.967891343836840879e-06
1.704162483707726896e+08 6.794701865560712754e-06
1.798895147627263665e+08 6.611736142525555752e-06
1.898893904245758951e+08 6.418608812359165726e-06
2.004451490314894617e+08 6.214737300701011424e-06
2.115876915525453389e+08 5.999490590633662668e-06
