4.670037858489127757e+03 1.187479166715395273e-02
8.938375626843673672e+03 1.116282021050282215e-02
1.377899053135088798e+04 1.064398874724491184e-02
1.805891491471411427e+04 1.020708345356314412e-02
2.242182981539877801e+04 9.831201244812567269e-03
2.783879622031343024e+04 9.484491449719046133e-03
3.101988275747027728e+04 9.166339967864789093e-03
3.648586963804352126e+04 8.893105568721993218e-03
4.065504088321934978e+04 8.630864743857347490e-03
4.530061543312760477e+04 8.382816281180288653e-03
5.047703099143005966e+04 8.156174966331804915e-03
5.328299794486482278e+04 7.943015632322327629e-03
5.937154523981171224e+04 7.739532865784509545e-03
6.267194921851547406e+04 7.559100138854300474e-03
6.983335419948677009e+04 7.387821716376958767e-03
7.371531952673694468e+04 7.232442370819348702e-03
7.781307936901105859e+04 7.074026536130563307e-03
8.213862952451665478e+04 6.934958506044143836e-03
8.670463262571627274e+04 6.803187551496603196e-03
9.152445520796693745e+04 6.676739610351105705e-03
9.661220683876863040e+04 6.556592799075682335e-03
1.019827814221670415e+05 6.394567618754375300e-03
1.076519007992267871e+05 6.239016209748289923e-03
1.136361607722103945e+05 6.149544158352737884e-03
1.199530796871948696e+05 6.019219465599722971e-03
1.266211497173466050e+05 5.895967748179907139e-03
1.336598909969815286e+05 5.783739268108436908e-03
1.410899087648826535e+05 5.678703916936748974e-03
1.489329536841569352e+05 5.581843747097879616e-03
1.572119855152114469e+05 5.457553833040537997e-03
1.659512403282459709e+05 5.348979454226489988e-03
1.751763014520198049e+05 5.250429630906845897e-03
1.849141743665885588e+05 5.161054634553963183e-03
1.951933657592521340e+05 5.059756532850926899e-03
2.060439669751428883e+05 4.968061598058054647e-03
2.174977421067470277e+05 4.884098150068840946e-03
2.295882209802335419e+05 4.810032725940213867e-03
2.423507973107983416e+05 4.744794430334683781e-03
2.558228323143653106e+05 4.672391048287339969e-03
2.700437640789547004e+05 4.596962279307061430e-03
2.850552230158983148e+05 4.531557087439576706e-03
3.009011537288672407e+05 4.473250878314162515e-03
3.176279436574773281e+05 4.422333335925995867e-03
3.352845588720614905e+05 4.375938826550953772e-03
3.539226874171355157e+05 4.329550975312046988e-03
3.735968906231824076e+05 4.283812086278884768e-03
3.943647628297036281e+05 4.239574741480957656e-03
4.162870999871160020e+05 4.200541958483986968e-03
4.394280776310538640e+05 4.167370872557964352e-03
4.638554387500833254e+05 4.137650440575962527e-03
4.896406920967925107e+05 4.109094821107021553e-03
5.168593215227939654e+05 4.082023930511916379e-03
5.455910069504471030e+05 4.056372857178356869e-03
5.759198576281755231e+05 4.032146164976052258e-03
6.079346583522093715e+05 4.011621852626456354e-03
6.417291293755460065e+05 3.992765963238113953e-03
6.774022007649857551e+05 3.974932317805800371e-03
7.150583020093961386e+05 3.959843666426494067e-03
7.548076677270071814e+05 3.945262838145681926e-03
7.967666603666648734e+05 3.931384092896751496e-03
8.410581108477165690e+05 3.919041202466490466e-03
8.878116781357299769e+05 3.907877039044637020e-03
9.371642288066532928e+05 3.898172292663405758e-03
9.892602377105666092e+05 3.888653737978520035e-03
1.044252210907923291e+06 3.879672004188407242e-03
1.102301132116389228e+06 3.871573373660580023e-03
1.163576933975207619e+06 3.864252765054745995e-03
1.228258995506673353e+06 3.857771888778308619e-03
1.296536667230983730e+06 3.851733513858560717e-03
1.368609825471694116e+06 3.846177850625089132e-03
1.444689457474449882e+06 3.840975684858885693e-03
1.524998279051874764e+06 3.836172782700522556e-03
1.609771386562715052e+06 3.831811702899161256e-03
1.699256945133834612e+06 3.827735537076784600e-03
1.793716915139787598e+06 3.823968161788589976e-03
1.893427819066639291e+06 3.820497158428683322e-03
1.998681551004974870e+06 3.817216102555059942e-03
2.109786231141805183e+06 3.814193250059640106e-03
2.227067107752805576e+06 3.811315220100679885e-03
2.350867509335396346e+06 3.808608889261930371e-03
2.481549849669924937e+06 3.806190508846840626e-03
2.619496688751189504e+06 3.803904820348084914e-03
2.765111852696064394e+06 3.801761139948232112e-03
2.918821615905655548e+06 3.799832006654781276e-03
3.081075948942653369e+06 3.798010988281394322e-03
3.252349835776915308e+06 3.796280126042864047e-03
3.433144664255408105e+06 3.794659494995639235e-03
3.623989693866937421e+06 3.793178167672640010e-03
3.825443605098468717e+06 3.791791837395278204e-03
4.038096134918557946e+06 3.790495195472370123e-03
4.262569803175667301e+06 3.789278097041111348e-03
4.499521734965207055e+06 3.788111054986672589e-03
4.749645584300112911e+06 3.787064633592454686e-03
5.013673564716317691e+06 3.786097338901830197e-03
5.292378592757524922e+06 3.785203501261299834e-03
5.586576550614127889e+06 3.784389127512446764e-03
5.897128674539923668e+06 3.783634400568669509e-03
6.224944076038497500e+06 3.782947273871007515e-03
6.570982403199795634e+06 3.782303492466931698e-03
6.936256649977715686e+06 3.781697950935975459e-03
7.321836121632535011e+06 3.781126465162740029e-03
7.728849565019369125e+06 3.780595881920498311e-03
8.158488472886096686e+06 3.780104827993751530e-03
8.612010571853911504e+06 3.779655604200640728e-03
9.090743504291154444e+06 3.779239277744808698e-03
9.596088714858777821e+06 3.778868127410964055e-03
1.012952555310493894e+07 3.778556401339504787e-03
1.069261560411866009e+07 3.778296551463266543e-03
1.128700725992012024e+07 3.778082504120313517e-03
1.191444054496993311e+07 3.777912533093419258e-03
1.257675220992354117e+07 3.777785007226225344e-03
1.327588110854230449e+07 3.777683647809491375e-03
1.401387387350154109e+07 3.777607379941809451e-03
1.479289090771110542e+07 3.777551576244759460e-03
1.561521270868727937e+07 3.777508544534227772e-03
1.648324654449014179e+07 3.777477844419146157e-03
1.739953350076951459e+07 3.777455559360229451e-03
1.836675591954904795e+07 3.777437860380937311e-03
1.938774525152474642e+07 3.777427085891067130e-03
2.046549034486484900e+07 3.777418033393760248e-03
2.160314619477564842e+07 3.777412800612580529e-03
2.280404317944679409e+07 3.777408431593007321e-03
2.407169680941347778e+07 3.777405697775146863e-03
2.540981801887571439e+07 3.777404016291328361e-03
2.682232402910168841e+07 3.777402544148756453e-03
2.831334981571652368e+07 3.777401991737310005e-03
2.988726021344627813e+07 3.777401878218968577e-03
3.154866269375210255e+07 3.777401145615926544e-03
3.330242085276026651e+07 3.777401164320777580e-03
3.515366864897250384e+07 3.777401076753751034e-03
3.710782543243625015e+07 3.777400971129247966e-03
3.917061180937113613e+07 3.777401100792136032e-03
4.134806638869410753e+07 3.777400893358921763e-03
4.364656345946676284e+07 3.777400908278753626e-03
4.607283165101416409e+07 3.777400912732245021e-03
4.863397363034051657e+07 3.777400625755947261e-03
5.133748689450460672e+07 3.777400910145922806e-03
5.419128571882189065e+07 3.777400908381156521e-03
5.720372432514506578e+07 3.777400790125131323e-03
6.038362133804586530e+07 3.777400900352298561e-03
6.374028560049111396e+07 3.777400744572461614e-03
6.728354342458614707e+07 3.777400796629473093e-03
7.102376735715925694e+07 3.777400809341501572e-03
7.497190654439596832e+07 3.777400722277361820e-03
7.913951878441244364e+07 3.777400748372418491e-03
8.353880436159886420e+07 3.777400901707440254e-03
8.818264176177985966e+07 3.777400852492915437e-03
9.308462537274423242e+07 3.777400958134702422e-03
9.825910528050902486e+07 3.777400828835766715e-03
1.037212292778175324e+08 3.777400790368411112e-03
1.094869872078470886e+08 3.777400904476488266e-03
1.155732577729386091e+08 3.777400011472537098e-03
1.219978579453758895e+08 3.777397450863982480e-03
1.287795951248600036e+08 3.777394609230497104e-03
1.359383221953649223e+08 3.777391779911594243e-03
1.434949956425479650e+08 3.777388655355793518e-03
1.514717369018469751e+08 3.777385452577823599e-03
1.598918971168585718e+08 3.777382074758415306e-03
1.687801254975663722e+08 3.777378427250647260e-03
1.781624414785349965e+08 3.777374634561228659e-03
1.880663108883047700e+08 3.777370718805273496e-03
1.985207263529656231e+08 3.777366376066562757e-03
2.095562921692843139e+08 3.777361952637657474e-03
2.212053138958427608e+08 3.777357172155672380e-03
