2.374039742091349145e-02 6.594847422093153000e-03
4.736832031633308321e-02 6.065515801310539246e-03
6.846805405866014660e-02 5.631912499666213989e-03
9.451222445055411370e-02 5.295536015182733536e-03
1.136286860934795223e-01 5.004384089261293411e-03
1.366117280424966329e-01 4.737148992717266083e-03
1.642434219771199688e-01 4.491196479648351669e-03
1.885766797500710024e-01 4.264877643436193466e-03
2.067702176470289366e-01 4.055471625179052353e-03
2.374039742091349214e-01 3.860272467136383057e-03
2.603082813980555077e-01 3.677624277770519257e-03
2.725762327459708700e-01 3.506898414343595505e-03
2.988738959928071148e-01 3.346549347043037415e-03
3.277087103524789491e-01 3.195718163624405861e-03
3.431531460550240054e-01 3.053808817639946938e-03
3.762599425872716896e-01 2.920113969594240189e-03
3.939925273711246678e-01 2.794089261442422867e-03
4.125608231290300298e-01 2.675166586413979530e-03
4.320042157057852328e-01 2.562839072197675705e-03
4.736832031633308460e-01 2.456566551700234413e-03
4.960072047645178728e-01 2.355956006795167923e-03
5.193833041478548296e-01 2.260884502902626991e-03
5.438610851542219349e-01 2.170660765841603279e-03
5.694924684389270908e-01 2.044508699327707291e-03
5.963318216023762997e-01 1.926816417835652828e-03
6.244360745110443256e-01 1.853556372225284576e-03
6.538648400533531024e-01 1.784027670510113239e-03
6.846805405866013272e-01 1.686829840764403343e-03
7.169485403431529180e-01 1.596081652678549290e-03
7.507372840767374544e-01 1.512536429800093174e-03
7.861184422429497998e-01 1.434138859622180462e-03
8.231670630218950180e-01 1.361840404570102692e-03
8.619617315054403095e-01 1.272887806408107281e-03
9.025847363867310902e-01 1.211187802255153656e-03
9.451222445055416088e-01 1.154260477051138878e-03
9.896644836196951678e-01 1.083736540749669075e-03
1.036305933790234501e+00 1.019027782604098320e-03
1.085145527786299802e+00 9.597452008165419102e-04
1.136286860934794696e+00 8.924563298933207989e-04
1.189838410859966222e+00 8.312983554787933826e-04
1.245913767578986198e+00 7.869622786529362202e-04
1.304631874441609662e+00 7.363178301602602005e-04
1.366117280424966163e+00 6.814245134592056274e-04
1.430500404318638674e+00 6.325530703179538250e-04
1.497917811360400808e+00 5.886543658562004566e-04
1.568512502909397810e+00 5.489360773935914040e-04
1.642434219771200077e+00 5.132666556164622307e-04
1.719839759818128755e+00 4.811291582882404327e-04
1.800893310578565165e+00 4.475874011404812336e-04
1.885766797500710190e+00 4.136279458180069923e-04
1.974640248629512929e+00 3.836172982119023800e-04
2.067702176470289199e+00 3.567855164874345064e-04
2.165149977849019081e+00 3.326378355268388987e-04
2.267190352617480364e+00 3.110240504611283541e-04
2.374039742091349048e+00 2.893194614443928003e-04
2.485924788151246734e+00 2.681965415831655264e-04
2.603082813980555077e+00 2.495689841452986002e-04
2.725762327459708700e+00 2.307846298208460212e-04
2.854223548284725354e+00 2.142742305295541883e-04
2.988738959928070926e+00 1.997404033318161964e-04
3.129593887612636571e+00 1.845485239755362272e-04
3.277087103524790379e+00 1.713808305794373155e-04
3.431531460550241608e+00 1.600365067133679986e-04
3.593254555876957745e+00 1.483240921515971422e-04
3.762599425872718673e+00 1.384381612297147512e-04
3.939925273711248010e+00 1.281402073800563812e-04
4.125608231290302186e+00 1.185601868201047182e-04
4.320042157057854659e+00 1.101974266930483282e-04
4.523639471438666959e+00 1.023406948661431670e-04
4.736832031633308127e+00 9.595123992767184973e-05
4.960072047645175175e+00 8.918879757402464747e-05
5.193833041478544743e+00 8.221351163228973746e-05
5.438610851542216906e+00 7.600424578413367271e-05
5.694924684389268243e+00 7.063097291393205523e-05
5.963318216023761664e+00 6.492754619102925062e-05
6.244360745110442146e+00 6.018069689162075520e-05
6.538648400533531024e+00 5.632798638544045389e-05
6.846805405866013494e+00 5.312897701514884830e-05
7.169485403431528958e+00 4.892312426818534732e-05
7.507372840767374989e+00 4.502762385527603328e-05
7.861184422429498220e+00 4.216860907035879791e-05
8.231670630218948403e+00 3.911586827598512173e-05
8.619617315054401985e+00 3.668739373097196221e-05
9.025847363867310236e+00 3.368002580828033388e-05
9.451222445055416088e+00 3.088611993007361889e-05
9.896644836196950124e+00 2.908355600084178150e-05
1.036305933790234590e+01 2.674245115485973656e-05
1.085145527786299979e+01 2.506991222617216408e-05
1.136286860934795584e+01 2.379563920840155333e-05
1.189838410859966977e+01 2.178073191316798329e-05
1.245913767578986686e+01 1.982307367143221200e-05
1.304631874441610329e+01 1.772727409843355417e-05
1.366117280424967007e+01 1.674237864790484309e-05
1.430500404318639163e+01 1.578396950208116323e-05
1.497917811360400897e+01 1.448312923457706347e-05
1.568512502909397099e+01 1.262247405975358561e-05
1.642434219771199366e+01 1.151644755736924708e-05
1.719839759818128044e+01 1.117939700634451583e-05
1.800893310578564055e+01 1.010646155918948352e-05
1.885766797500709657e+01 9.109427082876209170e-06
1.974640248629512840e+01 7.745749826426617801e-06
2.067702176470289288e+01 6.965533884795149788e-06
2.165149977849018725e+01 5.898972176510142162e-06
2.267190352617480542e+01 6.041937012923881412e-06
2.374039742091349581e+01 5.231158866081386805e-06
2.485924788151246645e+01 3.983661372330971062e-06
2.603082813980554988e+01 3.542099875630810857e-06
2.725762327459708345e+01 2.937182443929486908e-06
2.854223548284724998e+01 2.484871629349072464e-06
2.988738959928070926e+01 1.787515429896302521e-06
3.129593887612636749e+01 1.481589379181968980e-06
3.277087103524790734e+01 1.004716636998637114e-06
3.431531460550241519e+01 1.074253646038414445e-06
3.593254555876957568e+01 6.882978027533681598e-07
3.762599425872718228e+01 7.919224458419193979e-07
3.939925273711248366e+01 8.784685974205785897e-07
4.125608231290302541e+01 5.918658985137881245e-07
4.320042157057854126e+01 4.274779143997875508e-07
4.523639471438667670e+01 2.262409566355927382e-07
4.736832031633310436e+01 1.285174420218027080e-07
4.960072047645179083e+01 1.029848249345377553e-06
5.193833041478545454e+01 6.216110364221094642e-07
5.438610851542216551e+01 3.229249401215383841e-08
5.694924684389268066e+01 5.800260396426892839e-07
5.963318216023762375e+01 2.965655880871054251e-07
6.244360745110442679e+01 1.389898756087859510e-07
6.538648400533530491e+01 4.286528678676404525e-07
6.846805405866012961e+01 1.147010664226399967e-07
7.169485403431528425e+01 1.646615288564134971e-07
7.507372840767374100e+01 2.750679755081364419e-07
7.861184422429498397e+01 -5.899472199644151260e-08
8.231670630218950180e+01 3.676863968848920194e-07
8.619617315054402695e+01 2.467762953983765328e-07
9.025847363867310946e+01 1.619585674461632152e-07
9.451222445055417154e+01 2.470243032348662382e-08
9.896644836196954031e+01 3.892469919719587779e-07
1.036305933790234661e+02 -3.044674485863652080e-07
1.085145527786299908e+02 -4.325502231949940324e-07
1.136286860934795442e+02 -3.840456770376476925e-07
1.189838410859966729e+02 -1.285047943611061783e-07
1.245913767578986722e+02 7.552539926791723701e-08
1.304631874441610364e+02 6.023738023941405118e-07
1.366117280424967078e+02 -1.347670490758900996e-07
1.430500404318639198e+02 2.469901971835497534e-07
1.497917811360401572e+02 -3.722419137375254650e-07
1.568512502909396744e+02 -5.257962243376823608e-07
1.642434219771199082e+02 -1.597325791635739733e-07
1.719839759818127902e+02 -2.750063003986724652e-07
1.800893310578564126e+02 -1.270893790206173435e-07
1.885766797500709799e+02 2.405419081696891226e-07
1.974640248629512769e+02 -1.271949940928607248e-07
2.067702176470289146e+02 2.194714596726043965e-07
2.165149977849018796e+02 1.872142547654220834e-07
2.267190352617481608e+02 1.216769192069477867e-06
