2.374039742091349145e-02 6.595380604267120361e-03
4.736832031633308321e-02 6.066241767257452011e-03
6.846805405866014660e-02 5.632711574435234070e-03
9.451222445055411370e-02 5.296325776726007462e-03
1.136286860934795223e-01 5.004755686968564987e-03
1.366117280424966329e-01 4.737250972539186478e-03
1.642434219771199688e-01 4.490853287279605865e-03
1.885766797500710024e-01 4.263993818312883377e-03
2.067702176470289366e-01 4.054286982864141464e-03
2.374039742091349214e-01 3.858676878735423088e-03
2.603082813980555077e-01 3.675743239000439644e-03
2.725762327459708700e-01 3.504232969135046005e-03
2.988738959928071148e-01 3.343344898894429207e-03
3.277087103524789491e-01 3.192109987139701843e-03
3.431531460550240054e-01 3.049898426979780197e-03
3.762599425872716896e-01 2.915940247476100922e-03
3.939925273711246678e-01 2.789705293253064156e-03
4.125608231290300298e-01 2.670567017048597336e-03
4.320042157057852328e-01 2.558048814535140991e-03
4.736832031633308460e-01 2.451710868626832962e-03
4.960072047645178728e-01 2.351114526391029358e-03
5.193833041478548296e-01 2.255956176668405533e-03
5.438610851542219349e-01 2.165834885090589523e-03
5.694924684389270908e-01 2.039950340986251831e-03
5.963318216023762997e-01 1.922604860737919807e-03
6.244360745110443256e-01 1.849858672358095646e-03
6.538648400533531024e-01 1.780722173862159252e-03
6.846805405866013272e-01 1.683725859038531780e-03
7.169485403431529180e-01 1.592817716300487518e-03
7.507372840767374544e-01 1.509166788309812546e-03
7.861184422429497998e-01 1.430685981176793575e-03
8.231670630218950180e-01 1.358314650133252144e-03
8.619617315054403095e-01 1.269540516659617424e-03
9.025847363867310902e-01 1.208086847327649593e-03
9.451222445055416088e-01 1.151343574747443199e-03
9.896644836196951678e-01 1.081159105524420738e-03
1.036305933790234501e+00 1.016807043924927711e-03
1.085145527786299802e+00 9.575479198247194290e-04
1.136286860934794696e+00 8.904789574444293976e-04
1.189838410859966222e+00 8.294940926134586334e-04
1.245913767578986198e+00 7.853168062865734100e-04
1.304631874441609662e+00 7.350459345616400242e-04
1.366117280424966163e+00 6.806392339058220387e-04
1.430500404318638674e+00 6.323599372990429401e-04
1.497917811360400808e+00 5.887623410671949387e-04
1.568512502909397810e+00 5.492097698152065277e-04
1.642434219771200077e+00 5.134456441737711430e-04
1.719839759818128755e+00 4.812674596905708313e-04
1.800893310578565165e+00 4.474687157198786736e-04
1.885766797500710190e+00 4.134624614380300045e-04
1.974640248629512929e+00 3.831411595456302166e-04
2.067702176470289199e+00 3.564924118109047413e-04
2.165149977849019081e+00 3.332545747980475426e-04
2.267190352617480364e+00 3.127229865640401840e-04
2.374039742091349048e+00 2.914923825301229954e-04
2.485924788151246734e+00 2.702886122278869152e-04
2.603082813980555077e+00 2.513590443413704634e-04
2.725762327459708700e+00 2.331882133148610592e-04
2.854223548284725354e+00 2.169716608477756381e-04
2.988738959928070926e+00 2.021974505623802543e-04
3.129593887612636571e+00 1.866826933110132813e-04
3.277087103524790379e+00 1.730030053295195103e-04
3.431531460550241608e+00 1.611507759662345052e-04
3.593254555876957745e+00 1.494551688665524125e-04
3.762599425872718673e+00 1.390303805237635970e-04
3.939925273711248010e+00 1.294378744205459952e-04
4.125608231290302186e+00 1.204886139021255076e-04
4.320042157057854659e+00 1.117526189773343503e-04
4.523639471438666959e+00 1.035514942486770451e-04
4.736832031633308127e+00 9.612741996534168720e-05
4.960072047645175175e+00 8.871983300196006894e-05
5.193833041478544743e+00 8.182705641956999898e-05
5.438610851542216906e+00 7.566092972410842776e-05
5.694924684389268243e+00 7.066535181365907192e-05
5.963318216023761664e+00 6.561794725712388754e-05
6.244360745110442146e+00 6.111530819907784462e-05
6.538648400533531024e+00 5.727371899411082268e-05
6.846805405866013494e+00 5.363247692002914846e-05
7.169485403431528958e+00 4.975688716513104737e-05
7.507372840767374989e+00 4.601966429618187249e-05
7.861184422429498220e+00 4.318804349168203771e-05
8.231670630218948403e+00 4.024095687782391906e-05
8.619617315054401985e+00 3.777515667024999857e-05
9.025847363867310236e+00 3.521244434523396194e-05
9.451222445055416088e+00 3.227892739232629538e-05
9.896644836196950124e+00 2.941738966910634190e-05
1.036305933790234590e+01 2.713226240302901715e-05
1.085145527786299979e+01 2.541473440942354500e-05
1.136286860934795584e+01 2.427625076961703598e-05
1.189838410859966977e+01 2.178586692025419325e-05
1.245913767578986686e+01 1.984131085919216275e-05
1.304631874441610329e+01 1.836357478168793023e-05
1.366117280424967007e+01 1.714257632556837052e-05
1.430500404318639163e+01 1.588600025570485741e-05
1.497917811360400897e+01 1.452874857932329178e-05
1.568512502909397099e+01 1.294060439249733463e-05
1.642434219771199366e+01 1.202019029733492061e-05
1.719839759818128044e+01 1.093701212084852159e-05
1.800893310578564055e+01 1.005979356705211103e-05
1.885766797500709657e+01 8.571366379328537732e-06
1.974640248629512840e+01 7.799319064361043274e-06
2.067702176470289288e+01 7.001852736721048132e-06
2.165149977849018725e+01 6.270372523431433365e-06
2.267190352617480542e+01 5.859634711669059470e-06
2.374039742091349581e+01 5.120858531881822273e-06
2.485924788151246645e+01 4.172338321950519457e-06
2.603082813980554988e+01 3.868150542984949425e-06
2.725762327459708345e+01 3.312901526442146860e-06
2.854223548284724998e+01 3.288632569820038043e-06
2.988738959928070926e+01 3.139386080874828622e-06
3.129593887612636749e+01 2.410485876680468209e-06
3.277087103524790734e+01 2.305199586771777831e-06
3.431531460550241519e+01 2.015022118939668871e-06
3.593254555876957568e+01 1.125533117374288850e-06
3.762599425872718228e+01 9.510837912785063963e-07
3.939925273711248366e+01 7.436648274961044081e-07
4.125608231290302541e+01 5.093282311463553924e-07
4.320042157057854126e+01 4.180987787094636587e-07
4.523639471438667670e+01 2.439297190903744195e-07
4.736832031633310436e+01 3.423600603014165245e-08
4.960072047645179083e+01 -1.147143606772260682e-07
5.193833041478545454e+01 -5.449381887956405990e-07
5.438610851542216551e+01 -2.604741666800691746e-07
5.694924684389268066e+01 7.656973366465535946e-08
5.963318216023762375e+01 -5.740086521655030083e-07
6.244360745110442679e+01 1.609445376971052610e-07
6.538648400533530491e+01 7.622116982020088471e-08
6.846805405866012961e+01 -3.893455300385539886e-07
7.169485403431528425e+01 -2.999535979597567348e-07
7.507372840767374100e+01 -2.861252710317785386e-07
7.861184422429498397e+01 1.310562538492376916e-07
8.231670630218950180e+01 1.901480040089609247e-08
8.619617315054402695e+01 2.470273159360658610e-07
9.025847363867310946e+01 1.034461973858924466e-07
9.451222445055417154e+01 1.960216451379892533e-07
9.896644836196954031e+01 2.365046896102285245e-07
1.036305933790234661e+02 4.589973912061395822e-08
1.085145527786299908e+02 -4.269878957074979553e-07
1.136286860934795442e+02 2.415051980619864480e-08
1.189838410859966729e+02 -3.243319213197537465e-07
1.245913767578986722e+02 -1.326279885915937484e-07
1.304631874441610364e+02 -3.358433673383842688e-07
1.366117280424967078e+02 7.752794317639200017e-08
1.430500404318639198e+02 -8.622107827704894589e-08
1.497917811360401572e+02 -1.283171400245919358e-07
1.568512502909396744e+02 4.386280352264293469e-07
1.642434219771199082e+02 4.009346099564936594e-08
1.719839759818127902e+02 -8.769528392349457135e-08
1.800893310578564126e+02 1.292928999419018510e-07
1.885766797500709799e+02 -7.473243499589443672e-07
1.974640248629512769e+02 -3.674706192668963922e-07
2.067702176470289146e+02 -6.365483500303525943e-07
2.165149977849018796e+02 3.638437533481919672e-07
2.267190352617481608e+02 -2.591085035419382621e-07
