2.374039742091349145e-02 6.370624527335166931e-03
4.736832031633308321e-02 6.100736092776060104e-03
6.846805405866014660e-02 5.846079438924789429e-03
9.451222445055411370e-02 5.651274230331182480e-03
1.136286860934795223e-01 5.497812293469905853e-03
1.366117280424966329e-01 5.363162141293287277e-03
1.642434219771199688e-01 5.237640812993049622e-03
1.885766797500710024e-01 5.120298359543085098e-03
2.067702176470289366e-01 5.011301953345537186e-03
2.374039742091349214e-01 4.909204319119453430e-03
2.603082813980555077e-01 4.812403116375207901e-03
2.725762327459708700e-01 4.719621967524290085e-03
2.988738959928071148e-01 4.630438052117824554e-03
3.277087103524789491e-01 4.544349387288093567e-03
3.431531460550240054e-01 4.461091011762619019e-03
3.762599425872716896e-01 4.380451515316963196e-03
3.939925273711246678e-01 4.302046261727809906e-03
4.125608231290300298e-01 4.225970245897769928e-03
4.320042157057852328e-01 4.152122884988784790e-03
4.736832031633308460e-01 4.080179147422313690e-03
4.960072047645178728e-01 4.010087344795465469e-03
5.193833041478548296e-01 3.941512666642665863e-03
5.438610851542219349e-01 3.874353133141994476e-03
5.694924684389270908e-01 3.776654601097106934e-03
5.963318216023762997e-01 3.681936301290988922e-03
6.244360745110443256e-01 3.620764473453164101e-03
6.538648400533531024e-01 3.561062738299369812e-03
6.846805405866013272e-01 3.474096767604351044e-03
7.169485403431529180e-01 3.389820922166109085e-03
7.507372840767374544e-01 3.308806568384170532e-03
7.861184422429497998e-01 3.230113070458173752e-03
8.231670630218950180e-01 3.154147882014513016e-03
8.619617315054403095e-01 3.056105691939592361e-03
9.025847363867310902e-01 2.985099796205759048e-03
9.451222445055416088e-01 2.916506025940179825e-03
9.896644836196951678e-01 2.828024327754974365e-03
1.036305933790234501e+00 2.743054879829287529e-03
1.085145527786299802e+00 2.661386039108037949e-03
1.136286860934794696e+00 2.564294729381799698e-03
1.189838410859966222e+00 2.471634186804294586e-03
1.245913767578986198e+00 2.400436205789446831e-03
1.304631874441609662e+00 2.315294230356812477e-03
1.366117280424966163e+00 2.218460664153099060e-03
1.430500404318638674e+00 2.126728650182485580e-03
1.497917811360400808e+00 2.039814367890357971e-03
1.568512502909397810e+00 1.957223517820239067e-03
1.642434219771200077e+00 1.878965646028518677e-03
1.719839759818128755e+00 1.804652973078191280e-03
1.800893310578565165e+00 1.722774351947009563e-03
1.885766797500710190e+00 1.634880201891064644e-03
1.974640248629512929e+00 1.553289126604795456e-03
2.067702176470289199e+00 1.477537676692008972e-03
2.165149977849019081e+00 1.406608615070581436e-03
2.267190352617480364e+00 1.339933136478066444e-03
2.374039742091349048e+00 1.270168344490230083e-03
2.485924788151246734e+00 1.198344049043953419e-03
2.603082813980555077e+00 1.131486613303422928e-03
2.725762327459708700e+00 1.064189942553639412e-03
2.854223548284725354e+00 1.002249540761113167e-03
2.988738959928070926e+00 9.454896789975464344e-04
3.129593887612636571e+00 8.844559779390692711e-04
3.277087103524790379e+00 8.287534583359956741e-04
3.431531460550241608e+00 7.783666369505226612e-04
3.593254555876957745e+00 7.290256326086819172e-04
3.762599425872718673e+00 6.843068986199796200e-04
3.939925273711248010e+00 6.405315361917018890e-04
4.125608231290302186e+00 5.979145644232630730e-04
4.320042157057854659e+00 5.572522059082984924e-04
4.523639471438666959e+00 5.189162911847233772e-04
4.736832031633308127e+00 4.844457143917679787e-04
4.960072047645175175e+00 4.513885360211133957e-04
5.193833041478544743e+00 4.190987965557724237e-04
5.438610851542216906e+00 3.907481732312589884e-04
5.694924684389268243e+00 3.638282942119985819e-04
5.963318216023761664e+00 3.370392078068107367e-04
6.244360745110442146e+00 3.131718549411743879e-04
6.538648400533531024e+00 2.912465715780854225e-04
6.846805405866013494e+00 2.711245033424347639e-04
7.169485403431528958e+00 2.519489498808979988e-04
7.507372840767374989e+00 2.331303985556587577e-04
7.861184422429498220e+00 2.175921254092827439e-04
8.231670630218948403e+00 2.031809272011741996e-04
8.619617315054401985e+00 1.893156440928578377e-04
9.025847363867310236e+00 1.767599605955183506e-04
9.451222445055416088e+00 1.651387283345684409e-04
9.896644836196950124e+00 1.535714400233700871e-04
1.036305933790234590e+01 1.418033789377659559e-04
1.085145527786299979e+01 1.313014945480972528e-04
1.136286860934795584e+01 1.223513099830597639e-04
1.189838410859966977e+01 1.142784458352252841e-04
1.245913767578986686e+01 1.059471687767654657e-04
1.304631874441610329e+01 9.808482718653976917e-05
1.366117280424967007e+01 9.139667236013337970e-05
1.430500404318639163e+01 8.545233140466734767e-05
1.497917811360400897e+01 7.932339940452948213e-05
1.568512502909397099e+01 7.353072578553110361e-05
1.642434219771199366e+01 6.762976408936083317e-05
1.719839759818128044e+01 6.231902807485312223e-05
1.800893310578564055e+01 5.816729753860272467e-05
1.885766797500709657e+01 5.522109131561592221e-05
1.974640248629512840e+01 5.244680505711585283e-05
2.067702176470289288e+01 4.856062150793150067e-05
2.165149977849018725e+01 4.420652476255781949e-05
2.267190352617480542e+01 4.064617314725182950e-05
2.374039742091349581e+01 3.818621553364209831e-05
2.485924788151246645e+01 3.623465090640820563e-05
2.603082813980554988e+01 3.400642526685260236e-05
2.725762327459708345e+01 3.132711935904808342e-05
2.854223548284724998e+01 2.885750836867373437e-05
2.988738959928070926e+01 2.672236223588697612e-05
3.129593887612636749e+01 2.498477078916039318e-05
3.277087103524790734e+01 2.378112185397185385e-05
3.431531460550241519e+01 2.103215228999033570e-05
3.593254555876957568e+01 1.914140921144280583e-05
3.762599425872718228e+01 1.873754990810994059e-05
3.939925273711248366e+01 1.751661693560890853e-05
4.125608231290302541e+01 1.700059328868519515e-05
4.320042157057854126e+01 1.711750155664049089e-05
4.523639471438667670e+01 1.544550286780577153e-05
4.736832031633310436e+01 1.232120030181249604e-05
4.960072047645179083e+01 1.014837016555247828e-05
5.193833041478545454e+01 9.156089618045371026e-06
5.438610851542216551e+01 8.233615517383441329e-06
5.694924684389268066e+01 7.142089998524170369e-06
5.963318216023762375e+01 7.408264991681789979e-06
6.244360745110442679e+01 6.726885203534038737e-06
6.538648400533530491e+01 4.773287855641683564e-06
6.846805405866012961e+01 4.614940280589507893e-06
7.169485403431528425e+01 4.108786924916785210e-06
7.507372840767374100e+01 3.020281155841075815e-06
7.861184422429498397e+01 2.425550974294310436e-06
8.231670630218950180e+01 2.520307134545873851e-06
8.619617315054402695e+01 1.919753913171007298e-06
9.025847363867310946e+01 1.603966438779025339e-06
9.451222445055417154e+01 1.314194832957582548e-06
9.896644836196954031e+01 -8.776137860877497587e-08
1.036305933790234661e+02 -3.665509495931473793e-07
1.085145527786299908e+02 9.893495871438062750e-07
1.136286860934795442e+02 -2.276238717513479060e-07
1.189838410859966729e+02 -5.917050316384120379e-07
1.245913767578986722e+02 3.049486565487313783e-07
1.304631874441610364e+02 6.434582928704912774e-07
1.366117280424967078e+02 9.736298807183629833e-07
1.430500404318639198e+02 -3.189408630532852840e-07
1.497917811360401572e+02 -4.673520095366257010e-07
1.568512502909396744e+02 1.345123678220261354e-06
1.642434219771199082e+02 6.000953476359427441e-07
1.719839759818127902e+02 -4.405036406751605682e-07
1.800893310578564126e+02 3.269562398600101005e-07
1.885766797500709799e+02 -3.115498259376181522e-07
1.974640248629512769e+02 -2.594568968561361544e-06
2.067702176470289146e+02 -6.070374070077377837e-07
2.165149977849018796e+02 1.797013737814268097e-06
2.267190352617481608e+02 -1.982283265533624217e-06
