4.402668768255080977e+03 1.130783881999739872e-02
8.702291228692711229e+03 1.009024776463300632e-02
1.276695311178296106e+04 9.216481629166833542e-03
1.720090168377494410e+04 8.526640939270134154e-03
2.128263827136110558e+04 7.850286472706743263e-03
2.633296208052036673e+04 7.264455654251565642e-03
2.992156217165216367e+04 6.753710169147397052e-03
3.399920905420426425e+04 6.289353770862448657e-03
3.863254898524766031e+04 5.859171543663356345e-03
4.389731063208368141e+04 5.473475464329001679e-03
4.779996890100366727e+04 5.114846168210969608e-03
5.204959014657664375e+04 4.799859463125420896e-03
5.667702085826511029e+04 4.497099724126863568e-03
5.914279763961255958e+04 4.239011272721919694e-03
6.440084477124233672e+04 3.974107407969355507e-03
7.012635473421998904e+04 3.765436837865422052e-03
7.317725498701544711e+04 3.572211426859513931e-03
7.636088696938366047e+04 3.383312418473115400e-03
8.314969572923782107e+04 3.209585998730789518e-03
8.676718631008510420e+04 3.050183143042667702e-03
9.054205856247972406e+04 2.893214143794390746e-03
9.448115949541462760e+04 2.745706186372377702e-03
9.859163400220239419e+04 2.615153969404808432e-03
1.028809378201585205e+05 2.501536040811195953e-03
1.073568510541054857e+05 2.382008356658341010e-03
1.120274922882271785e+05 2.274816176726224184e-03
1.169013333118703304e+05 2.170509833614387308e-03
1.219872144860027474e+05 2.082121670971286923e-03
1.272943607782017789e+05 1.954309636163889356e-03
1.328323984952562314e+05 1.838899440522893296e-03
1.386113727437329653e+05 1.762559076225698844e-03
1.446417656501793244e+05 1.671826902756640447e-03
1.509345153740085370e+05 1.580076543516478272e-03
1.575010359475556761e+05 1.496953247076376588e-03
1.643532379792899883e+05 1.421359885242283417e-03
1.715035502577361767e+05 1.355878240308658854e-03
1.789649422952906461e+05 1.264451588513840511e-03
1.867509478528242907e+05 1.184353261095206188e-03
1.948756894877398154e+05 1.111998025307002480e-03
2.033539041700111702e+05 1.053795219146827587e-03
2.122009700126690441e+05 9.951506687324094928e-04
2.214329341652157309e+05 9.466565697966637747e-04
2.310665419205641083e+05 9.011819092741966573e-04
2.411192670882964449e+05 8.425992983969043818e-04
2.516093436893345497e+05 7.939717743414419649e-04
2.625557990295107011e+05 7.499596146703919712e-04
2.739784882120293914e+05 7.089108158219768014e-04
2.858981301514200168e+05 6.735726474600816369e-04
2.983363451543037081e+05 6.347813541440972462e-04
3.113156941351395799e+05 6.002679475466404660e-04
3.248597195380828343e+05 5.680017599773724271e-04
3.389929880391783081e+05 5.350356508083090479e-04
3.537411351063454640e+05 5.054498886964991404e-04
3.691309114979797741e+05 4.778876222738676072e-04
3.851902317845114740e+05 4.503769874248365565e-04
4.019482249809301575e+05 4.263973391809212682e-04
4.194352873821160174e+05 4.038951403403113474e-04
4.376831376968135592e+05 3.844490839812010944e-04
4.567248745802495396e+05 3.654415058664579755e-04
4.765950366697513382e+05 3.469450935013342042e-04
4.973296652322599548e+05 3.314640285893495392e-04
5.189663695373723749e+05 3.151513815766906058e-04
5.415443950744859176e+05 2.999321517038418044e-04
5.651046947377803735e+05 2.872609849349305549e-04
5.896900031081594061e+05 2.752806271142908151e-04
6.153449139668828575e+05 2.635493668971820901e-04
6.421159611814880045e+05 2.505556046241745279e-04
6.700517031107150251e+05 2.396850561994761503e-04
6.992028106815317878e+05 2.303886358790716645e-04
7.296221592980173882e+05 2.216898310764305047e-04
7.613649247488108231e+05 2.128418178301989794e-04
7.944886832870859653e+05 2.044107524247893066e-04
8.290535160645822762e+05 1.971338472478434140e-04
8.651221181091159815e+05 1.896191050395541235e-04
9.027599120432425989e+05 1.828394527331984399e-04
9.420351667503338540e+05 1.766033191364159189e-04
9.830191212033140473e+05 1.714649163740963661e-04
1.025786113680658164e+06 1.658054318821137194e-04
1.070413716604031390e+06 1.607717706434304815e-04
1.116982877242140938e+06 1.558022067346346163e-04
1.165578064536016202e+06 1.512936895187804408e-04
1.216287422312036389e+06 1.470421107393631336e-04
1.269202929160604253e+06 1.427732257686635672e-04
1.324420565270459978e+06 1.391472921373171595e-04
1.382040486521255691e+06 1.356167861740525862e-04
1.442167206150155980e+06 1.321295781054952323e-04
1.504909784321977990e+06 1.289758451251244548e-04
1.570382025946733309e+06 1.260220723548375558e-04
1.638702687103363918e+06 1.232089921796676655e-04
1.709995690444097621e+06 1.205204881677309750e-04
1.784390349970143754e+06 1.179448683579508876e-04
1.862021605586416787e+06 1.154404190163138669e-04
1.943030267860745313e+06 1.134186116922751645e-04
2.027563273431514623e+06 1.111175532820843462e-04
2.115773951527012512e+06 1.091588337423572182e-04
2.207822302079902031e+06 1.072803009292609374e-04
2.303875285941275768e+06 1.054372826618831850e-04
2.404107127720690332e+06 1.037706499657221849e-04
2.508699631801488344e+06 1.020970195948316524e-04
2.617842512104606722e+06 1.005544020080009169e-04
2.731733736199009698e+06 9.910759769444146415e-05
2.850579884382903110e+06 9.769917197174577750e-05
2.974596524387058336e+06 9.638355685179148642e-05
3.104008602379877120e+06 9.517936435971890107e-05
3.239050850983437151e+06 9.398357104119426817e-05
3.379968215040580370e+06 9.288699090364604721e-05
3.527016295905329287e+06 9.180370794518207932e-05
3.680461815062484704e+06 9.071799814468290628e-05
3.840583097917342093e+06 8.978578898470518713e-05
4.007670578633065801e+06 8.884956974651292405e-05
4.182027326931377407e+06 8.799379569457870312e-05
4.363969597812118940e+06 8.720101611618094779e-05
4.553827405188770033e+06 8.647285097544986409e-05
4.751945120480441488e+06 8.582331053552231289e-05
4.958682097246030346e+06 8.521732140312562474e-05
5.174413322993571870e+06 8.467018313259333279e-05
5.399530099347066134e+06 8.418703752713631804e-05
5.634440751804464497e+06 8.375513038089215875e-05
5.879571370374217629e+06 8.339324690220619222e-05
6.135366582433775999e+06 8.304738468624832989e-05
6.402290359211891890e+06 8.273024640586080570e-05
6.680826857357543893e+06 8.247553947561314701e-05
6.971481297121950425e+06 8.223323955194212240e-05
7.274780878746563569e+06 8.200758033687240546e-05
7.591275738719213754e+06 8.180326102568938774e-05
7.921539947632909752e+06 8.161739637825652640e-05
8.266172551457234658e+06 8.145747162983810533e-05
8.625798658111047000e+06 8.130833546837302561e-05
9.001070571307353675e+06 8.117527730967586785e-05
9.392668973726961762e+06 8.107120111172744724e-05
9.801304161666996777e+06 8.097329910956696096e-05
1.022771733340373263e+07 8.088893953469528477e-05
1.067268193360666372e+07 8.081621527023354415e-05
1.113700505624227971e+07 8.074736201516726484e-05
1.162152890851223655e+07 8.068524843686810072e-05
1.212713233848131076e+07 8.062609743197367296e-05
1.265473242916593328e+07 8.057349010881529672e-05
1.320528616197475046e+07 8.052630264944388497e-05
1.377979215251847915e+07 8.048567840729034528e-05
1.437929246193742193e+07 8.044577965387236644e-05
1.500487448703214899e+07 8.040794165891740428e-05
1.565767293262583762e+07 8.037206113118046261e-05
1.633887186973565444e+07 8.033837688796372477e-05
1.704970688328647614e+07 8.030375832652434384e-05
1.779146731326251104e+07 8.026967419083065863e-05
1.856549859336193278e+07 8.023686922907453728e-05
1.937320469139645249e+07 8.020180736244881430e-05
2.021605065586232394e+07 8.016598319655284823e-05
2.109556527330185100e+07 8.012848278314508850e-05
